-0.0400  0.992411
-0.0399  0.991315
-0.0398  0.990102
-0.0397  0.988765
-0.0396  0.987151
-0.0395  0.984946
-0.0394  0.982392
-0.0393  0.981516
-0.0392  0.980507
-0.0391  0.979424
-0.0390  0.978146
-0.0389  0.976578
-0.0388  0.974050
-0.0387  0.972931
-0.0386  0.972210
-0.0385  0.971391
-0.0384  0.970468
-0.0383  0.969389
-0.0382  0.968029
-0.0381  0.965804
-0.0380  0.964958
-0.0379  0.964299
-0.0378  0.963580
-0.0377  0.962765
-0.0376  0.961830
-0.0375  0.960724
-0.0374  0.959131
-0.0373  0.957728
-0.0372  0.957179
-0.0371  0.956569
-0.0370  0.956013
-0.0369  0.955400
-0.0368  0.954595
-0.0367  0.953603
-0.0366  0.951804
-0.0365  0.951185
-0.0364  0.950754
-0.0363  0.950279
-0.0362  0.949751
-0.0361  0.949164
-0.0360  0.948473
-0.0359  0.947643
-0.0358  0.946399
-0.0357  0.945377
-0.0356  0.944995
-0.0355  0.944653
-0.0354  0.944264
-0.0353  0.943822
-0.0352  0.943290
-0.0351  0.942657
-0.0350  0.941858
-0.0349  0.940439
-0.0348  0.940142
-0.0347  0.939816
-0.0346  0.939464
-0.0345  0.939071
-0.0344  0.938631
-0.0343  0.938191
-0.0342  0.937635
-0.0341  0.936919
-0.0340  0.935742
-0.0339  0.935505
-0.0338  0.935266
-0.0337  0.935021
-0.0336  0.934730
-0.0335  0.934398
-0.0334  0.934013
-0.0333  0.933554
-0.0332  0.932977
-0.0331  0.931851
-0.0330  0.931572
-0.0329  0.931348
-0.0328  0.931111
-0.0327  0.930845
-0.0326  0.930546
-0.0325  0.930230
-0.0324  0.929942
-0.0323  0.929572
-0.0322  0.929021
-0.0321  0.928176
-0.0320  0.928030
-0.0319  0.927847
-0.0318  0.927640
-0.0317  0.927449
-0.0316  0.927236
-0.0315  0.926961
-0.0314  0.926638
-0.0313  0.926238
-0.0312  0.925683
-0.0311  0.924935
-0.0310  0.924724
-0.0309  0.924657
-0.0308  0.924565
-0.0307  0.924433
-0.0306  0.924262
-0.0305  0.924057
-0.0304  0.923808
-0.0303  0.923500
-0.0302  0.923073
-0.0301  0.922368
-0.0300  0.922276
-0.0299  0.922156
-0.0298  0.922013
-0.0297  0.921857
-0.0296  0.921678
-0.0295  0.921473
-0.0294  0.921318
-0.0293  0.921118
-0.0292  0.920831
-0.0291  0.920263
-0.0290  0.920066
-0.0289  0.920005
-0.0288  0.919929
-0.0287  0.919826
-0.0286  0.919694
-0.0285  0.919547
-0.0284  0.919377
-0.0283  0.919165
-0.0282  0.918880
-0.0281  0.918530
-0.0280  0.917959
-0.0279  0.917981
-0.0278  0.917973
-0.0277  0.917944
-0.0276  0.917886
-0.0275  0.917804
-0.0274  0.917698
-0.0273  0.917565
-0.0272  0.917398
-0.0271  0.917184
-0.0270  0.916869
-0.0269  0.916412
-0.0268  0.916352
-0.0267  0.916284
-0.0266  0.916206
-0.0265  0.916116
-0.0264  0.916136
-0.0263  0.916151
-0.0262  0.916102
-0.0261  0.916009
-0.0260  0.915862
-0.0259  0.915637
-0.0258  0.915250
-0.0257  0.915212
-0.0256  0.915154
-0.0255  0.915086
-0.0254  0.914989
-0.0253  0.914876
-0.0252  0.914799
-0.0251  0.914700
-0.0250  0.914576
-0.0249  0.914517
-0.0248  0.914377
-0.0247  0.914033
-0.0246  0.914052
-0.0245  0.914053
-0.0244  0.914045
-0.0243  0.914022
-0.0242  0.913986
-0.0241  0.913939
-0.0240  0.913873
-0.0239  0.913792
-0.0238  0.913679
-0.0237  0.913562
-0.0236  0.913237
-0.0235  0.913143
-0.0234  0.913248
-0.0233  0.913321
-0.0232  0.913352
-0.0231  0.913362
-0.0230  0.913345
-0.0229  0.913309
-0.0228  0.913253
-0.0227  0.913170
-0.0226  0.913042
-0.0225  0.912814
-0.0224  0.912532
-0.0223  0.912536
-0.0222  0.912533
-0.0221  0.912524
-0.0220  0.912576
-0.0219  0.912637
-0.0218  0.912728
-0.0217  0.912739
-0.0216  0.912718
-0.0215  0.912664
-0.0214  0.912566
-0.0213  0.912316
-0.0212  0.912258
-0.0211  0.912289
-0.0210  0.912348
-0.0209  0.912368
-0.0208  0.912372
-0.0207  0.912366
-0.0206  0.912348
-0.0205  0.912441
-0.0204  0.912485
-0.0203  0.912490
-0.0202  0.912424
-0.0201  0.912222
-0.0200  0.912270
-0.0199  0.912302
-0.0198  0.912332
-0.0197  0.912335
-0.0196  0.912295
-0.0195  0.912278
-0.0194  0.912267
-0.0193  0.912243
-0.0192  0.912205
-0.0191  0.912225
-0.0190  0.912181
-0.0189  0.912143
-0.0188  0.912234
-0.0187  0.912304
-0.0186  0.912361
-0.0185  0.912406
-0.0184  0.912492
-0.0183  0.912542
-0.0182  0.912578
-0.0181  0.912599
-0.0180  0.912591
-0.0179  0.912555
-0.0178  0.912447
-0.0177  0.912414
-0.0176  0.912565
-0.0175  0.912725
-0.0174  0.912825
-0.0173  0.912897
-0.0172  0.912950
-0.0171  0.912992
-0.0170  0.913018
-0.0169  0.913023
-0.0168  0.912986
-0.0167  0.912923
-0.0166  0.912795
-0.0165  0.912764
-0.0164  0.912815
-0.0163  0.912893
-0.0162  0.913080
-0.0161  0.913257
-0.0160  0.913383
-0.0159  0.913484
-0.0158  0.913578
-0.0157  0.913687
-0.0156  0.913758
-0.0155  0.913774
-0.0154  0.913695
-0.0153  0.913703
-0.0152  0.913779
-0.0151  0.913847
-0.0150  0.913905
-0.0149  0.914035
-0.0148  0.914203
-0.0147  0.914392
-0.0146  0.914522
-0.0145  0.914617
-0.0144  0.914688
-0.0143  0.914725
-0.0142  0.914660
-0.0141  0.914668
-0.0140  0.914745
-0.0139  0.914802
-0.0138  0.914863
-0.0137  0.914939
-0.0136  0.915003
-0.0135  0.915211
-0.0134  0.915365
-0.0133  0.915579
-0.0132  0.915712
-0.0131  0.915792
-0.0130  0.915858
-0.0129  0.915930
-0.0128  0.916079
-0.0127  0.916212
-0.0126  0.916325
-0.0125  0.916428
-0.0124  0.916524
-0.0123  0.916617
-0.0122  0.916744
-0.0121  0.917010
-0.0120  0.917244
-0.0119  0.917417
-0.0118  0.917517
-0.0117  0.917571
-0.0116  0.917718
-0.0115  0.917852
-0.0114  0.917978
-0.0113  0.918095
-0.0112  0.918201
-0.0111  0.918279
-0.0110  0.918331
-0.0109  0.918396
-0.0108  0.918715
-0.0107  0.918950
-0.0106  0.919136
-0.0105  0.919228
-0.0104  0.919461
-0.0103  0.919711
-0.0102  0.919919
-0.0101  0.920107
-0.0100  0.920283
-0.0099  0.920454
-0.0098  0.920624
-0.0097  0.920754
-0.0096  0.920884
-0.0095  0.921240
-0.0094  0.921503
-0.0093  0.921658
-0.0092  0.921924
-0.0091  0.922161
-0.0090  0.922379
-0.0089  0.922582
-0.0088  0.922773
-0.0087  0.922952
-0.0086  0.923119
-0.0085  0.923273
-0.0084  0.923404
-0.0083  0.923688
-0.0082  0.923978
-0.0081  0.924231
-0.0080  0.924491
-0.0079  0.924816
-0.0078  0.925103
-0.0077  0.925415
-0.0076  0.925684
-0.0075  0.925937
-0.0074  0.926181
-0.0073  0.926400
-0.0072  0.926601
-0.0071  0.926820
-0.0070  0.927310
-0.0069  0.927671
-0.0068  0.928003
-0.0067  0.928380
-0.0066  0.928717
-0.0065  0.929034
-0.0064  0.929333
-0.0063  0.929618
-0.0062  0.929896
-0.0061  0.930161
-0.0060  0.930413
-0.0059  0.930702
-0.0058  0.931265
-0.0057  0.931705
-0.0056  0.932047
-0.0055  0.932468
-0.0054  0.932847
-0.0053  0.933188
-0.0052  0.933497
-0.0051  0.933821
-0.0050  0.934199
-0.0049  0.934570
-0.0048  0.934894
-0.0047  0.935478
-0.0046  0.936040
-0.0045  0.936662
-0.0044  0.937123
-0.0043  0.937578
-0.0042  0.938065
-0.0041  0.938527
-0.0040  0.938982
-0.0039  0.939411
-0.0038  0.939812
-0.0037  0.940202
-0.0036  0.940794
-0.0035  0.941515
-0.0034  0.942228
-0.0033  0.942875
-0.0032  0.943398
-0.0031  0.943847
-0.0030  0.944388
-0.0029  0.944915
-0.0028  0.945420
-0.0027  0.945906
-0.0026  0.946372
-0.0025  0.947238
-0.0024  0.948018
-0.0023  0.948977
-0.0022  0.949751
-0.0021  0.950486
-0.0020  0.951178
-0.0019  0.951734
-0.0018  0.952345
-0.0017  0.952990
-0.0016  0.953611
-0.0015  0.954551
-0.0014  0.955635
-0.0013  0.956731
-0.0012  0.957749
-0.0011  0.958655
-0.0010  0.959496
-0.0009  0.960298
-0.0008  0.961066
-0.0007  0.961783
-0.0006  0.962448
-0.0005  0.963852
-0.0004  0.965073
-0.0003  0.966498
-0.0002  0.967721
-0.0001  0.968860
 0.0000  0.969914
 0.0001  0.970930
 0.0002  0.971911
 0.0003  0.972875
 0.0004  0.974550
 0.0005  0.976088
 0.0006  0.977703
 0.0007  0.979244
 0.0008  0.980721
 0.0009  0.982142
 0.0010  0.983509
 0.0011  0.984845
 0.0012  0.986340
 0.0013  0.988806
 0.0014  0.990844
 0.0015  0.993120
 0.0016  0.995082
 0.0017  0.996940
 0.0018  0.998730
 0.0019  1.000399
 0.0020  1.003117
 0.0021  1.006004
 0.0022  1.008986
 0.0023  1.011889
 0.0024  1.014545
 0.0025  1.017116
 0.0026  1.019626
 0.0027  1.023691
 0.0028  1.027652
 0.0029  1.031925
 0.0030  1.036049
 0.0031  1.039931
 0.0032  1.043676
 0.0033  1.050059
 0.0034  1.056128
 0.0035  1.062884
 0.0036  1.069481
 0.0037  1.075894
 0.0038  1.087240
 0.0039  1.097811
 0.0040  1.110394
 0.0041  1.122955
 0.0042  1.151078
 0.0043  1.177231
 0.0044  1.283446
 0.0045  1.219563
 0.0046  1.226976
 0.0047  1.183237
 0.0048  1.142747
 0.0049  1.122572
 0.0050  1.100912
 0.0051  1.091711
 0.0052  1.075353
 0.0053  1.069089
 0.0054  1.060028
 0.0055  1.050330
 0.0056  1.045626
 0.0057  1.038109
 0.0058  1.030597
 0.0059  1.026834
 0.0060  1.021355
 0.0061  1.016806
 0.0062  1.011042
 0.0063  1.007627
 0.0064  1.003117
 0.0065  0.999546
 0.0066  0.994535
 0.0067  0.991635
 0.0068  0.987943
 0.0069  0.985078
 0.0070  0.981609
 0.0071  0.977859
 0.0072  0.975317
 0.0073  0.972339
 0.0074  0.970052
 0.0075  0.967116
 0.0076  0.963765
 0.0077  0.961483
 0.0078  0.958893
 0.0079  0.956831
 0.0080  0.954523
 0.0081  0.951032
 0.0082  0.949082
 0.0083  0.946568
 0.0084  0.944911
 0.0085  0.943117
 0.0086  0.941079
 0.0087  0.938132
 0.0088  0.936445
 0.0089  0.934360
 0.0090  0.932715
 0.0091  0.931131
 0.0092  0.929313
 0.0093  0.927215
 0.0094  0.924829
 0.0095  0.923121
 0.0096  0.921306
 0.0097  0.919958
 0.0098  0.918462
 0.0099  0.916920
 0.0100  0.915029
 0.0101  0.912928
 0.0102  0.911436
 0.0103  0.909833
 0.0104  0.908562
 0.0105  0.907222
 0.0106  0.905790
 0.0107  0.904181
 0.0108  0.901854
 0.0109  0.900596
 0.0110  0.899018
 0.0111  0.897940
 0.0112  0.896862
 0.0113  0.895666
 0.0114  0.894362
 0.0115  0.892884
 0.0116  0.890904
 0.0117  0.889706
 0.0118  0.888235
 0.0119  0.887160
 0.0120  0.886034
 0.0121  0.884785
 0.0122  0.883589
 0.0123  0.882264
 0.0124  0.880775
 0.0125  0.879253
 0.0126  0.878076
 0.0127  0.876901
 0.0128  0.875933
 0.0129  0.874916
 0.0130  0.873872
 0.0131  0.872745
 0.0132  0.871544
 0.0133  0.870106
 0.0134  0.868553
 0.0135  0.867477
 0.0136  0.866363
 0.0137  0.865454
 0.0138  0.864588
 0.0139  0.863647
 0.0140  0.862641
 0.0141  0.861603
 0.0142  0.860424
 0.0143  0.858853
 0.0144  0.857881
 0.0145  0.856710
 0.0146  0.855812
 0.0147  0.854876
 0.0148  0.854002
 0.0149  0.853097
 0.0150  0.852153
 0.0151  0.851107
 0.0152  0.849949
 0.0153  0.848476
 0.0154  0.847573
 0.0155  0.846486
 0.0156  0.845679
 0.0157  0.844853
 0.0158  0.843987
 0.0159  0.843086
 0.0160  0.842132
 0.0161  0.841222
 0.0162  0.840254
 0.0163  0.839179
 0.0164  0.837941
 0.0165  0.837119
 0.0166  0.836232
 0.0167  0.835507
 0.0168  0.834739
 0.0169  0.833954
 0.0170  0.833131
 0.0171  0.832271
 0.0172  0.831361
 0.0173  0.830367
 0.0174  0.829369
 0.0175  0.828145
 0.0176  0.827318
 0.0177  0.826403
 0.0178  0.825680
 0.0179  0.824946
 0.0180  0.824172
 0.0181  0.823360
 0.0182  0.822549
 0.0183  0.821737
 0.0184  0.820885
 0.0185  0.819962
 0.0186  0.818899
 0.0187  0.817842
 0.0188  0.817037
 0.0189  0.816228
 0.0190  0.815548
 0.0191  0.814896
 0.0192  0.814225
 0.0193  0.813526
 0.0194  0.812811
 0.0195  0.812061
 0.0196  0.811279
 0.0197  0.810419
 0.0198  0.809473
 0.0199  0.808321
 0.0200  0.807588
 0.0201  0.806793
 0.0202  0.806161
 0.0203  0.805525
 0.0204  0.804854
 0.0205  0.804166
 0.0206  0.803455
 0.0207  0.802715
 0.0208  0.801955
 0.0209  0.801152
 0.0210  0.800294
 0.0211  0.799328
 0.0212  0.798252
 0.0213  0.797541
 0.0214  0.796800
 0.0215  0.796184
 0.0216  0.795555
 0.0217  0.794920
 0.0218  0.794320
 0.0219  0.793717
 0.0220  0.793080
 0.0221  0.792403
 0.0222  0.791692
 0.0223  0.790932
 0.0224  0.790115
 0.0225  0.789029
 0.0226  0.788354
 0.0227  0.787595
 0.0228  0.787003
 0.0229  0.786406
 0.0230  0.785801
 0.0231  0.785177
 0.0232  0.784542
 0.0233  0.783892
 0.0234  0.783221
 0.0235  0.782542
 0.0236  0.781827
 0.0237  0.781083
 0.0238  0.780229
 0.0239  0.779224
 0.0240  0.778538
 0.0241  0.777786
 0.0242  0.777213
 0.0243  0.776638
 0.0244  0.776048
 0.0245  0.775534
 0.0246  0.774954
 0.0247  0.774360
 0.0248  0.773755
 0.0249  0.773130
 0.0250  0.772456
 0.0251  0.771745
 0.0252  0.771033
 0.0253  0.770297
 0.0254  0.769456
 0.0255  0.768833
 0.0256  0.768198
 0.0257  0.767647
 0.0258  0.767077
 0.0259  0.766497
 0.0260  0.765911
 0.0261  0.765311
 0.0262  0.764702
 0.0263  0.764072
 0.0264  0.763394
 0.0265  0.762729
 0.0266  0.762074
 0.0267  0.761407
 0.0268  0.760674
 0.0269  0.759786
 0.0270  0.759133
 0.0271  0.758515
 0.0272  0.758041
 0.0273  0.757557
 0.0274  0.757019
 0.0275  0.756465
 0.0276  0.755899
 0.0277  0.755295
 0.0278  0.754698
 0.0279  0.754143
 0.0280  0.753572
 0.0281  0.752976
 0.0282  0.752369
 0.0283  0.751718
 0.0284  0.751016
 0.0285  0.750248
 0.0286  0.749643
 0.0287  0.749038
 0.0288  0.748504
 0.0289  0.747961
 0.0290  0.747395
 0.0291  0.746796
 0.0292  0.746253
 0.0293  0.745703
 0.0294  0.745144
 0.0295  0.744578
 0.0296  0.743996
 0.0297  0.743390
 0.0298  0.742828
 0.0299  0.742204
 0.0300  0.741555
 0.0301  0.740782
 0.0302  0.740226
 0.0303  0.739603
 0.0304  0.739049
 0.0305  0.738556
 0.0306  0.738067
 0.0307  0.737577
 0.0308  0.737078
 0.0309  0.736560
 0.0310  0.736038
 0.0311  0.735508
 0.0312  0.734958
 0.0313  0.734400
 0.0314  0.733824
 0.0315  0.733237
 0.0316  0.732609
 0.0317  0.731925
 0.0318  0.731155
 0.0319  0.730606
 0.0320  0.730037
 0.0321  0.729546
 0.0322  0.729051
 0.0323  0.728547
 0.0324  0.728062
 0.0325  0.727594
 0.0326  0.727111
 0.0327  0.726586
 0.0328  0.726027
 0.0329  0.725451
 0.0330  0.724896
 0.0331  0.724344
 0.0332  0.723826
 0.0333  0.723281
 0.0334  0.722703
 0.0335  0.722055
 0.0336  0.721437
 0.0337  0.720857
 0.0338  0.720385
 0.0339  0.719908
 0.0340  0.719427
 0.0341  0.718941
 0.0342  0.718435
 0.0343  0.717912
 0.0344  0.717362
 0.0345  0.716868
 0.0346  0.716370
 0.0347  0.715864
 0.0348  0.715345
 0.0349  0.714816
 0.0350  0.714269
 0.0351  0.713803
 0.0352  0.713251
 0.0353  0.712645
 0.0354  0.712030
 0.0355  0.711466
 0.0356  0.710969
 0.0357  0.710433
 0.0358  0.709925
 0.0359  0.709455
 0.0360  0.708995
 0.0361  0.708533
 0.0362  0.708065
 0.0363  0.707594
 0.0364  0.707119
 0.0365  0.706630
 0.0366  0.706133
 0.0367  0.705624
 0.0368  0.705106
 0.0369  0.704571
 0.0370  0.704005
 0.0371  0.703414
 0.0372  0.702749
 0.0373  0.702259
 0.0374  0.701741
 0.0375  0.701286
 0.0376  0.700826
 0.0377  0.700404
 0.0378  0.699998
 0.0379  0.699576
 0.0380  0.699118
 0.0381  0.698653
 0.0382  0.698170
 0.0383  0.697666
 0.0384  0.697144
 0.0385  0.696667
 0.0386  0.696185
 0.0387  0.695669
 0.0388  0.695128
 0.0389  0.694627
 0.0390  0.694109
 0.0391  0.693488
 0.0392  0.692971
 0.0393  0.692452
 0.0394  0.692005
 0.0395  0.691553
 0.0396  0.691093
 0.0397  0.690615
 0.0398  0.690157
 0.0399  0.689714
 0.0400  0.689265
