-0.0400  1.184139
-0.0399  1.190694
-0.0398  1.197238
-0.0397  1.205282
-0.0396  1.214838
-0.0395  1.223890
-0.0394  1.232656
-0.0393  1.241456
-0.0392  1.251555
-0.0391  1.264340
-0.0390  1.277163
-0.0389  1.289599
-0.0388  1.302310
-0.0387  1.318792
-0.0386  1.337666
-0.0385  1.356765
-0.0384  1.376805
-0.0383  1.401331
-0.0382  1.432126
-0.0381  1.465682
-0.0380  1.503091
-0.0379  1.557997
-0.0378  1.629833
-0.0377  1.727500
-0.0376  1.923835
-0.0375  2.937987
-0.0374  1.952451
-0.0373  1.483181
-0.0372  1.360905
-0.0371  1.294007
-0.0370  1.263668
-0.0369  1.230796
-0.0368  1.200492
-0.0367  1.181787
-0.0366  1.163461
-0.0365  1.149642
-0.0364  1.134524
-0.0363  1.123747
-0.0362  1.114193
-0.0361  1.102934
-0.0360  1.095745
-0.0359  1.086993
-0.0358  1.078178
-0.0357  1.073608
-0.0356  1.067454
-0.0355  1.059972
-0.0354  1.055337
-0.0353  1.051291
-0.0352  1.045251
-0.0351  1.039413
-0.0350  1.036629
-0.0349  1.033346
-0.0348  1.028870
-0.0347  1.023603
-0.0346  1.021030
-0.0345  1.018566
-0.0344  1.015524
-0.0343  1.010451
-0.0342  1.007605
-0.0341  1.005792
-0.0340  1.003775
-0.0339  1.001347
-0.0338  0.997699
-0.0337  0.994541
-0.0336  0.993122
-0.0335  0.991498
-0.0334  0.989704
-0.0333  0.987404
-0.0332  0.983966
-0.0331  0.982156
-0.0330  0.980974
-0.0329  0.979612
-0.0328  0.978050
-0.0327  0.976161
-0.0326  0.973053
-0.0325  0.971432
-0.0324  0.970508
-0.0323  0.969454
-0.0322  0.968253
-0.0321  0.966845
-0.0320  0.965049
-0.0319  0.962560
-0.0318  0.961571
-0.0317  0.960747
-0.0316  0.959835
-0.0315  0.958806
-0.0314  0.957611
-0.0313  0.956115
-0.0312  0.953894
-0.0311  0.952950
-0.0310  0.952279
-0.0309  0.951582
-0.0308  0.950814
-0.0307  0.949971
-0.0306  0.948890
-0.0305  0.947346
-0.0304  0.945751
-0.0303  0.945231
-0.0302  0.944654
-0.0301  0.944026
-0.0300  0.943316
-0.0299  0.942507
-0.0298  0.941532
-0.0297  0.940174
-0.0296  0.938701
-0.0295  0.938207
-0.0294  0.937691
-0.0293  0.937243
-0.0292  0.936722
-0.0291  0.936109
-0.0290  0.935384
-0.0289  0.934464
-0.0288  0.932945
-0.0287  0.932412
-0.0286  0.932028
-0.0285  0.931611
-0.0284  0.931150
-0.0283  0.930635
-0.0282  0.930057
-0.0281  0.929418
-0.0280  0.928569
-0.0279  0.927192
-0.0278  0.926900
-0.0277  0.926643
-0.0276  0.926341
-0.0275  0.925985
-0.0274  0.925582
-0.0273  0.925115
-0.0272  0.924566
-0.0271  0.923879
-0.0270  0.922661
-0.0269  0.922189
-0.0268  0.921911
-0.0267  0.921594
-0.0266  0.921252
-0.0265  0.920912
-0.0264  0.920520
-0.0263  0.920081
-0.0262  0.919632
-0.0261  0.919008
-0.0260  0.917990
-0.0259  0.917799
-0.0258  0.917586
-0.0257  0.917351
-0.0256  0.917083
-0.0255  0.916793
-0.0254  0.916510
-0.0253  0.916161
-0.0252  0.915715
-0.0251  0.915113
-0.0250  0.914215
-0.0249  0.914039
-0.0248  0.913844
-0.0247  0.913711
-0.0246  0.913556
-0.0245  0.913355
-0.0244  0.913099
-0.0243  0.912791
-0.0242  0.912412
-0.0241  0.911921
-0.0240  0.911038
-0.0239  0.910801
-0.0238  0.910603
-0.0237  0.910433
-0.0236  0.910246
-0.0235  0.910042
-0.0234  0.909814
-0.0233  0.909551
-0.0232  0.909306
-0.0231  0.909004
-0.0230  0.908531
-0.0229  0.907963
-0.0228  0.907864
-0.0227  0.907807
-0.0226  0.907703
-0.0225  0.907585
-0.0224  0.907420
-0.0223  0.907229
-0.0222  0.907009
-0.0221  0.906743
-0.0220  0.906407
-0.0219  0.905853
-0.0218  0.905443
-0.0217  0.905371
-0.0216  0.905319
-0.0215  0.905252
-0.0214  0.905145
-0.0213  0.905009
-0.0212  0.904836
-0.0211  0.904634
-0.0210  0.904380
-0.0209  0.904067
-0.0208  0.903613
-0.0207  0.903243
-0.0206  0.903164
-0.0205  0.903077
-0.0204  0.902983
-0.0203  0.902862
-0.0202  0.902766
-0.0201  0.902717
-0.0200  0.902679
-0.0199  0.902540
-0.0198  0.902344
-0.0197  0.902029
-0.0196  0.901607
-0.0195  0.901557
-0.0194  0.901494
-0.0193  0.901422
-0.0192  0.901338
-0.0191  0.901241
-0.0190  0.901127
-0.0189  0.900995
-0.0188  0.900834
-0.0187  0.900676
-0.0186  0.900487
-0.0185  0.900032
-0.0184  0.900030
-0.0183  0.899989
-0.0182  0.899907
-0.0181  0.899817
-0.0180  0.899754
-0.0179  0.899678
-0.0178  0.899586
-0.0177  0.899474
-0.0176  0.899333
-0.0175  0.899151
-0.0174  0.898931
-0.0173  0.898589
-0.0172  0.898629
-0.0171  0.898678
-0.0170  0.898716
-0.0169  0.898716
-0.0168  0.898695
-0.0167  0.898657
-0.0166  0.898602
-0.0165  0.898524
-0.0164  0.898422
-0.0163  0.898277
-0.0162  0.897982
-0.0161  0.897756
-0.0160  0.897720
-0.0159  0.897677
-0.0158  0.897626
-0.0157  0.897658
-0.0156  0.897678
-0.0155  0.897665
-0.0154  0.897615
-0.0153  0.897529
-0.0152  0.897416
-0.0151  0.897289
-0.0150  0.897004
-0.0149  0.896894
-0.0148  0.896891
-0.0147  0.896930
-0.0146  0.896945
-0.0145  0.896935
-0.0144  0.896917
-0.0143  0.896900
-0.0142  0.896976
-0.0141  0.897011
-0.0140  0.896990
-0.0139  0.896908
-0.0138  0.896672
-0.0137  0.896601
-0.0136  0.896617
-0.0135  0.896624
-0.0134  0.896621
-0.0133  0.896607
-0.0132  0.896585
-0.0131  0.896554
-0.0130  0.896506
-0.0129  0.896441
-0.0128  0.896447
-0.0127  0.896430
-0.0126  0.896308
-0.0125  0.896190
-0.0124  0.896206
-0.0123  0.896255
-0.0122  0.896293
-0.0121  0.896309
-0.0120  0.896377
-0.0119  0.896398
-0.0118  0.896409
-0.0117  0.896395
-0.0116  0.896358
-0.0115  0.896291
-0.0114  0.896191
-0.0113  0.896147
-0.0112  0.896293
-0.0111  0.896386
-0.0110  0.896453
-0.0109  0.896508
-0.0108  0.896550
-0.0107  0.896580
-0.0106  0.896596
-0.0105  0.896597
-0.0104  0.896582
-0.0103  0.896550
-0.0102  0.896471
-0.0101  0.896262
-0.0100  0.896286
-0.0099  0.896443
-0.0098  0.896570
-0.0097  0.896654
-0.0096  0.896697
-0.0095  0.896725
-0.0094  0.896794
-0.0093  0.896885
-0.0092  0.896929
-0.0091  0.896946
-0.0090  0.896928
-0.0089  0.896784
-0.0088  0.896801
-0.0087  0.896856
-0.0086  0.896922
-0.0085  0.897131
-0.0084  0.897317
-0.0083  0.897456
-0.0082  0.897574
-0.0081  0.897647
-0.0080  0.897702
-0.0079  0.897735
-0.0078  0.897742
-0.0077  0.897701
-0.0076  0.897600
-0.0075  0.897665
-0.0074  0.897724
-0.0073  0.897772
-0.0072  0.897899
-0.0071  0.898062
-0.0070  0.898260
-0.0069  0.898378
-0.0068  0.898448
-0.0067  0.898520
-0.0066  0.898614
-0.0065  0.898674
-0.0064  0.898586
-0.0063  0.898707
-0.0062  0.898827
-0.0061  0.898919
-0.0060  0.899007
-0.0059  0.899089
-0.0058  0.899344
-0.0057  0.899563
-0.0056  0.899754
-0.0055  0.899904
-0.0054  0.900019
-0.0053  0.900109
-0.0052  0.900150
-0.0051  0.900124
-0.0050  0.900249
-0.0049  0.900365
-0.0048  0.900468
-0.0047  0.900564
-0.0046  0.900656
-0.0045  0.900889
-0.0044  0.901102
-0.0043  0.901381
-0.0042  0.901575
-0.0041  0.901693
-0.0040  0.901807
-0.0039  0.901860
-0.0038  0.901918
-0.0037  0.902088
-0.0036  0.902246
-0.0035  0.902395
-0.0034  0.902537
-0.0033  0.902669
-0.0032  0.902961
-0.0031  0.903225
-0.0030  0.903561
-0.0029  0.903796
-0.0028  0.903983
-0.0027  0.904134
-0.0026  0.904169
-0.0025  0.904367
-0.0024  0.904555
-0.0023  0.904736
-0.0022  0.904915
-0.0021  0.905068
-0.0020  0.905215
-0.0019  0.905608
-0.0018  0.905954
-0.0017  0.906272
-0.0016  0.906519
-0.0015  0.906723
-0.0014  0.906876
-0.0013  0.907001
-0.0012  0.907258
-0.0011  0.907481
-0.0010  0.907669
-0.0009  0.907852
-0.0008  0.908059
-0.0007  0.908461
-0.0006  0.908852
-0.0005  0.909326
-0.0004  0.909675
-0.0003  0.909991
-0.0002  0.910261
-0.0001  0.910460
 0.0000  0.910644
 0.0001  0.910915
 0.0002  0.911177
 0.0003  0.911431
 0.0004  0.911675
 0.0005  0.912135
 0.0006  0.912591
 0.0007  0.913130
 0.0008  0.913536
 0.0009  0.913899
 0.0010  0.914220
 0.0011  0.914513
 0.0012  0.914725
 0.0013  0.914993
 0.0014  0.915334
 0.0015  0.915696
 0.0016  0.916008
 0.0017  0.916690
 0.0018  0.917273
 0.0019  0.917825
 0.0020  0.918288
 0.0021  0.918736
 0.0022  0.919153
 0.0023  0.919539
 0.0024  0.919896
 0.0025  0.920143
 0.0026  0.920537
 0.0027  0.920923
 0.0028  0.921682
 0.0029  0.922306
 0.0030  0.923092
 0.0031  0.923708
 0.0032  0.924263
 0.0033  0.924783
 0.0034  0.925276
 0.0035  0.925751
 0.0036  0.926203
 0.0037  0.926633
 0.0038  0.926952
 0.0039  0.927961
 0.0040  0.928829
 0.0041  0.929685
 0.0042  0.930442
 0.0043  0.931122
 0.0044  0.931778
 0.0045  0.932394
 0.0046  0.932986
 0.0047  0.933540
 0.0048  0.934056
 0.0049  0.935164
 0.0050  0.936091
 0.0051  0.937105
 0.0052  0.938031
 0.0053  0.938895
 0.0054  0.939718
 0.0055  0.940513
 0.0056  0.941290
 0.0057  0.942043
 0.0058  0.942921
 0.0059  0.944367
 0.0060  0.945703
 0.0061  0.946919
 0.0062  0.947990
 0.0063  0.948987
 0.0064  0.949883
 0.0065  0.950872
 0.0066  0.951837
 0.0067  0.952964
 0.0068  0.954833
 0.0069  0.956592
 0.0070  0.958189
 0.0071  0.959628
 0.0072  0.960985
 0.0073  0.962289
 0.0074  0.963546
 0.0075  0.964770
 0.0076  0.967149
 0.0077  0.969081
 0.0078  0.971301
 0.0079  0.973244
 0.0080  0.975088
 0.0081  0.976865
 0.0082  0.978602
 0.0083  0.981138
 0.0084  0.984035
 0.0085  0.987110
 0.0086  0.989883
 0.0087  0.992469
 0.0088  0.994928
 0.0089  0.997333
 0.0090  1.001529
 0.0091  1.005355
 0.0092  1.009973
 0.0093  1.013936
 0.0094  1.017701
 0.0095  1.021413
 0.0096  1.028810
 0.0097  1.034947
 0.0098  1.041992
 0.0099  1.048256
 0.0100  1.057420
 0.0101  1.068561
 0.0102  1.080795
 0.0103  1.093090
 0.0104  1.120060
 0.0105  1.145557
 0.0106  1.262405
 0.0107  1.176964
 0.0108  1.229366
 0.0109  1.126038
 0.0110  1.100494
 0.0111  1.084306
 0.0112  1.067408
 0.0113  1.056853
 0.0114  1.047498
 0.0115  1.035843
 0.0116  1.030172
 0.0117  1.022731
 0.0118  1.016453
 0.0119  1.010347
 0.0120  1.004602
 0.0121  1.000505
 0.0122  0.994098
 0.0123  0.990804
 0.0124  0.986446
 0.0125  0.983214
 0.0126  0.978822
 0.0127  0.974982
 0.0128  0.971184
 0.0129  0.968594
 0.0130  0.965581
 0.0131  0.961281
 0.0132  0.958866
 0.0133  0.955907
 0.0134  0.953737
 0.0135  0.951218
 0.0136  0.948038
 0.0137  0.945306
 0.0138  0.942636
 0.0139  0.940788
 0.0140  0.938836
 0.0141  0.936489
 0.0142  0.933226
 0.0143  0.931355
 0.0144  0.929177
 0.0145  0.927604
 0.0146  0.925892
 0.0147  0.923957
 0.0148  0.921456
 0.0149  0.919393
 0.0150  0.917422
 0.0151  0.916078
 0.0152  0.914606
 0.0153  0.913013
 0.0154  0.911123
 0.0155  0.908594
 0.0156  0.907063
 0.0157  0.905399
 0.0158  0.904139
 0.0159  0.902795
 0.0160  0.901359
 0.0161  0.899752
 0.0162  0.897733
 0.0163  0.896044
 0.0164  0.894396
 0.0165  0.893229
 0.0166  0.892032
 0.0167  0.890749
 0.0168  0.889354
 0.0169  0.887781
 0.0170  0.885797
 0.0171  0.884596
 0.0172  0.883211
 0.0173  0.882166
 0.0174  0.881074
 0.0175  0.879905
 0.0176  0.878705
 0.0177  0.877405
 0.0178  0.875818
 0.0179  0.874389
 0.0180  0.873037
 0.0181  0.872053
 0.0182  0.870983
 0.0183  0.869968
 0.0184  0.868895
 0.0185  0.867749
 0.0186  0.866492
 0.0187  0.864778
 0.0188  0.863729
 0.0189  0.862552
 0.0190  0.861645
 0.0191  0.860693
 0.0192  0.859705
 0.0193  0.858620
 0.0194  0.857534
 0.0195  0.856291
 0.0196  0.854971
 0.0197  0.853684
 0.0198  0.852530
 0.0199  0.851701
 0.0200  0.850851
 0.0201  0.849977
 0.0202  0.849068
 0.0203  0.848128
 0.0204  0.847180
 0.0205  0.846129
 0.0206  0.844807
 0.0207  0.843690
 0.0208  0.842577
 0.0209  0.841794
 0.0210  0.841010
 0.0211  0.840198
 0.0212  0.839361
 0.0213  0.838484
 0.0214  0.837576
 0.0215  0.836585
 0.0216  0.835488
 0.0217  0.834211
 0.0218  0.833267
 0.0219  0.832384
 0.0220  0.831589
 0.0221  0.830738
 0.0222  0.829866
 0.0223  0.829045
 0.0224  0.828233
 0.0225  0.827376
 0.0226  0.826472
 0.0227  0.825437
 0.0228  0.824278
 0.0229  0.823373
 0.0230  0.822598
 0.0231  0.821927
 0.0232  0.821235
 0.0233  0.820480
 0.0234  0.819698
 0.0235  0.818871
 0.0236  0.818074
 0.0237  0.817254
 0.0238  0.816343
 0.0239  0.815137
 0.0240  0.814362
 0.0241  0.813515
 0.0242  0.812838
 0.0243  0.812153
 0.0244  0.811447
 0.0245  0.810733
 0.0246  0.809995
 0.0247  0.809198
 0.0248  0.808334
 0.0249  0.807498
 0.0250  0.806621
 0.0251  0.805456
 0.0252  0.804669
 0.0253  0.803867
 0.0254  0.803227
 0.0255  0.802570
 0.0256  0.801904
 0.0257  0.801228
 0.0258  0.800599
 0.0259  0.799906
 0.0260  0.799185
 0.0261  0.798421
 0.0262  0.797605
 0.0263  0.796757
 0.0264  0.795787
 0.0265  0.795047
 0.0266  0.794370
 0.0267  0.793758
 0.0268  0.793137
 0.0269  0.792502
 0.0270  0.791842
 0.0271  0.791169
 0.0272  0.790477
 0.0273  0.789757
 0.0274  0.789000
 0.0275  0.788174
 0.0276  0.787347
 0.0277  0.786394
 0.0278  0.785675
 0.0279  0.784974
 0.0280  0.784341
 0.0281  0.783716
 0.0282  0.783109
 0.0283  0.782482
 0.0284  0.781856
 0.0285  0.781259
 0.0286  0.780642
 0.0287  0.779960
 0.0288  0.779222
 0.0289  0.778487
 0.0290  0.777684
 0.0291  0.776870
 0.0292  0.776155
 0.0293  0.775595
 0.0294  0.775026
 0.0295  0.774446
 0.0296  0.773857
 0.0297  0.773260
 0.0298  0.772647
 0.0299  0.772021
 0.0300  0.771376
 0.0301  0.770690
 0.0302  0.769983
 0.0303  0.769291
 0.0304  0.768529
 0.0305  0.767670
 0.0306  0.766968
 0.0307  0.766363
 0.0308  0.765785
 0.0309  0.765181
 0.0310  0.764570
 0.0311  0.763992
 0.0312  0.763482
 0.0313  0.762909
 0.0314  0.762311
 0.0315  0.761671
 0.0316  0.761077
 0.0317  0.760457
 0.0318  0.759798
 0.0319  0.759058
 0.0320  0.758295
 0.0321  0.757627
 0.0322  0.757099
 0.0323  0.756567
 0.0324  0.756025
 0.0325  0.755469
 0.0326  0.754901
 0.0327  0.754321
 0.0328  0.753711
 0.0329  0.753112
 0.0330  0.752534
 0.0331  0.751931
 0.0332  0.751319
 0.0333  0.750667
 0.0334  0.749970
 0.0335  0.749156
 0.0336  0.748526
 0.0337  0.747914
 0.0338  0.747356
 0.0339  0.746843
 0.0340  0.746350
 0.0341  0.745810
 0.0342  0.745244
 0.0343  0.744726
 0.0344  0.744202
 0.0345  0.743668
 0.0346  0.743119
 0.0347  0.742553
 0.0348  0.741960
 0.0349  0.741345
 0.0350  0.740683
 0.0351  0.739907
 0.0352  0.739309
 0.0353  0.738763
 0.0354  0.738239
 0.0355  0.737687
 0.0356  0.737160
 0.0357  0.736649
 0.0358  0.736130
 0.0359  0.735603
 0.0360  0.735072
 0.0361  0.734529
 0.0362  0.733978
 0.0363  0.733406
 0.0364  0.732812
 0.0365  0.732193
 0.0366  0.731639
 0.0367  0.730875
 0.0368  0.730217
 0.0369  0.729630
 0.0370  0.729167
 0.0371  0.728693
 0.0372  0.728217
 0.0373  0.727734
 0.0374  0.727245
 0.0375  0.726751
 0.0376  0.726249
 0.0377  0.725738
 0.0378  0.725215
 0.0379  0.724678
 0.0380  0.724129
 0.0381  0.723562
 0.0382  0.722963
 0.0383  0.722359
 0.0384  0.721690
 0.0385  0.721074
 0.0386  0.720509
 0.0387  0.720034
 0.0388  0.719551
 0.0389  0.719058
 0.0390  0.718557
 0.0391  0.718054
 0.0392  0.717577
 0.0393  0.717119
 0.0394  0.716636
 0.0395  0.716105
 0.0396  0.715538
 0.0397  0.715005
 0.0398  0.714489
 0.0399  0.713978
 0.0400  0.713437
