 0.00  0.012559  0.000005
 0.04  0.014700  0.000008
 0.08  0.016592  0.000013
 0.12  0.018188  0.000020
 0.16  0.019497  0.000028
 0.20  0.020557  0.000038
 0.24  0.021418  0.000049
 0.28  0.022122  0.000061
 0.32  0.022702  0.000072
 0.36  0.023182  0.000084
 0.40  0.023581  0.000094
 0.44  0.023920  0.000104
 0.48  0.024222  0.000114
 0.52  0.024507  0.000125
 0.56  0.024793  0.000138
 0.60  0.025084  0.000152
 0.64  0.025377  0.000167
 0.68  0.025662  0.000181
 0.72  0.025929  0.000193
 0.76  0.026175  0.000204
 0.80  0.026406  0.000213
 0.84  0.026635  0.000224
 0.88  0.026873  0.000237
 0.92  0.027130  0.000252
 0.96  0.027403  0.000269
 1.00  0.027682  0.000285
 1.04  0.027952  0.000300
 1.08  0.028204  0.000311
 1.12  0.028436  0.000320
 1.16  0.028659  0.000330
 1.20  0.028887  0.000342
 1.24  0.029135  0.000359
 1.28  0.029405  0.000380
 1.32  0.029689  0.000402
 1.36  0.029973  0.000424
 1.40  0.030241  0.000442
 1.44  0.030487  0.000456
 1.48  0.030716  0.000468
 1.52  0.030942  0.000481
 1.56  0.031182  0.000500
 1.60  0.031447  0.000526
 1.64  0.031735  0.000556
 1.68  0.032031  0.000587
 1.72  0.032318  0.000615
 1.76  0.032580  0.000637
 1.80  0.032818  0.000655
 1.84  0.033044  0.000672
 1.88  0.033278  0.000694
 1.92  0.033537  0.000725
 1.96  0.033826  0.000764
 2.00  0.034136  0.000808
 2.04  0.034448  0.000851
 2.08  0.034741  0.000889
 2.12  0.035005  0.000920
 2.16  0.035244  0.000946
 2.20  0.035476  0.000975
 2.24  0.035724  0.001012
 2.28  0.036005  0.001061
 2.32  0.036318  0.001119
 2.36  0.036646  0.001180
 2.40  0.036967  0.001239
 2.44  0.037260  0.001289
 2.48  0.037522  0.001332
 2.52  0.037764  0.001374
 2.56  0.038010  0.001422
 2.60  0.038282  0.001483
 2.64  0.038590  0.001559
 2.68  0.038928  0.001644
 2.72  0.039275  0.001731
 2.76  0.039604  0.001812
 2.80  0.039900  0.001884
 2.84  0.040166  0.001951
 2.88  0.040422  0.002021
 2.92  0.040691  0.002103
 2.96  0.040992  0.002203
 3.00  0.041329  0.002317
 3.04  0.041686  0.002440
 3.08  0.042039  0.002562
 3.12  0.042366  0.002677
 3.16  0.042661  0.002785
 3.20  0.042932  0.002892
 3.24  0.043206  0.003010
 3.28  0.043505  0.003148
 3.32  0.043843  0.003307
 3.36  0.044210  0.003482
 3.40  0.044587  0.003663
 3.44  0.044948  0.003840
 3.48  0.045277  0.004010
 3.52  0.045576  0.004176
 3.56  0.045864  0.004349
 3.60  0.046164  0.004539
 3.64  0.046492  0.004753
 3.68  0.046850  0.004989
 3.72  0.047221  0.005234
 3.76  0.047580  0.005479
 3.80  0.047907  0.005712
 3.84  0.048204  0.005936
 3.88  0.048486  0.006159
 3.92  0.048781  0.006393
 3.96  0.049111  0.006648
 4.00  0.049483  0.006923
 4.04  0.049884  0.007211
 4.08  0.050286  0.007496
 4.12  0.050663  0.007767
 4.16  0.050999  0.008018
 4.20  0.051303  0.008256
 4.24  0.051599  0.008495
 4.28  0.051914  0.008747
 4.32  0.052266  0.009017
 4.36  0.052652  0.009300
 4.40  0.053051  0.009581
 4.44  0.053435  0.009845
 4.48  0.053786  0.010085
 4.52  0.054103  0.010303
 4.56  0.054405  0.010514
 4.60  0.054721  0.010736
 4.64  0.055071  0.010978
 4.68  0.055460  0.011237
 4.72  0.055871  0.011501
 4.76  0.056275  0.011751
 4.80  0.056650  0.011977
 4.84  0.056989  0.012179
 4.88  0.057306  0.012371
 4.92  0.057626  0.012572
 4.96  0.057974  0.012798
 5.00  0.058358  0.013048
 5.04  0.058768  0.013311
 5.08  0.059178  0.013565
 5.12  0.059564  0.013796
 5.16  0.059918  0.014002
 5.20  0.060248  0.014199
 5.24  0.060580  0.014407
 5.28  0.060937  0.014646
 5.32  0.061331  0.014918
 5.36  0.061751  0.015209
 5.40  0.062175  0.015496
 5.44  0.062579  0.015762
 5.48  0.062953  0.016002
 5.52  0.063305  0.016233
 5.56  0.063658  0.016481
 5.60  0.064036  0.016766
 5.64  0.064447  0.017093
 5.68  0.064884  0.017447
 5.72  0.065323  0.017803
 5.76  0.065744  0.018138
 5.80  0.066137  0.018452
 5.84  0.066513  0.018764
 5.88  0.066895  0.019104
 5.92  0.067304  0.019495
 5.96  0.067747  0.019942
 6.00  0.068213  0.020424
 6.04  0.068680  0.020912
 6.08  0.069128  0.021383
 6.12  0.069551  0.021837
 6.16  0.069964  0.022297
 6.20  0.070387  0.022797
 6.24  0.070842  0.023362
 6.28  0.071332  0.023994
 6.32  0.071846  0.024678
 6.36  0.072368  0.025399
 6.40  0.072893  0.026173
 6.44  0.073436  0.027067
 6.48  0.074037  0.028198
 6.52  0.074743  0.029714
 6.56  0.075595  0.031771
 6.60  0.076615  0.034500
 6.64  0.077798  0.038001
 6.68  0.079123  0.042346
 6.72  0.080565  0.047605
 6.76  0.082110  0.053874
 6.80  0.083753  0.061292
 6.84  0.085504  0.070060
 6.88  0.087371  0.080431
 6.92  0.089355  0.092694
 6.96  0.091448  0.107124
 7.00  0.093623  0.123905
 7.04  0.095830  0.143034
 7.08  0.097993  0.164212
 7.12  0.099999  0.186784
 7.16  0.101715  0.209758
 7.20  0.103012  0.231926
 7.24  0.103797  0.252067
 7.28  0.104046  0.269182
 7.32  0.103816  0.282670
 7.36  0.103234  0.292413
 7.40  0.102470  0.298750
 7.44  0.101703  0.302368
 7.48  0.101099  0.304174
 7.52  0.100802  0.305172
 7.56  0.100926  0.306360
 7.60  0.101552  0.308625
 7.64  0.102707  0.312615
 7.68  0.104346  0.318614
 7.72  0.106349  0.326451
 7.76  0.108532  0.335510
 7.80  0.110687  0.344857
 7.84  0.112626  0.353472
 7.88  0.114219  0.360500
 7.92  0.115405  0.365426
 7.96  0.116186  0.368140
 8.00  0.116602  0.368879
 8.04  0.116723  0.368106
 8.08  0.116640  0.366376
 8.12  0.116466  0.364234
 8.16  0.116328  0.362146
 8.20  0.116351  0.360458
 8.24  0.116636  0.359381
 8.28  0.117242  0.359000
 8.32  0.118184  0.359311
 8.36  0.119445  0.360268
 8.40  0.120996  0.361828
 8.44  0.122810  0.363980
 8.48  0.124873  0.366752
 8.52  0.127184  0.370201
 8.56  0.129753  0.374426
 8.60  0.132605  0.379573
 8.64  0.135764  0.385845
 8.68  0.139254  0.393500
 8.72  0.143079  0.402832
 8.76  0.147221  0.414134
 8.80  0.151627  0.427615
 8.84  0.156206  0.443287
 8.88  0.160811  0.460796
 8.92  0.165213  0.479271
 8.96  0.169095  0.497254
 9.00  0.172056  0.512788
 9.04  0.173673  0.523715
 9.08  0.173598  0.528127
 9.12  0.171673  0.524857
 9.16  0.168017  0.513827
 9.20  0.163049  0.496125
 9.24  0.157420  0.473770
 9.28  0.151880  0.449220
 9.32  0.147113  0.424811
 9.36  0.143592  0.402292
 9.40  0.141508  0.382602
 9.44  0.140773  0.365936
 9.48  0.141111  0.352000
 9.52  0.142161  0.340343
 9.56  0.143595  0.330622
 9.60  0.145187  0.322727
 9.64  0.146846  0.316783
 9.68  0.148594  0.313050
 9.72  0.150531  0.311797
 9.76  0.152778  0.313192
 9.80  0.155437  0.317233
 9.84  0.158567  0.323756
 9.88  0.162175  0.332496
 9.92  0.166216  0.343149
 9.96  0.170580  0.355408
10.00  0.175081  0.368915
10.04  0.179454  0.383212
10.08  0.183387  0.397733
10.12  0.186601  0.411898
10.16  0.188944  0.425259
10.20  0.190461  0.437602
10.24  0.191401  0.448926
10.28  0.192139  0.459316
10.32  0.193062  0.468795
10.36  0.194449  0.477255
10.40  0.196404  0.484493
10.44  0.198834  0.490287
10.48  0.201475  0.494436
10.52  0.203954  0.496734
10.56  0.205850  0.496901
10.60  0.206785  0.494554
10.64  0.206488  0.489225
10.68  0.204847  0.480439
10.72  0.201912  0.467792
10.76  0.197876  0.451066
10.80  0.193036  0.430357
10.84  0.187769  0.406248
10.88  0.182512  0.379900
10.92  0.177726  0.352994
10.96  0.173840  0.327432
11.00  0.171167  0.304903
11.04  0.169837  0.286463
11.08  0.169766  0.272333
11.12  0.170689  0.261958
11.16  0.172234  0.254302
11.20  0.174018  0.248198
11.24  0.175735  0.242666
11.28  0.177214  0.237083
11.32  0.178432  0.231231
11.36  0.179481  0.225216
11.40  0.180505  0.219329
11.44  0.181626  0.213896
11.48  0.182902  0.209164
11.52  0.184313  0.205265
11.56  0.185801  0.202238
11.60  0.187310  0.200080
11.64  0.188826  0.198785
11.68  0.190394  0.198368
11.72  0.192101  0.198854
11.76  0.194054  0.200265
11.80  0.196342  0.202598
11.84  0.199008  0.205796
11.88  0.202038  0.209739
11.92  0.205366  0.214248
11.96  0.208911  0.219126
12.00  0.212618  0.224222
12.04  0.216501  0.229495
12.08  0.220659  0.235048
12.12  0.225252  0.241104
12.16  0.230441  0.247930
12.20  0.236291  0.255710
12.24  0.242684  0.264398
12.28  0.249255  0.273607
12.32  0.255397  0.282562
12.36  0.260368  0.290196
12.40  0.263455  0.295374
12.44  0.264180  0.297183
12.48  0.262443  0.295194
12.52  0.258567  0.289586
12.56  0.253218  0.281092
12.60  0.247247  0.270797
12.64  0.241508  0.259883
12.68  0.236709  0.249388
12.72  0.233329  0.240061
12.76  0.231599  0.232307
12.80  0.231526  0.226201
12.84  0.232946  0.221552
12.88  0.235570  0.217983
12.92  0.239048  0.215018
12.96  0.243034  0.212190
13.00  0.247258  0.209159
13.04  0.251593  0.205801
13.08  0.256084  0.202256
13.12  0.260943  0.198898
13.16  0.266498  0.196231
13.20  0.273124  0.194763
13.24  0.281175  0.194875
13.28  0.290923  0.196727
13.32  0.302507  0.200196
13.36  0.315880  0.204856
13.40  0.330765  0.210027
13.44  0.346620  0.214881
13.48  0.362637  0.218619
13.52  0.377777  0.220649
13.56  0.390861  0.220704
13.60  0.400709  0.218861
13.64  0.406337  0.215438
13.68  0.407163  0.210847
13.72  0.403155  0.205448
13.76  0.394863  0.199471
13.80  0.383303  0.193036
13.84  0.369737  0.186231
13.88  0.355415  0.179205
13.92  0.341377  0.172227
13.96  0.328357  0.165677
14.00  0.316767  0.159969
14.04  0.306756  0.155446
14.08  0.298270  0.152294
14.12  0.291128  0.150506
14.16  0.285076  0.149899
14.20  0.279840  0.150174
14.24  0.275168  0.150983
14.28  0.270867  0.152007
14.32  0.266823  0.153010
14.36  0.263007  0.153879
14.40  0.259446  0.154635
14.44  0.256175  0.155427
14.48  0.253176  0.156500
14.52  0.250314  0.158157
14.56  0.247291  0.160720
14.60  0.243649  0.164509
14.64  0.238829  0.169816
14.68  0.232303  0.176894
14.72  0.223742  0.185899
14.76  0.213168  0.196814
14.80  0.201021  0.209327
14.84  0.188090  0.222740
14.88  0.175329  0.235973
14.92  0.163618  0.247705
14.96  0.153565  0.256660
15.00  0.145423  0.261923
15.04  0.139121  0.263180
15.08  0.134379  0.260767
15.12  0.130839  0.255521
15.16  0.128167  0.248508
15.20  0.126103  0.240752
15.24  0.124479  0.233044
15.28  0.123193  0.225864
15.32  0.122182  0.219404
15.36  0.121385  0.213637
15.40  0.120726  0.208406
15.44  0.120114  0.203507
15.48  0.119462  0.198765
15.52  0.118706  0.194085
15.56  0.117825  0.189472
15.60  0.116842  0.185027
15.64  0.115821  0.180923
15.68  0.114860  0.177371
15.72  0.114076  0.174593
15.76  0.113589  0.172787
15.80  0.113495  0.172101
15.84  0.113850  0.172597
15.88  0.114653  0.174228
15.92  0.115849  0.176817
15.96  0.117340  0.180056
16.00  0.118999  0.183508
16.04  0.120689  0.186654
16.08  0.122277  0.188955
16.12  0.123657  0.189958
16.16  0.124767  0.189394
16.20  0.125608  0.187250
16.24  0.126245  0.183790
16.28  0.126799  0.179513
16.32  0.127425  0.175061
16.36  0.128293  0.171124
16.40  0.129568  0.168339
16.44  0.131398  0.167233
16.48  0.133909  0.168178
16.52  0.137189  0.171373
16.56  0.141277  0.176802
16.60  0.146131  0.184197
16.64  0.151599  0.192995
16.68  0.157408  0.202343
16.72  0.163188  0.211192
16.76  0.168533  0.218480
16.80  0.173098  0.223362
16.84  0.176694  0.225409
16.88  0.179346  0.224699
16.92  0.181295  0.221767
16.96  0.182943  0.217454
17.00  0.184757  0.212717
17.04  0.187173  0.208475
17.08  0.190510  0.205531
17.12  0.194911  0.204557
17.16  0.200347  0.206128
17.20  0.206652  0.210769
17.24  0.213610  0.218989
17.28  0.221034  0.231291
17.32  0.228804  0.248107
17.36  0.236832  0.269674
17.40  0.244974  0.295855
17.44  0.252974  0.325995
17.48  0.260484  0.358887
17.52  0.267187  0.392897
17.56  0.272941  0.426194
17.60  0.277811  0.456966
17.64  0.281962  0.483555
17.68  0.285449  0.504500
17.72  0.288088  0.518604
17.76  0.289522  0.525098
17.80  0.289480  0.523891
17.84  0.288055  0.515757
17.88  0.285786  0.502251
17.92  0.283411  0.485293
17.96  0.281409  0.466531
18.00  0.279559  0.446787
18.04  0.276829  0.425863
18.08  0.271689  0.402859
18.12  0.262759  0.376847
18.16  0.249472  0.347607
18.20  0.232445  0.316045
18.24  0.213400  0.284132
18.28  0.194682  0.254384
18.32  0.178604  0.229163
18.36  0.166896  0.210069
18.40  0.160412  0.197639
18.44  0.159118  0.191374
18.48  0.162262  0.190008
18.52  0.168599  0.191837
18.56  0.176576  0.195034
18.60  0.184470  0.197862
18.64  0.190536  0.198846
18.68  0.193216  0.196910
18.72  0.191410  0.191496
18.76  0.184750  0.182647
18.80  0.173725  0.170985
18.84  0.159587  0.157566
18.88  0.144031  0.143631
18.92  0.128756  0.130324
18.96  0.115082  0.118475
19.00  0.103746  0.108504
19.04  0.094907  0.100455
19.08  0.088305  0.094112
19.12  0.083471  0.089141
19.16  0.079908  0.085200
19.20  0.077190  0.082004
19.24  0.075005  0.079342
19.28  0.073139  0.077067
19.32  0.071454  0.075079
19.36  0.069860  0.073302
19.40  0.068304  0.071688
19.44  0.066762  0.070216
19.48  0.065247  0.068906
19.52  0.063809  0.067816
19.56  0.062526  0.067031
19.60  0.061484  0.066637
19.64  0.060757  0.066690
19.68  0.060385  0.067194
19.72  0.060371  0.068100
19.76  0.060686  0.069318
19.80  0.061284  0.070743
19.84  0.062121  0.072279
19.88  0.063166  0.073864
19.92  0.064410  0.075473
19.96  0.065867  0.077122
20.00  0.067564  0.078858
20.04  0.069532  0.080737
20.08  0.071792  0.082809
20.12  0.074332  0.085087
20.16  0.077093  0.087537
20.20  0.079959  0.090067
20.24  0.082752  0.092539
20.28  0.085247  0.094790
20.32  0.087210  0.096660
20.36  0.088432  0.098024
20.40  0.088783  0.098807
20.44  0.088240  0.099001
20.48  0.086899  0.098651
20.52  0.084956  0.097848
20.56  0.082650  0.096698
20.60  0.080209  0.095294
20.64  0.077788  0.093680
20.68  0.075423  0.091826
20.72  0.073019  0.089602
20.76  0.070362  0.086779
20.80  0.067166  0.083065
20.84  0.063154  0.078176
20.88  0.058156  0.071946
20.92  0.052200  0.064430
20.96  0.045550  0.055960
21.00  0.038678  0.047118
21.04  0.032158  0.038613
21.08  0.026522  0.031117
21.12  0.022140  0.025105
21.16  0.019155  0.020780
21.20  0.017499  0.018085
21.24  0.016977  0.016789
21.28  0.017350  0.016594
21.32  0.018426  0.017232
21.36  0.020088  0.018507
21.40  0.022301  0.020303
21.44  0.025074  0.022562
21.48  0.028415  0.025238
21.52  0.032272  0.028266
21.56  0.036507  0.031531
21.60  0.040891  0.034872
21.64  0.045138  0.038102
21.68  0.048971  0.041045
21.72  0.052188  0.043585
21.76  0.054712  0.045690
21.80  0.056596  0.047413
21.84  0.057995  0.048872
21.88  0.059117  0.050214
21.92  0.060170  0.051581
21.96  0.061334  0.053087
22.00  0.062739  0.054809
22.04  0.064471  0.056790
22.08  0.066566  0.059031
22.12  0.069007  0.061498
22.16  0.071709  0.064107
22.20  0.074516  0.066729
22.24  0.077205  0.069199
22.28  0.079523  0.071344
22.32  0.081236  0.073017
22.36  0.082188  0.074137
22.40  0.082344  0.074711
22.44  0.081792  0.074830
22.48  0.080715  0.074643
22.52  0.079339  0.074315
22.56  0.077875  0.073992
22.60  0.076479  0.073774
22.64  0.075244  0.073713
22.68  0.074202  0.073819
22.72  0.073348  0.074077
22.76  0.072654  0.074456
22.80  0.072088  0.074921
22.84  0.071620  0.075436
22.88  0.071228  0.075965
22.92  0.070894  0.076474
22.96  0.070606  0.076928
23.00  0.070355  0.077294
23.04  0.070135  0.077543
23.08  0.069944  0.077650
23.12  0.069778  0.077593
23.16  0.069635  0.077358
23.20  0.069516  0.076938
23.24  0.069420  0.076330
23.28  0.069348  0.075537
23.32  0.069302  0.074568
23.36  0.069284  0.073431
23.40  0.069295  0.072143
23.44  0.069340  0.070716
23.48  0.069420  0.069170
23.52  0.069541  0.067524
23.56  0.069706  0.065800
23.60  0.069922  0.064025
23.64  0.070194  0.062230
23.68  0.070530  0.060453
23.72  0.070939  0.058736
23.76  0.071431  0.057127
23.80  0.072019  0.055679
23.84  0.072715  0.054444
23.88  0.073534  0.053466
23.92  0.074483  0.052778
23.96  0.075557  0.052384
24.00  0.076725  0.052255
24.04  0.077907  0.052309
24.08  0.078965  0.052415
24.12  0.079685  0.052393
24.16  0.079800  0.052040
24.20  0.079030  0.051166
24.24  0.077152  0.049641
24.28  0.074079  0.047427
24.32  0.069902  0.044593
24.36  0.064879  0.041293
24.40  0.059367  0.037712
24.44  0.053708  0.034007
24.48  0.048129  0.030273
24.52  0.042705  0.026541
24.56  0.037389  0.022808
24.60  0.032096  0.019085
24.64  0.026799  0.015437
24.68  0.021581  0.011985
24.72  0.016633  0.008875
24.76  0.012191  0.006242
24.80  0.008460  0.004167
24.84  0.005555  0.002670
24.88  0.003488  0.001722
24.92  0.002193  0.001275
24.96  0.001577  0.001299
25.00  0.001578  0.001799
25.04  0.002202  0.002819
25.08  0.003538  0.004423
25.12  0.005745  0.006661
25.16  0.009010  0.009540
25.20  0.013481  0.012996
25.24  0.019196  0.016898
25.28  0.026020  0.021062
25.32  0.033625  0.025283
25.36  0.041525  0.029370
25.40  0.049168  0.033171
25.44  0.056057  0.036585
25.48  0.061848  0.039557
25.52  0.066403  0.042077
25.56  0.069776  0.044159
25.60  0.072161  0.045841
25.64  0.073805  0.047169
25.68  0.074950  0.048195
25.72  0.075793  0.048974
25.76  0.076471  0.049558
25.80  0.077071  0.049995
25.84  0.077641  0.050329
25.88  0.078206  0.050598
25.92  0.078779  0.050837
25.96  0.079366  0.051073
26.00  0.079971  0.051332
26.04  0.080597  0.051638
26.08  0.081248  0.052012
26.12  0.081929  0.052475
26.16  0.082643  0.053049
26.20  0.083400  0.053762
26.24  0.084209  0.054649
26.28  0.085085  0.055762
26.32  0.086051  0.057180
26.36  0.087139  0.059029
26.40  0.088404  0.061513
26.44  0.089924  0.064949
26.48  0.091820  0.069811
26.52  0.094253  0.076749
26.56  0.097430  0.086563
26.60  0.101568  0.100089
26.64  0.106849  0.117975
26.68  0.113335  0.140362
26.72  0.120878  0.166570
26.76  0.129065  0.194903
26.80  0.137226  0.222746
26.84  0.144542  0.246989
26.88  0.150230  0.264723
26.92  0.153755  0.273961
26.96  0.154982  0.274142
27.00  0.154226  0.266213
27.04  0.152171  0.252302
27.08  0.149703  0.235127
27.12  0.147722  0.217378
27.16  0.146971  0.201253
27.20  0.147917  0.188223
27.24  0.150691  0.178980
27.28  0.155073  0.173528
27.32  0.160551  0.171340
27.36  0.166421  0.171557
27.40  0.171938  0.173199
27.44  0.176475  0.175364
27.48  0.179636  0.177369
27.52  0.181306  0.178801
27.56  0.181622  0.179490
27.60  0.180889  0.179425
27.64  0.179480  0.178664
27.68  0.177748  0.177273
27.72  0.175968  0.175298
27.76  0.174323  0.172776
27.80  0.172911  0.169757
27.84  0.171767  0.166315
27.88  0.170890  0.162558
27.92  0.170262  0.158625
27.96  0.169865  0.154681
28.00  0.169686  0.150924
28.04  0.169729  0.147596
28.08  0.170016  0.144992
28.12  0.170588  0.143458
28.16  0.171501  0.143358
28.20  0.172819  0.144992
28.24  0.174591  0.148497
28.28  0.176828  0.153747
28.32  0.179489  0.160310
28.36  0.182475  0.167502
28.40  0.185645  0.174531
28.44  0.188845  0.180688
28.48  0.191943  0.185515
28.52  0.194855  0.188873
28.56  0.197556  0.190915
28.60  0.200060  0.191970
28.64  0.202411  0.192416
28.68  0.204653  0.192576
28.72  0.206823  0.192674
28.76  0.208941  0.192838
28.80  0.211021  0.193128
28.84  0.213077  0.193569
28.88  0.215134  0.194175
28.92  0.217223  0.194960
28.96  0.219379  0.195945
29.00  0.221627  0.197149
29.04  0.223975  0.198593
29.08  0.226412  0.200295
29.12  0.228914  0.202269
29.16  0.231453  0.204526
29.20  0.234006  0.207071
29.24  0.236561  0.209903
29.28  0.239118  0.213019
29.32  0.241683  0.216411
29.36  0.244270  0.220066
29.40  0.246890  0.223976
29.44  0.249556  0.228132
29.48  0.252282  0.232532
29.52  0.255079  0.237182
29.56  0.257962  0.242099
29.60  0.260945  0.247314
29.64  0.264050  0.252875
29.68  0.267301  0.258850
29.72  0.270731  0.265308
29.76  0.274371  0.272302
29.80  0.278250  0.279829
29.84  0.282379  0.287794
29.88  0.286752  0.295991
29.92  0.291343  0.304122
29.96  0.296126  0.311866
30.00  0.301093  0.318981
30.04  0.306276  0.325421
30.08  0.311756  0.331434
30.12  0.317654  0.337614
30.16  0.324111  0.344890
30.20  0.331263  0.354440
30.24  0.339219  0.367533
30.28  0.348034  0.385269
30.32  0.357698  0.408286
30.36  0.368127  0.436487
30.40  0.379166  0.468918
30.44  0.390609  0.503856
30.48  0.402217  0.539120
30.52  0.413725  0.572455
30.56  0.424831  0.601869
30.60  0.435180  0.625827
30.64  0.444394  0.643372
30.68  0.452179  0.654258
30.72  0.458481  0.659149
30.76  0.463627  0.659733
30.80  0.468327  0.658526
30.84  0.473496  0.658191
30.88  0.479918  0.660511
30.92  0.487899  0.665380
30.96  0.497076  0.670347
31.00  0.506493  0.671043
31.04  0.514919  0.662510
31.08  0.521287  0.640987
31.12  0.525036  0.605487
31.16  0.526226  0.558534
31.20  0.525398  0.505754
31.24  0.523282  0.454469
31.28  0.520535  0.411826
31.32  0.517609  0.383105
31.36  0.514748  0.370653
31.40  0.512016  0.373606
31.44  0.509268  0.388289
31.48  0.506089  0.409125
31.52  0.501799  0.429880
31.56  0.495636  0.445081
31.60  0.487102  0.451355
31.64  0.476336  0.448302
31.68  0.464280  0.438541
31.72  0.452506  0.426754
31.76  0.442707  0.417973
31.80  0.436061  0.415670
31.84  0.432717  0.420359
31.88  0.431652  0.429292
31.92  0.430962  0.437389
31.96  0.428512  0.439093
32.00  0.422691  0.430449
32.04  0.413024  0.410619
32.08  0.400389  0.382283
32.12  0.386788  0.350786
32.16  0.374734  0.322437
32.20  0.366494  0.302604
32.24  0.363461  0.294334
32.28  0.365865  0.297920
32.32  0.372879  0.311422
32.36  0.383027  0.331728
32.40  0.394656  0.355613
32.44  0.406295  0.380333
32.48  0.416808  0.403665
32.52  0.425380  0.423662
32.56  0.431486  0.438485
32.60  0.434915  0.446610
32.64  0.435889  0.447325
32.68  0.435142  0.441242
32.72  0.433865  0.430450
32.76  0.433451  0.418120
32.80  0.435081  0.407671
32.84  0.439329  0.401763
32.88  0.445928  0.401499
32.92  0.453821  0.406117
32.96  0.461478  0.413295
33.00  0.467388  0.419977
33.04  0.470543  0.423430
33.08  0.470755  0.422148
33.12  0.468710  0.416245
33.16  0.465745  0.407212
33.20  0.463448  0.397173
33.24  0.463246  0.387975
33.28  0.466096  0.380512
33.32  0.472324  0.374523
33.36  0.481586  0.368893
33.40  0.492837  0.362259
33.44  0.504305  0.353624
33.48  0.513532  0.342735
33.52  0.517672  0.330139
33.56  0.514135  0.316962
33.60  0.501473  0.304604
33.64  0.480163  0.294473
33.68  0.452861  0.287831
33.72  0.423864  0.285674
33.76  0.397935  0.288580
33.80  0.378926  0.296460
33.84  0.368786  0.308324
33.88  0.367318  0.322203
33.92  0.372719  0.335403
33.96  0.382597  0.345090
34.00  0.395001  0.349030
34.04  0.409053  0.346166
34.08  0.425007  0.336809
34.12  0.443834  0.322363
34.16  0.466616  0.304765
34.20  0.494098  0.285891
34.24  0.526562  0.267165
34.28  0.563985  0.249431
34.32  0.606291  0.233036
34.36  0.653446  0.218016
34.40  0.705274  0.204268
34.44  0.761038  0.191675
34.48  0.818938  0.180163
34.52  0.875770  0.169719
34.56  0.926918  0.160373
34.60  0.966793  0.152174
34.64  0.989695  0.145163
34.68  0.990971  0.139361
34.72  0.968169  0.134768
34.76  0.921832  0.131394
34.80  0.855595  0.129293
34.84  0.775461  0.128599
34.88  0.688484  0.129523
34.92  0.601294  0.132306
34.96  0.518994  0.137121
35.00  0.444711  0.143956
35.04  0.379798  0.152521
35.08  0.324382  0.162223
35.12  0.277958  0.172227
35.16  0.239773  0.181596
35.20  0.208987  0.189461
35.24  0.184687  0.195170
35.28  0.165880  0.198379
35.32  0.151548  0.199074
35.36  0.140759  0.197530
35.40  0.132781  0.194236
35.44  0.127171  0.189818
35.48  0.123779  0.184954
35.52  0.122694  0.180299
35.56  0.124120  0.176420
35.60  0.128235  0.173723
35.64  0.135043  0.172405
35.68  0.144269  0.172424
35.72  0.155325  0.173499
35.76  0.167351  0.175157
35.80  0.179338  0.176810
35.84  0.190307  0.177872
35.88  0.199504  0.177900
35.92  0.206561  0.176713
35.96  0.211582  0.174472
36.00  0.215138  0.171673
36.04  0.218170  0.169059
36.08  0.221834  0.167462
36.12  0.227317  0.167628
36.16  0.235647  0.170051
36.20  0.247521  0.174874
36.24  0.263174  0.181853
36.28  0.282302  0.190408
36.32  0.304094  0.199713
36.36  0.327373  0.208836
36.40  0.350847  0.216897
36.44  0.373420  0.223257
36.48  0.394475  0.227721
36.52  0.414040  0.230716
36.56  0.432793  0.233376
36.60  0.451880  0.237455
36.64  0.472597  0.245003
36.68  0.496000  0.257852
36.72  0.522528  0.276986
36.76  0.551718  0.302000
36.80  0.582091  0.330805
36.84  0.611256  0.359760
36.88  0.636271  0.384277
36.92  0.654198  0.399810
36.96  0.662739  0.402981
37.00  0.660778  0.392482
37.04  0.648676  0.369430
37.08  0.628263  0.337048
37.12  0.602573  0.299822
37.16  0.575405  0.262445
37.20  0.550763  0.228904
37.24  0.532182  0.201920
37.28  0.521999  0.182734
37.32  0.520720  0.171167
37.36  0.526697  0.165846
37.40  0.536319  0.164548
37.44  0.544704  0.164623
37.48  0.546745  0.163442
37.52  0.538209  0.158834
37.56  0.516683  0.149435
37.60  0.482161  0.134927
37.64  0.437126  0.116093
37.68  0.386050  0.094624
37.72  0.334351  0.072698
37.76  0.287112  0.052429
37.80  0.247984  0.035372
37.84  0.218625  0.022263
37.88  0.198817  0.013045
37.92  0.187054  0.007103
37.96  0.181297  0.003590
38.00  0.179584  0.001682
38.04  0.180374  0.000730
38.08  0.182631  0.000294
38.12  0.185750  0.000109
38.16  0.189428  0.000038
38.20  0.193545  0.000012
38.24  0.198086  0.000004
38.28  0.203092  0.000001
38.32  0.208642  0.000000
38.36  0.214853  0.000000
38.40  0.221887  0.000000
38.44  0.229969  0.000000
38.48  0.239393  0.000000
38.52  0.250500  0.000000
38.56  0.263609  0.000000
38.60  0.278881  0.000000
38.64  0.296116  0.000000
38.68  0.314551  0.000000
38.72  0.332721  0.000000
38.76  0.348513  0.000000
38.80  0.359440  0.000000
38.84  0.363139  0.000000
38.88  0.357947  0.000000
38.92  0.343382  0.000000
38.96  0.320346  0.000000
39.00  0.290986  0.000000
39.04  0.258249  0.000000
39.08  0.225255  0.000000
39.12  0.194708  0.000000
39.16  0.168462  0.000000
39.20  0.147372  0.000000
39.24  0.131388  0.000000
39.28  0.119833  0.000000
39.32  0.111732  0.000000
39.36  0.106092  0.000000
39.40  0.102077  0.000000
39.44  0.099075  0.000000
39.48  0.096684  0.000000
39.52  0.094667  0.000000
39.56  0.092889  0.000000
39.60  0.091277  0.000000
39.64  0.089792  0.000000
39.68  0.088408  0.000000
39.72  0.087107  0.000000
39.76  0.085878  0.000000
39.80  0.084710  0.000000
39.84  0.083600  0.000000
39.88  0.082541  0.000000
39.92  0.081531  0.000000
39.96  0.080567  0.000000
40.00  0.079645  0.000000
