-0.0400  0.925273
-0.0399  0.926269
-0.0398  0.927228
-0.0397  0.928215
-0.0396  0.929874
-0.0395  0.931155
-0.0394  0.932314
-0.0393  0.933409
-0.0392  0.934448
-0.0391  0.935457
-0.0390  0.936431
-0.0389  0.937349
-0.0388  0.938313
-0.0387  0.939672
-0.0386  0.941274
-0.0385  0.942580
-0.0384  0.943811
-0.0383  0.945043
-0.0382  0.946201
-0.0381  0.947312
-0.0380  0.948396
-0.0379  0.949454
-0.0378  0.950494
-0.0377  0.952450
-0.0376  0.953959
-0.0375  0.955333
-0.0374  0.956603
-0.0373  0.957882
-0.0372  0.959095
-0.0371  0.960279
-0.0370  0.961435
-0.0369  0.962559
-0.0368  0.964590
-0.0367  0.966369
-0.0366  0.967907
-0.0365  0.969316
-0.0364  0.970685
-0.0363  0.971995
-0.0362  0.973252
-0.0361  0.974495
-0.0360  0.975733
-0.0359  0.978018
-0.0358  0.979859
-0.0357  0.981509
-0.0356  0.983047
-0.0355  0.984538
-0.0354  0.985980
-0.0353  0.987397
-0.0352  0.988844
-0.0351  0.990682
-0.0350  0.993074
-0.0349  0.995033
-0.0348  0.996806
-0.0347  0.998540
-0.0346  1.000214
-0.0345  1.001824
-0.0344  1.003403
-0.0343  1.004948
-0.0342  1.007738
-0.0341  1.010009
-0.0340  1.012005
-0.0339  1.013922
-0.0338  1.015745
-0.0337  1.017541
-0.0336  1.019353
-0.0335  1.021102
-0.0334  1.024148
-0.0333  1.026708
-0.0332  1.028981
-0.0331  1.031170
-0.0330  1.033258
-0.0329  1.035319
-0.0328  1.037304
-0.0327  1.039559
-0.0326  1.043019
-0.0325  1.045816
-0.0324  1.048338
-0.0323  1.050768
-0.0322  1.053127
-0.0321  1.055502
-0.0320  1.057850
-0.0319  1.061550
-0.0318  1.065028
-0.0317  1.068048
-0.0316  1.070915
-0.0315  1.073679
-0.0314  1.076424
-0.0313  1.079067
-0.0312  1.082952
-0.0311  1.087129
-0.0310  1.090641
-0.0309  1.093974
-0.0308  1.097182
-0.0307  1.100389
-0.0306  1.103463
-0.0305  1.108682
-0.0304  1.113285
-0.0303  1.117433
-0.0302  1.121375
-0.0301  1.125249
-0.0300  1.129116
-0.0299  1.134188
-0.0298  1.140134
-0.0297  1.145214
-0.0296  1.150070
-0.0295  1.154778
-0.0294  1.159591
-0.0293  1.165779
-0.0292  1.173007
-0.0291  1.179293
-0.0290  1.185350
-0.0289  1.191311
-0.0288  1.197408
-0.0287  1.206625
-0.0286  1.215047
-0.0285  1.223025
-0.0284  1.230728
-0.0283  1.238564
-0.0282  1.249631
-0.0281  1.260851
-0.0280  1.271544
-0.0279  1.281996
-0.0278  1.292817
-0.0277  1.309044
-0.0276  1.324257
-0.0275  1.339378
-0.0274  1.354944
-0.0273  1.375682
-0.0272  1.399563
-0.0271  1.422800
-0.0270  1.448223
-0.0269  1.484551
-0.0268  1.524246
-0.0267  1.568669
-0.0266  1.631388
-0.0265  1.715849
-0.0264  1.828837
-0.0263  2.064700
-0.0262  3.246642
-0.0261  1.807663
-0.0260  1.353994
-0.0259  1.282839
-0.0258  1.237353
-0.0257  1.206601
-0.0256  1.187029
-0.0255  1.163340
-0.0254  1.150367
-0.0253  1.132050
-0.0252  1.122167
-0.0251  1.110871
-0.0250  1.098941
-0.0249  1.092537
-0.0248  1.081810
-0.0247  1.074402
-0.0246  1.069617
-0.0245  1.062751
-0.0244  1.054245
-0.0243  1.050721
-0.0242  1.046535
-0.0241  1.040285
-0.0240  1.034728
-0.0239  1.032016
-0.0238  1.028626
-0.0237  1.024179
-0.0236  1.018382
-0.0235  1.016257
-0.0234  1.013794
-0.0233  1.010792
-0.0232  1.006569
-0.0231  1.002681
-0.0230  1.000926
-0.0229  0.998934
-0.0228  0.996513
-0.0227  0.993492
-0.0226  0.989481
-0.0225  0.988127
-0.0224  0.986560
-0.0223  0.984831
-0.0222  0.982695
-0.0221  0.979802
-0.0220  0.976950
-0.0219  0.975846
-0.0218  0.974564
-0.0217  0.973129
-0.0216  0.971474
-0.0215  0.969379
-0.0214  0.966345
-0.0213  0.965459
-0.0212  0.964444
-0.0211  0.963441
-0.0210  0.962248
-0.0209  0.960801
-0.0208  0.958799
-0.0207  0.956574
-0.0206  0.955839
-0.0205  0.954999
-0.0204  0.954085
-0.0203  0.953073
-0.0202  0.951875
-0.0201  0.950349
-0.0200  0.947968
-0.0199  0.947354
-0.0198  0.946678
-0.0197  0.945932
-0.0196  0.945147
-0.0195  0.944269
-0.0194  0.943179
-0.0193  0.941768
-0.0192  0.940001
-0.0191  0.939490
-0.0190  0.938938
-0.0189  0.938372
-0.0188  0.937741
-0.0187  0.937005
-0.0186  0.936129
-0.0185  0.935022
-0.0184  0.933217
-0.0183  0.932800
-0.0182  0.932333
-0.0181  0.931844
-0.0180  0.931391
-0.0179  0.930843
-0.0178  0.930197
-0.0177  0.929417
-0.0176  0.928309
-0.0175  0.927043
-0.0174  0.926680
-0.0173  0.926281
-0.0172  0.925855
-0.0171  0.925383
-0.0170  0.924853
-0.0169  0.924256
-0.0168  0.923540
-0.0167  0.922581
-0.0166  0.921316
-0.0165  0.921053
-0.0164  0.920789
-0.0163  0.920475
-0.0162  0.920183
-0.0161  0.919797
-0.0160  0.919363
-0.0159  0.918840
-0.0158  0.918190
-0.0157  0.916989
-0.0156  0.916588
-0.0155  0.916328
-0.0154  0.916044
-0.0153  0.915735
-0.0152  0.915397
-0.0151  0.915021
-0.0150  0.914638
-0.0149  0.914225
-0.0148  0.913647
-0.0147  0.912600
-0.0146  0.912314
-0.0145  0.912099
-0.0144  0.911866
-0.0143  0.911603
-0.0142  0.911312
-0.0141  0.910989
-0.0140  0.910622
-0.0139  0.910187
-0.0138  0.909628
-0.0137  0.908648
-0.0136  0.908350
-0.0135  0.908222
-0.0134  0.908140
-0.0133  0.907984
-0.0132  0.907800
-0.0131  0.907576
-0.0130  0.907310
-0.0129  0.907000
-0.0128  0.906620
-0.0127  0.906101
-0.0126  0.905343
-0.0125  0.905198
-0.0124  0.905037
-0.0123  0.904859
-0.0122  0.904670
-0.0121  0.904456
-0.0120  0.904219
-0.0119  0.904065
-0.0118  0.903821
-0.0117  0.903494
-0.0116  0.902980
-0.0115  0.902449
-0.0114  0.902335
-0.0113  0.902200
-0.0112  0.902034
-0.0111  0.901854
-0.0110  0.901653
-0.0109  0.901453
-0.0108  0.901256
-0.0107  0.901022
-0.0106  0.900719
-0.0105  0.900255
-0.0104  0.899864
-0.0103  0.899833
-0.0102  0.899770
-0.0101  0.899681
-0.0100  0.899577
-0.0099  0.899452
-0.0098  0.899306
-0.0097  0.899138
-0.0096  0.898938
-0.0095  0.898696
-0.0094  0.898359
-0.0093  0.897788
-0.0092  0.897695
-0.0091  0.897596
-0.0090  0.897482
-0.0089  0.897481
-0.0088  0.897423
-0.0087  0.897323
-0.0086  0.897192
-0.0085  0.897029
-0.0084  0.896829
-0.0083  0.896574
-0.0082  0.896126
-0.0081  0.895886
-0.0080  0.895831
-0.0079  0.895774
-0.0078  0.895710
-0.0077  0.895628
-0.0076  0.895533
-0.0075  0.895429
-0.0074  0.895446
-0.0073  0.895378
-0.0072  0.895237
-0.0071  0.895015
-0.0070  0.894557
-0.0069  0.894523
-0.0068  0.894480
-0.0067  0.894425
-0.0066  0.894362
-0.0065  0.894290
-0.0064  0.894204
-0.0063  0.894105
-0.0062  0.893986
-0.0061  0.893841
-0.0060  0.893707
-0.0059  0.893568
-0.0058  0.893238
-0.0057  0.893234
-0.0056  0.893228
-0.0055  0.893239
-0.0054  0.893213
-0.0053  0.893172
-0.0052  0.893095
-0.0051  0.893034
-0.0050  0.892956
-0.0049  0.892856
-0.0048  0.892718
-0.0047  0.892509
-0.0046  0.892170
-0.0045  0.892240
-0.0044  0.892322
-0.0043  0.892352
-0.0042  0.892359
-0.0041  0.892351
-0.0040  0.892328
-0.0039  0.892290
-0.0038  0.892234
-0.0037  0.892153
-0.0036  0.892044
-0.0035  0.891880
-0.0034  0.891558
-0.0033  0.891550
-0.0032  0.891540
-0.0031  0.891538
-0.0030  0.891647
-0.0029  0.891703
-0.0028  0.891756
-0.0027  0.891754
-0.0026  0.891733
-0.0025  0.891666
-0.0024  0.891566
-0.0023  0.891458
-0.0022  0.891190
-0.0021  0.891170
-0.0020  0.891184
-0.0019  0.891189
-0.0018  0.891189
-0.0017  0.891182
-0.0016  0.891315
-0.0015  0.891402
-0.0014  0.891441
-0.0013  0.891453
-0.0012  0.891448
-0.0011  0.891385
-0.0010  0.891240
-0.0009  0.891102
-0.0008  0.891126
-0.0007  0.891142
-0.0006  0.891150
-0.0005  0.891149
-0.0004  0.891138
-0.0003  0.891119
-0.0002  0.891251
-0.0001  0.891389
 0.0000  0.891448
 0.0001  0.891460
 0.0002  0.891401
 0.0003  0.891206
 0.0004  0.891236
 0.0005  0.891263
 0.0006  0.891320
 0.0007  0.891367
 0.0008  0.891416
 0.0009  0.891437
 0.0010  0.891446
 0.0011  0.891446
 0.0012  0.891562
 0.0013  0.891700
 0.0014  0.891738
 0.0015  0.891686
 0.0016  0.891636
 0.0017  0.891715
 0.0018  0.891783
 0.0019  0.891842
 0.0020  0.891891
 0.0021  0.891932
 0.0022  0.891964
 0.0023  0.891988
 0.0024  0.892001
 0.0025  0.892034
 0.0026  0.892263
 0.0027  0.892372
 0.0028  0.892321
 0.0029  0.892432
 0.0030  0.892537
 0.0031  0.892623
 0.0032  0.892675
 0.0033  0.892710
 0.0034  0.892774
 0.0035  0.892838
 0.0036  0.892895
 0.0037  0.892941
 0.0038  0.892968
 0.0039  0.893061
 0.0040  0.893239
 0.0041  0.893261
 0.0042  0.893423
 0.0043  0.893558
 0.0044  0.893686
 0.0045  0.893799
 0.0046  0.893904
 0.0047  0.894001
 0.0048  0.894090
 0.0049  0.894168
 0.0050  0.894225
 0.0051  0.894264
 0.0052  0.894324
 0.0053  0.894573
 0.0054  0.894717
 0.0055  0.894927
 0.0056  0.895096
 0.0057  0.895254
 0.0058  0.895392
 0.0059  0.895509
 0.0060  0.895615
 0.0061  0.895690
 0.0062  0.895757
 0.0063  0.895854
 0.0064  0.895935
 0.0065  0.895990
 0.0066  0.896238
 0.0067  0.896487
 0.0068  0.896739
 0.0069  0.896954
 0.0070  0.897141
 0.0071  0.897312
 0.0072  0.897471
 0.0073  0.897618
 0.0074  0.897751
 0.0075  0.897876
 0.0076  0.897990
 0.0077  0.898086
 0.0078  0.898183
 0.0079  0.898523
 0.0080  0.898869
 0.0081  0.899149
 0.0082  0.899401
 0.0083  0.899635
 0.0084  0.899851
 0.0085  0.900044
 0.0086  0.900225
 0.0087  0.900396
 0.0088  0.900563
 0.0089  0.900698
 0.0090  0.900784
 0.0091  0.901103
 0.0092  0.901430
 0.0093  0.901758
 0.0094  0.902065
 0.0095  0.902341
 0.0096  0.902601
 0.0097  0.902847
 0.0098  0.903077
 0.0099  0.903301
 0.0100  0.903510
 0.0101  0.903706
 0.0102  0.903891
 0.0103  0.904282
 0.0104  0.904772
 0.0105  0.905041
 0.0106  0.905449
 0.0107  0.905815
 0.0108  0.906173
 0.0109  0.906486
 0.0110  0.906770
 0.0111  0.907046
 0.0112  0.907309
 0.0113  0.907557
 0.0114  0.907797
 0.0115  0.908356
 0.0116  0.908927
 0.0117  0.909321
 0.0118  0.909591
 0.0119  0.909926
 0.0120  0.910307
 0.0121  0.910676
 0.0122  0.911030
 0.0123  0.911368
 0.0124  0.911697
 0.0125  0.912014
 0.0126  0.912579
 0.0127  0.913324
 0.0128  0.913910
 0.0129  0.914390
 0.0130  0.914818
 0.0131  0.915149
 0.0132  0.915581
 0.0133  0.916034
 0.0134  0.916492
 0.0135  0.916911
 0.0136  0.917318
 0.0137  0.918042
 0.0138  0.918946
 0.0139  0.919634
 0.0140  0.920244
 0.0141  0.920800
 0.0142  0.921323
 0.0143  0.921805
 0.0144  0.922206
 0.0145  0.922699
 0.0146  0.923190
 0.0147  0.923713
 0.0148  0.924887
 0.0149  0.925806
 0.0150  0.926584
 0.0151  0.927305
 0.0152  0.927989
 0.0153  0.928639
 0.0154  0.929264
 0.0155  0.929868
 0.0156  0.930444
 0.0157  0.931161
 0.0158  0.932546
 0.0159  0.933642
 0.0160  0.934614
 0.0161  0.935571
 0.0162  0.936442
 0.0163  0.937294
 0.0164  0.938105
 0.0165  0.938891
 0.0166  0.939669
 0.0167  0.941398
 0.0168  0.942851
 0.0169  0.944055
 0.0170  0.945117
 0.0171  0.946158
 0.0172  0.947210
 0.0173  0.948228
 0.0174  0.949220
 0.0175  0.950637
 0.0176  0.952717
 0.0177  0.954419
 0.0178  0.955945
 0.0179  0.957388
 0.0180  0.958761
 0.0181  0.960100
 0.0182  0.961387
 0.0183  0.963289
 0.0184  0.966013
 0.0185  0.968250
 0.0186  0.970294
 0.0187  0.972229
 0.0188  0.974135
 0.0189  0.975966
 0.0190  0.978135
 0.0191  0.982071
 0.0192  0.985236
 0.0193  0.988043
 0.0194  0.990701
 0.0195  0.993260
 0.0196  0.995758
 0.0197  1.000724
 0.0198  1.005848
 0.0199  1.010045
 0.0200  1.014016
 0.0201  1.017881
 0.0202  1.024332
 0.0203  1.032397
 0.0204  1.039255
 0.0205  1.045711
 0.0206  1.054097
 0.0207  1.068783
 0.0208  1.081903
 0.0209  1.094393
 0.0210  1.128122
 0.0211  1.162649
 0.0212  1.218449
 0.0213  1.164848
 0.0214  1.122654
 0.0215  1.093636
 0.0216  1.073752
 0.0217  1.061261
 0.0218  1.051685
 0.0219  1.039279
 0.0220  1.032480
 0.0221  1.025238
 0.0222  1.015680
 0.0223  1.010971
 0.0224  1.006200
 0.0225  0.998411
 0.0226  0.993863
 0.0227  0.990530
 0.0228  0.986600
 0.0229  0.980509
 0.0230  0.976710
 0.0231  0.974154
 0.0232  0.971144
 0.0233  0.967378
 0.0234  0.962717
 0.0235  0.960064
 0.0236  0.957783
 0.0237  0.955305
 0.0238  0.952192
 0.0239  0.948277
 0.0240  0.945955
 0.0241  0.944112
 0.0242  0.942142
 0.0243  0.939819
 0.0244  0.936909
 0.0245  0.933772
 0.0246  0.932236
 0.0247  0.930599
 0.0248  0.928732
 0.0249  0.926739
 0.0250  0.924312
 0.0251  0.921421
 0.0252  0.919911
 0.0253  0.918468
 0.0254  0.916925
 0.0255  0.915318
 0.0256  0.913463
 0.0257  0.910894
 0.0258  0.908888
 0.0259  0.907618
 0.0260  0.906284
 0.0261  0.904936
 0.0262  0.903389
 0.0263  0.901683
 0.0264  0.899703
 0.0265  0.897509
 0.0266  0.896349
 0.0267  0.895208
 0.0268  0.894018
 0.0269  0.892794
 0.0270  0.891477
 0.0271  0.889987
 0.0272  0.887795
 0.0273  0.886343
 0.0274  0.885326
 0.0275  0.884260
 0.0276  0.883105
 0.0277  0.881962
 0.0278  0.880747
 0.0279  0.879434
 0.0280  0.877830
 0.0281  0.876027
 0.0282  0.875075
 0.0283  0.874090
 0.0284  0.873087
 0.0285  0.872060
 0.0286  0.870960
 0.0287  0.869799
 0.0288  0.868481
 0.0289  0.866872
 0.0290  0.865307
 0.0291  0.864408
 0.0292  0.863455
 0.0293  0.862555
 0.0294  0.861603
 0.0295  0.860614
 0.0296  0.859605
 0.0297  0.858549
 0.0298  0.857263
 0.0299  0.855725
 0.0300  0.854828
 0.0301  0.854000
 0.0302  0.853140
 0.0303  0.852192
 0.0304  0.851312
 0.0305  0.850375
 0.0306  0.849408
 0.0307  0.848336
 0.0308  0.847066
 0.0309  0.845668
 0.0310  0.844910
 0.0311  0.844126
 0.0312  0.843310
 0.0313  0.842487
 0.0314  0.841623
 0.0315  0.840722
 0.0316  0.839765
 0.0317  0.838752
 0.0318  0.837678
 0.0319  0.836339
 0.0320  0.835399
 0.0321  0.834616
 0.0322  0.833860
 0.0323  0.833158
 0.0324  0.832400
 0.0325  0.831626
 0.0326  0.830816
 0.0327  0.829950
 0.0328  0.829028
 0.0329  0.827996
 0.0330  0.826696
 0.0331  0.825886
 0.0332  0.825210
 0.0333  0.824529
 0.0334  0.823819
 0.0335  0.823094
 0.0336  0.822352
 0.0337  0.821583
 0.0338  0.820780
 0.0339  0.819921
 0.0340  0.819001
 0.0341  0.817824
 0.0342  0.816823
 0.0343  0.816109
 0.0344  0.815438
 0.0345  0.814759
 0.0346  0.814062
 0.0347  0.813342
 0.0348  0.812600
 0.0349  0.811850
 0.0350  0.811043
 0.0351  0.810305
 0.0352  0.809464
 0.0353  0.808451
 0.0354  0.807495
 0.0355  0.806878
 0.0356  0.806232
 0.0357  0.805560
 0.0358  0.804918
 0.0359  0.804258
 0.0360  0.803593
 0.0361  0.802910
 0.0362  0.802192
 0.0363  0.801453
 0.0364  0.800664
 0.0365  0.799802
 0.0366  0.798762
 0.0367  0.798032
 0.0368  0.797411
 0.0369  0.796779
 0.0370  0.796103
 0.0371  0.795477
 0.0372  0.794843
 0.0373  0.794195
 0.0374  0.793519
 0.0375  0.792825
 0.0376  0.792095
 0.0377  0.791336
 0.0378  0.790553
 0.0379  0.789514
 0.0380  0.788838
 0.0381  0.788273
 0.0382  0.787681
 0.0383  0.787069
 0.0384  0.786460
 0.0385  0.785871
 0.0386  0.785261
 0.0387  0.784645
 0.0388  0.784014
 0.0389  0.783357
 0.0390  0.782677
 0.0391  0.781956
 0.0392  0.781137
 0.0393  0.780194
 0.0394  0.779615
 0.0395  0.779037
 0.0396  0.778446
 0.0397  0.777828
 0.0398  0.777246
 0.0399  0.776651
 0.0400  0.776055
