-0.0400  0.879885
-0.0399  0.880530
-0.0398  0.881159
-0.0397  0.881778
-0.0396  0.882923
-0.0395  0.883845
-0.0394  0.884661
-0.0393  0.885519
-0.0392  0.886342
-0.0391  0.887109
-0.0390  0.887853
-0.0389  0.888583
-0.0388  0.889300
-0.0387  0.889993
-0.0386  0.890851
-0.0385  0.892041
-0.0384  0.892992
-0.0383  0.893853
-0.0382  0.894690
-0.0381  0.895480
-0.0380  0.896254
-0.0379  0.897008
-0.0378  0.897742
-0.0377  0.898534
-0.0376  0.899286
-0.0375  0.900549
-0.0374  0.901639
-0.0373  0.902603
-0.0372  0.903506
-0.0371  0.904356
-0.0370  0.905209
-0.0369  0.906040
-0.0368  0.906824
-0.0367  0.907569
-0.0366  0.908354
-0.0365  0.909454
-0.0364  0.910767
-0.0363  0.911830
-0.0362  0.912803
-0.0361  0.913822
-0.0360  0.914753
-0.0359  0.915671
-0.0358  0.916547
-0.0357  0.917403
-0.0356  0.918246
-0.0355  0.919379
-0.0354  0.920803
-0.0353  0.921939
-0.0352  0.922997
-0.0351  0.923986
-0.0350  0.924942
-0.0349  0.925879
-0.0348  0.926793
-0.0347  0.927681
-0.0346  0.928580
-0.0345  0.930001
-0.0344  0.931502
-0.0343  0.932741
-0.0342  0.933884
-0.0341  0.934948
-0.0340  0.935972
-0.0339  0.936962
-0.0338  0.937974
-0.0337  0.938959
-0.0336  0.939923
-0.0335  0.941705
-0.0334  0.943118
-0.0333  0.944394
-0.0332  0.945568
-0.0331  0.946717
-0.0330  0.947870
-0.0329  0.949005
-0.0328  0.950106
-0.0327  0.951160
-0.0326  0.952785
-0.0325  0.954490
-0.0324  0.955910
-0.0323  0.957224
-0.0322  0.958482
-0.0321  0.959703
-0.0320  0.960882
-0.0319  0.962047
-0.0318  0.963220
-0.0317  0.964777
-0.0316  0.966766
-0.0315  0.968342
-0.0314  0.969842
-0.0313  0.971244
-0.0312  0.972567
-0.0311  0.973895
-0.0310  0.975200
-0.0309  0.976470
-0.0308  0.978418
-0.0307  0.980431
-0.0306  0.982154
-0.0305  0.983734
-0.0304  0.985253
-0.0303  0.986725
-0.0302  0.988160
-0.0301  0.989563
-0.0300  0.990942
-0.0299  0.993507
-0.0298  0.995611
-0.0297  0.997438
-0.0296  0.999191
-0.0295  1.000852
-0.0294  1.002491
-0.0293  1.004068
-0.0292  1.005654
-0.0291  1.008185
-0.0290  1.010582
-0.0289  1.012653
-0.0288  1.014613
-0.0287  1.016465
-0.0286  1.018271
-0.0285  1.020011
-0.0284  1.021714
-0.0283  1.024524
-0.0282  1.027299
-0.0281  1.029650
-0.0280  1.031871
-0.0279  1.033995
-0.0278  1.036084
-0.0277  1.038106
-0.0276  1.040085
-0.0275  1.043597
-0.0274  1.046479
-0.0273  1.049066
-0.0272  1.051533
-0.0271  1.053907
-0.0270  1.056253
-0.0269  1.058525
-0.0268  1.061764
-0.0267  1.065491
-0.0266  1.068615
-0.0265  1.071537
-0.0264  1.074343
-0.0263  1.077093
-0.0262  1.079779
-0.0261  1.083352
-0.0260  1.087681
-0.0259  1.091237
-0.0258  1.094597
-0.0257  1.097810
-0.0256  1.100985
-0.0255  1.104154
-0.0254  1.109121
-0.0253  1.113702
-0.0252  1.117854
-0.0251  1.121910
-0.0250  1.125817
-0.0249  1.129628
-0.0248  1.134417
-0.0247  1.140555
-0.0246  1.145585
-0.0245  1.150464
-0.0244  1.155218
-0.0243  1.159876
-0.0242  1.165696
-0.0241  1.173130
-0.0240  1.179303
-0.0239  1.185392
-0.0238  1.191337
-0.0237  1.197201
-0.0236  1.206268
-0.0235  1.214726
-0.0234  1.222479
-0.0233  1.230233
-0.0232  1.237918
-0.0231  1.248552
-0.0230  1.259864
-0.0229  1.270134
-0.0228  1.280587
-0.0227  1.291014
-0.0226  1.306833
-0.0225  1.321591
-0.0224  1.336340
-0.0223  1.351282
-0.0222  1.371291
-0.0221  1.393779
-0.0220  1.416223
-0.0219  1.439808
-0.0218  1.474076
-0.0217  1.510677
-0.0216  1.550705
-0.0215  1.606298
-0.0214  1.678892
-0.0213  1.769648
-0.0212  1.936959
-0.0211  2.262293
-0.0210  2.555176
-0.0209  1.620014
-0.0208  1.297959
-0.0207  1.247473
-0.0206  1.213815
-0.0205  1.192786
-0.0204  1.165243
-0.0203  1.153885
-0.0202  1.132721
-0.0201  1.124577
-0.0200  1.109940
-0.0199  1.100912
-0.0198  1.093829
-0.0197  1.081096
-0.0196  1.075681
-0.0195  1.070276
-0.0194  1.061754
-0.0193  1.055209
-0.0192  1.051450
-0.0191  1.046517
-0.0190  1.038239
-0.0189  1.035108
-0.0188  1.032091
-0.0187  1.028317
-0.0186  1.021682
-0.0185  1.018638
-0.0184  1.016368
-0.0183  1.013648
-0.0182  1.010199
-0.0181  1.004493
-0.0180  1.002745
-0.0179  1.000817
-0.0178  0.998618
-0.0177  0.995868
-0.0176  0.991221
-0.0175  0.989287
-0.0174  0.987738
-0.0173  0.986139
-0.0172  0.984201
-0.0171  0.981783
-0.0170  0.977823
-0.0169  0.976746
-0.0168  0.975490
-0.0167  0.974134
-0.0166  0.972568
-0.0165  0.970637
-0.0164  0.967272
-0.0163  0.965967
-0.0162  0.964969
-0.0161  0.963899
-0.0160  0.962718
-0.0159  0.961306
-0.0158  0.959641
-0.0157  0.956786
-0.0156  0.956078
-0.0155  0.955258
-0.0154  0.954380
-0.0153  0.953397
-0.0152  0.952239
-0.0151  0.950856
-0.0150  0.948391
-0.0149  0.947424
-0.0148  0.946752
-0.0147  0.946029
-0.0146  0.945199
-0.0145  0.944269
-0.0144  0.943220
-0.0143  0.941950
-0.0142  0.939855
-0.0141  0.939350
-0.0140  0.938811
-0.0139  0.938226
-0.0138  0.937568
-0.0137  0.936836
-0.0136  0.935980
-0.0135  0.934948
-0.0134  0.933152
-0.0133  0.932490
-0.0132  0.932033
-0.0131  0.931557
-0.0130  0.931014
-0.0129  0.930425
-0.0128  0.929766
-0.0127  0.929065
-0.0126  0.928129
-0.0125  0.926566
-0.0124  0.926232
-0.0123  0.925840
-0.0122  0.925424
-0.0121  0.924958
-0.0120  0.924437
-0.0119  0.923854
-0.0118  0.923167
-0.0117  0.922300
-0.0116  0.920790
-0.0115  0.920492
-0.0114  0.920155
-0.0113  0.919803
-0.0112  0.919465
-0.0111  0.919115
-0.0110  0.918689
-0.0109  0.918187
-0.0108  0.917565
-0.0107  0.916712
-0.0106  0.915856
-0.0105  0.915623
-0.0104  0.915359
-0.0103  0.915073
-0.0102  0.914747
-0.0101  0.914380
-0.0100  0.913967
-0.0099  0.913487
-0.0098  0.912910
-0.0097  0.912001
-0.0096  0.911468
-0.0095  0.911285
-0.0094  0.911069
-0.0093  0.910816
-0.0092  0.910536
-0.0091  0.910224
-0.0090  0.909865
-0.0089  0.909423
-0.0088  0.908930
-0.0087  0.908255
-0.0086  0.907507
-0.0085  0.907323
-0.0084  0.907127
-0.0083  0.906917
-0.0082  0.906683
-0.0081  0.906552
-0.0080  0.906361
-0.0079  0.906084
-0.0078  0.905747
-0.0077  0.905299
-0.0076  0.904466
-0.0075  0.904255
-0.0074  0.904105
-0.0073  0.903940
-0.0072  0.903757
-0.0071  0.903552
-0.0070  0.903326
-0.0069  0.903070
-0.0068  0.902771
-0.0067  0.902420
-0.0066  0.902064
-0.0065  0.901370
-0.0064  0.901274
-0.0063  0.901156
-0.0062  0.901017
-0.0061  0.900851
-0.0060  0.900633
-0.0059  0.900448
-0.0058  0.900239
-0.0057  0.899993
-0.0056  0.899700
-0.0055  0.899309
-0.0054  0.898667
-0.0053  0.898582
-0.0052  0.898487
-0.0051  0.898479
-0.0050  0.898421
-0.0049  0.898322
-0.0048  0.898200
-0.0047  0.898053
-0.0046  0.897874
-0.0045  0.897652
-0.0044  0.897355
-0.0043  0.896765
-0.0042  0.896592
-0.0041  0.896514
-0.0040  0.896410
-0.0039  0.896300
-0.0038  0.896170
-0.0037  0.896019
-0.0036  0.895979
-0.0035  0.895864
-0.0034  0.895699
-0.0033  0.895463
-0.0032  0.895109
-0.0031  0.894644
-0.0030  0.894590
-0.0029  0.894526
-0.0028  0.894452
-0.0027  0.894419
-0.0026  0.894351
-0.0025  0.894258
-0.0024  0.894149
-0.0023  0.894019
-0.0022  0.893869
-0.0021  0.893800
-0.0020  0.893522
-0.0019  0.893265
-0.0018  0.893242
-0.0017  0.893204
-0.0016  0.893158
-0.0015  0.893094
-0.0014  0.893019
-0.0013  0.892932
-0.0012  0.892822
-0.0011  0.892693
-0.0010  0.892534
-0.0009  0.892328
-0.0008  0.891957
-0.0007  0.891815
-0.0006  0.891866
-0.0005  0.891854
-0.0004  0.891811
-0.0003  0.891755
-0.0002  0.891721
-0.0001  0.891676
 0.0000  0.891678
 0.0001  0.891611
 0.0002  0.891513
 0.0003  0.891360
 0.0004  0.891068
 0.0005  0.890893
 0.0006  0.890871
 0.0007  0.890844
 0.0008  0.890943
 0.0009  0.890990
 0.0010  0.890997
 0.0011  0.890982
 0.0012  0.890946
 0.0013  0.890891
 0.0014  0.890810
 0.0015  0.890694
 0.0016  0.890484
 0.0017  0.890264
 0.0018  0.890254
 0.0019  0.890240
 0.0020  0.890221
 0.0021  0.890177
 0.0022  0.890195
 0.0023  0.890272
 0.0024  0.890250
 0.0025  0.890197
 0.0026  0.890172
 0.0027  0.890157
 0.0028  0.890046
 0.0029  0.889814
 0.0030  0.889846
 0.0031  0.889870
 0.0032  0.889879
 0.0033  0.889884
 0.0034  0.889880
 0.0035  0.889866
 0.0036  0.889857
 0.0037  0.890003
 0.0038  0.890046
 0.0039  0.890046
 0.0040  0.889999
 0.0041  0.889797
 0.0042  0.889786
 0.0043  0.889815
 0.0044  0.889837
 0.0045  0.889850
 0.0046  0.889851
 0.0047  0.889845
 0.0048  0.889830
 0.0049  0.889803
 0.0050  0.889763
 0.0051  0.889892
 0.0052  0.889908
 0.0053  0.889871
 0.0054  0.889734
 0.0055  0.889831
 0.0056  0.889913
 0.0057  0.889977
 0.0058  0.890033
 0.0059  0.890078
 0.0060  0.890119
 0.0061  0.890158
 0.0062  0.890165
 0.0063  0.890156
 0.0064  0.890140
 0.0065  0.890300
 0.0066  0.890257
 0.0067  0.890291
 0.0068  0.890383
 0.0069  0.890466
 0.0070  0.890532
 0.0071  0.890590
 0.0072  0.890641
 0.0073  0.890677
 0.0074  0.890705
 0.0075  0.890724
 0.0076  0.890727
 0.0077  0.890706
 0.0078  0.890745
 0.0079  0.890768
 0.0080  0.890940
 0.0081  0.891102
 0.0082  0.891177
 0.0083  0.891288
 0.0084  0.891388
 0.0085  0.891480
 0.0086  0.891557
 0.0087  0.891617
 0.0088  0.891669
 0.0089  0.891710
 0.0090  0.891728
 0.0091  0.891703
 0.0092  0.891843
 0.0093  0.892061
 0.0094  0.892230
 0.0095  0.892373
 0.0096  0.892505
 0.0097  0.892621
 0.0098  0.892727
 0.0099  0.892826
 0.0100  0.892912
 0.0101  0.892997
 0.0102  0.893041
 0.0103  0.893065
 0.0104  0.893036
 0.0105  0.893170
 0.0106  0.893454
 0.0107  0.893690
 0.0108  0.893867
 0.0109  0.894027
 0.0110  0.894158
 0.0111  0.894267
 0.0112  0.894402
 0.0113  0.894523
 0.0114  0.894631
 0.0115  0.894727
 0.0116  0.894798
 0.0117  0.894808
 0.0118  0.895049
 0.0119  0.895392
 0.0120  0.895648
 0.0121  0.895885
 0.0122  0.896079
 0.0123  0.896256
 0.0124  0.896420
 0.0125  0.896566
 0.0126  0.896701
 0.0127  0.896823
 0.0128  0.896928
 0.0129  0.897012
 0.0130  0.897033
 0.0131  0.897433
 0.0132  0.897769
 0.0133  0.898032
 0.0134  0.898296
 0.0135  0.898559
 0.0136  0.898781
 0.0137  0.898982
 0.0138  0.899152
 0.0139  0.899301
 0.0140  0.899470
 0.0141  0.899642
 0.0142  0.899774
 0.0143  0.900040
 0.0144  0.900485
 0.0145  0.900841
 0.0146  0.901154
 0.0147  0.901439
 0.0148  0.901701
 0.0149  0.901950
 0.0150  0.902182
 0.0151  0.902409
 0.0152  0.902624
 0.0153  0.902820
 0.0154  0.903006
 0.0155  0.903392
 0.0156  0.903865
 0.0157  0.904222
 0.0158  0.904586
 0.0159  0.904923
 0.0160  0.905243
 0.0161  0.905564
 0.0162  0.905896
 0.0163  0.906189
 0.0164  0.906467
 0.0165  0.906711
 0.0166  0.906939
 0.0167  0.907597
 0.0168  0.908068
 0.0169  0.908462
 0.0170  0.908830
 0.0171  0.909242
 0.0172  0.909624
 0.0173  0.909996
 0.0174  0.910353
 0.0175  0.910694
 0.0176  0.911033
 0.0177  0.911360
 0.0178  0.912013
 0.0179  0.912766
 0.0180  0.913328
 0.0181  0.913812
 0.0182  0.914215
 0.0183  0.914600
 0.0184  0.915042
 0.0185  0.915467
 0.0186  0.915878
 0.0187  0.916280
 0.0188  0.916686
 0.0189  0.917691
 0.0190  0.918518
 0.0191  0.919169
 0.0192  0.919778
 0.0193  0.920331
 0.0194  0.920860
 0.0195  0.921320
 0.0196  0.921725
 0.0197  0.922224
 0.0198  0.922738
 0.0199  0.923636
 0.0200  0.924802
 0.0201  0.925653
 0.0202  0.926412
 0.0203  0.927135
 0.0204  0.927807
 0.0205  0.928462
 0.0206  0.929086
 0.0207  0.929688
 0.0208  0.930264
 0.0209  0.931502
 0.0210  0.932744
 0.0211  0.933770
 0.0212  0.934706
 0.0213  0.935589
 0.0214  0.936437
 0.0215  0.937256
 0.0216  0.938114
 0.0217  0.938914
 0.0218  0.940304
 0.0219  0.942021
 0.0220  0.943301
 0.0221  0.944445
 0.0222  0.945459
 0.0223  0.946538
 0.0224  0.947576
 0.0225  0.948582
 0.0226  0.949569
 0.0227  0.952019
 0.0228  0.953825
 0.0229  0.955411
 0.0230  0.956898
 0.0231  0.958313
 0.0232  0.959686
 0.0233  0.961019
 0.0234  0.962704
 0.0235  0.965632
 0.0236  0.967925
 0.0237  0.970008
 0.0238  0.971965
 0.0239  0.973873
 0.0240  0.975697
 0.0241  0.977786
 0.0242  0.982016
 0.0243  0.985210
 0.0244  0.988086
 0.0245  0.990789
 0.0246  0.993401
 0.0247  0.995961
 0.0248  1.001893
 0.0249  1.006541
 0.0250  1.010729
 0.0251  1.014755
 0.0252  1.018659
 0.0253  1.026514
 0.0254  1.034409
 0.0255  1.041219
 0.0256  1.047774
 0.0257  1.058964
 0.0258  1.074294
 0.0259  1.087158
 0.0260  1.109191
 0.0261  1.145499
 0.0262  1.241662
 0.0263  1.196561
 0.0264  1.133160
 0.0265  1.101120
 0.0266  1.083992
 0.0267  1.063526
 0.0268  1.054633
 0.0269  1.043280
 0.0270  1.032538
 0.0271  1.027104
 0.0272  1.018045
 0.0273  1.010856
 0.0274  1.006764
 0.0275  1.001616
 0.0276  0.994135
 0.0277  0.990329
 0.0278  0.986999
 0.0279  0.982995
 0.0280  0.977103
 0.0281  0.973630
 0.0282  0.971094
 0.0283  0.968076
 0.0284  0.964489
 0.0285  0.959419
 0.0286  0.957428
 0.0287  0.955236
 0.0288  0.952819
 0.0289  0.949807
 0.0290  0.945703
 0.0291  0.943617
 0.0292  0.941813
 0.0293  0.939920
 0.0294  0.937631
 0.0295  0.934944
 0.0296  0.931535
 0.0297  0.930058
 0.0298  0.928544
 0.0299  0.926801
 0.0300  0.924900
 0.0301  0.922694
 0.0302  0.919643
 0.0303  0.918018
 0.0304  0.916682
 0.0305  0.915180
 0.0306  0.913636
 0.0307  0.911922
 0.0308  0.909903
 0.0309  0.907365
 0.0310  0.905981
 0.0311  0.904660
 0.0312  0.903308
 0.0313  0.901950
 0.0314  0.900424
 0.0315  0.898720
 0.0316  0.896358
 0.0317  0.894931
 0.0318  0.893806
 0.0319  0.892677
 0.0320  0.891482
 0.0321  0.890202
 0.0322  0.888852
 0.0323  0.887333
 0.0324  0.885209
 0.0325  0.883972
 0.0326  0.882980
 0.0327  0.881944
 0.0328  0.880807
 0.0329  0.879683
 0.0330  0.878470
 0.0331  0.877176
 0.0332  0.875524
 0.0333  0.873881
 0.0334  0.872993
 0.0335  0.872019
 0.0336  0.871030
 0.0337  0.870016
 0.0338  0.868920
 0.0339  0.867785
 0.0340  0.866474
 0.0341  0.864904
 0.0342  0.863389
 0.0343  0.862527
 0.0344  0.861654
 0.0345  0.860773
 0.0346  0.859843
 0.0347  0.858877
 0.0348  0.857867
 0.0349  0.856777
 0.0350  0.855549
 0.0351  0.853968
 0.0352  0.853108
 0.0353  0.852327
 0.0354  0.851492
 0.0355  0.850587
 0.0356  0.849717
 0.0357  0.848828
 0.0358  0.847883
 0.0359  0.846887
 0.0360  0.845756
 0.0361  0.844283
 0.0362  0.843416
 0.0363  0.842653
 0.0364  0.841860
 0.0365  0.841046
 0.0366  0.840219
 0.0367  0.839342
 0.0368  0.838429
 0.0369  0.837420
 0.0370  0.836422
 0.0371  0.835260
 0.0372  0.834064
 0.0373  0.833355
 0.0374  0.832625
 0.0375  0.831888
 0.0376  0.831136
 0.0377  0.830352
 0.0378  0.829557
 0.0379  0.828776
 0.0380  0.827924
 0.0381  0.826994
 0.0382  0.825890
 0.0383  0.824731
 0.0384  0.824068
 0.0385  0.823398
 0.0386  0.822721
 0.0387  0.822018
 0.0388  0.821305
 0.0389  0.820572
 0.0390  0.819794
 0.0391  0.819000
 0.0392  0.818138
 0.0393  0.817215
 0.0394  0.815966
 0.0395  0.815121
 0.0396  0.814438
 0.0397  0.813771
 0.0398  0.813076
 0.0399  0.812369
 0.0400  0.811682
