-0.400  0.000000
-0.399  0.000000
-0.398  0.000000
-0.397  0.000000
-0.396  0.000000
-0.395  0.000000
-0.394  0.000000
-0.393  0.000000
-0.392  0.000000
-0.391  0.000000
-0.390  0.000000
-0.389  0.000000
-0.388  0.000000
-0.387  0.000000
-0.386  0.000000
-0.385  0.000000
-0.384  0.000000
-0.383  0.000000
-0.382  0.000000
-0.381  0.000000
-0.380  0.000000
-0.379  0.000000
-0.378  0.000000
-0.377  0.000000
-0.376  0.000000
-0.375  0.000000
-0.374  0.000000
-0.373  0.000000
-0.372  0.000000
-0.371  0.000000
-0.370  0.000000
-0.369  0.000000
-0.368  0.000000
-0.367  0.000000
-0.366  0.000000
-0.365  0.000000
-0.364  0.000000
-0.363  0.000000
-0.362  0.000000
-0.361  0.000000
-0.360  0.000000
-0.359  0.000000
-0.358  0.000000
-0.357  0.000000
-0.356  0.000000
-0.355  0.000000
-0.354  0.000000
-0.353  0.000000
-0.352  0.000000
-0.351  0.000000
-0.350  0.000000
-0.349  0.000000
-0.348  0.000000
-0.347  0.000000
-0.346  0.000000
-0.345  0.000000
-0.344  0.000000
-0.343  0.000000
-0.342  0.000000
-0.341  0.000000
-0.340  0.000000
-0.339  0.000000
-0.338  0.000000
-0.337  0.000000
-0.336  0.000000
-0.335  0.000000
-0.334  0.000000
-0.333  0.000000
-0.332  0.000000
-0.331  0.000000
-0.330  0.000000
-0.329  0.000000
-0.328  0.000000
-0.327  0.000000
-0.326  0.000000
-0.325  0.000000
-0.324  0.000000
-0.323  0.000000
-0.322  0.000000
-0.321  0.000000
-0.320  0.000000
-0.319  0.000000
-0.318  0.000000
-0.317  0.000000
-0.316  0.000000
-0.315  0.000000
-0.314  0.000000
-0.313  0.000000
-0.312  0.000000
-0.311  0.000000
-0.310  0.000000
-0.309  0.000000
-0.308  0.000000
-0.307  0.000000
-0.306  0.000000
-0.305  0.000000
-0.304  0.000000
-0.303  0.000000
-0.302  0.000000
-0.301  0.000000
-0.300  0.000000
-0.299  0.000000
-0.298  0.000000
-0.297  0.000000
-0.296  0.000000
-0.295  0.000000
-0.294  0.000000
-0.293  0.000000
-0.292  0.000000
-0.291  0.000000
-0.290  0.000000
-0.289  0.000000
-0.288  0.000000
-0.287  0.000000
-0.286  0.000000
-0.285  0.000000
-0.284  0.000000
-0.283  0.000000
-0.282  0.000000
-0.281  0.000000
-0.280  0.000000
-0.279  0.000000
-0.278  0.000000
-0.277  0.000000
-0.276  0.000000
-0.275  0.000000
-0.274  0.000000
-0.273  0.000000
-0.272  0.000000
-0.271  0.000000
-0.270  0.863095
-0.269  0.594511
-0.268  0.504606
-0.267  0.460205
-0.266  0.429590
-0.265  0.409957
-0.264  0.395752
-0.263  0.384822
-0.262  0.376719
-0.261  0.370110
-0.260  0.364549
-0.259  0.359887
-0.258  0.356042
-0.257  0.353017
-0.256  0.351225
-0.255  0.348991
-0.254  0.347640
-0.253  1.719547
-0.252  1.626993
-0.251  1.396296
-0.250  1.297246
-0.249  1.231990
-0.248  1.196070
-0.247  1.167137
-0.246  1.147266
-0.245  1.132147
-0.244  1.121070
-0.243  1.110646
-0.242  1.102819
-0.241  1.098460
-0.240  1.094352
-0.239  1.091774
-0.238  1.089600
-0.237  1.090023
-0.236  1.089569
-0.235  1.277416
-0.234  1.294357
-0.233  1.312716
-0.232  1.332287
-0.231  1.353613
-0.230  1.371691
-0.229  1.393864
-0.228  1.414219
-0.227  1.434310
-0.226  1.454747
-0.225  1.474922
-0.224  1.495054
-0.223  1.514040
-0.222  1.531309
-0.221  1.550212
-0.220  1.570731
-0.219  1.588476
-0.218  1.606629
-0.217  1.626312
-0.216  1.647424
-0.215  1.666274
-0.214  1.686952
-0.213  1.707997
-0.212  1.818023
-0.211  1.837654
-0.210  1.861648
-0.209  1.885470
-0.208  1.909249
-0.207  1.935166
-0.206  1.961507
-0.205  1.989455
-0.204  2.019430
-0.203  2.050092
-0.202  2.082108
-0.201  2.115596
-0.200  2.152069
-0.199  2.189107
-0.198  2.228004
-0.197  2.270183
-0.196  2.316252
-0.195  2.363207
-0.194  2.414364
-0.193  2.468506
-0.192  2.528249
-0.191  2.592573
-0.190  2.664168
-0.189  2.743561
-0.188  2.831991
-0.187  2.933441
-0.186  3.050977
-0.185  3.190507
-0.184  3.361850
-0.183  3.584101
-0.182  3.898804
-0.181  4.446447
-0.180  6.513667
-0.179  4.418350
-0.178  3.959121
-0.177  3.690846
-0.176  3.500957
-0.175  3.355353
-0.174  3.240907
-0.173  3.144471
-0.172  3.062954
-0.171  2.988982
-0.170  2.927293
-0.169  2.870726
-0.168  2.818775
-0.167  2.774055
-0.166  2.731945
-0.165  2.691989
-0.164  2.655942
-0.163  2.622756
-0.162  2.591958
-0.161  2.561979
-0.160  2.533585
-0.159  2.507344
-0.158  2.483144
-0.157  2.458795
-0.156  2.436839
-0.155  2.414439
-0.154  2.394709
-0.153  2.375300
-0.152  2.356722
-0.151  2.338611
-0.150  2.320933
-0.149  2.304713
-0.148  2.288808
-0.147  2.273750
-0.146  2.258451
-0.145  2.243878
-0.144  2.231233
-0.143  2.216924
-0.142  2.201813
-0.141  2.217318
-0.140  2.238572
-0.139  2.267724
-0.138  2.314580
-0.137  2.423781
-0.136  2.415751
-0.135  2.310661
-0.134  2.257778
-0.133  2.219946
-0.132  2.189499
-0.131  2.163151
-0.130  2.140950
-0.129  2.120012
-0.128  2.100878
-0.127  2.083663
-0.126  2.068249
-0.125  2.053086
-0.124  2.037049
-0.123  2.024097
-0.122  1.799883
-0.121  1.795738
-0.120  1.792109
-0.119  1.789040
-0.118  1.786840
-0.117  1.785190
-0.116  1.784458
-0.115  1.783952
-0.114  1.783784
-0.113  1.785128
-0.112  1.786570
-0.111  1.788787
-0.110  1.791560
-0.109  1.795355
-0.108  1.799898
-0.107  1.805605
-0.106  1.811911
-0.105  1.819176
-0.104  1.828081
-0.103  1.838476
-0.102  1.850167
-0.101  2.006537
-0.100  2.024032
-0.099  2.051426
-0.098  2.078843
-0.097  2.115369
-0.096  2.165745
-0.095  2.252685
-0.094  2.304369
-0.093  2.229355
-0.092  2.209199
-0.091  2.200740
-0.090  2.200483
-0.089  2.206614
-0.088  2.214315
-0.087  2.228039
-0.086  2.245267
-0.085  2.268717
-0.084  2.294169
-0.083  2.324447
-0.082  2.364685
-0.081  2.405824
-0.080  2.445605
-0.079  1.692918
-0.078  1.725594
-0.077  1.762148
-0.076  1.801659
-0.075  1.850891
-0.074  1.912839
-0.073  2.006507
-0.072  2.431502
-0.071  2.047957
-0.070  1.997963
-0.069  1.981983
-0.068  1.984576
-0.067  1.999395
-0.066  2.023561
-0.065  2.057389
-0.064  2.101260
-0.063  2.161407
-0.062  2.234008
-0.061  2.322554
-0.060  2.465068
-0.059  2.646921
-0.058  2.978466
-0.057  3.841006
-0.056  2.673015
-0.055  1.854008
-0.054  1.620654
-0.053  1.491150
-0.052  1.408462
-0.051  1.348887
-0.050  1.301531
-0.049  1.263199
-0.048  1.232373
-0.047  0.833104
-0.046  0.837747
-0.045  0.842401
-0.044  0.846672
-0.043  0.851773
-0.042  0.857070
-0.041  0.862084
-0.040  0.867234
-0.039  0.872964
-0.038  0.879012
-0.037  0.885230
-0.036  0.891279
-0.035  0.897612
-0.034  0.905052
-0.033  0.912375
-0.032  0.920505
-0.031  0.928793
-0.030  0.937530
-0.029  0.946880
-0.028  0.956600
-0.027  0.967350
-0.026  0.979674
-0.025  0.992624
-0.024  1.008315
-0.023  1.025767
-0.022  1.045013
-0.021  1.067061
-0.020  1.092064
-0.019  1.127275
-0.018  1.169635
-0.017  1.227920
-0.016  1.326678
-0.015  1.554768
-0.014  1.675863
-0.013  1.489394
-0.012  1.410800
-0.011  1.363258
-0.010  1.333605
-0.009  1.303934
-0.008  1.054264
-0.007  1.047885
-0.006  1.042930
-0.005  1.038596
-0.004  1.034285
-0.003  1.030396
-0.002  1.027446
-0.001  1.024841
 0.000  1.021591
 0.001  1.018505
 0.002  1.017004
 0.003  1.015802
 0.004  1.014926
 0.005  1.014127
 0.006  1.014452
 0.007  1.017268
 0.008  1.021712
 0.009  1.028682
 0.010  1.039771
 0.011  1.057584
 0.012  1.098787
 0.013  1.296751
 0.014  1.082759
 0.015  1.031116
 0.016  0.998153
 0.017  0.971688
 0.018  0.948735
 0.019  0.930314
 0.020  0.911992
 0.021  0.896482
 0.022  0.882199
 0.023  0.868838
 0.024  0.856106
 0.025  0.844045
 0.026  0.832354
 0.027  0.821199
 0.028  0.811415
 0.029  0.801396
 0.030  0.791839
 0.031  0.782754
 0.032  0.774609
 0.033  0.765728
 0.034  0.757065
 0.035  0.749577
 0.036  0.741672
 0.037  0.734706
 0.038  0.727249
 0.039  0.720057
 0.040  0.713368
 0.041  0.706243
 0.042  0.700243
 0.043  0.693656
 0.044  0.687746
 0.045  0.681298
 0.046  0.676116
 0.047  0.669944
 0.048  0.664876
 0.049  0.659505
 0.050  0.654242
 0.051  0.649512
 0.052  0.644628
 0.053  0.640017
 0.054  0.635629
 0.055  0.631715
 0.056  0.627340
 0.057  0.624264
 0.058  0.621016
 0.059  0.617921
 0.060  0.615474
 0.061  0.612544
 0.062  0.610083
 0.063  0.606709
 0.064  0.602630
 0.065  0.869216
 0.066  0.887029
 0.067  0.902740
 0.068  0.919730
 0.069  0.939541
 0.070  0.958102
 0.071  0.980150
 0.072  1.004416
 0.073  1.028219
 0.074  1.057555
 0.075  1.090975
 0.076  1.132294
 0.077  1.181833
 0.078  1.255668
 0.079  1.370134
 0.080  1.681710
 0.081  1.314430
 0.082  1.171544
 0.083  1.093931
 0.084  1.037034
 0.085  0.998410
 0.086  0.964008
 0.087  0.940472
 0.088  0.917695
 0.089  0.902683
 0.090  0.887800
 0.091  0.877709
 0.092  0.868983
 0.093  0.865280
 0.094  0.868593
 0.095  0.882695
 0.096  0.932376
 0.097  0.925900
 0.098  1.703447
 0.099  1.813504
 0.100  2.788692
 0.101  2.178520
 0.102  1.800893
 0.103  1.609775
 0.104  1.480746
 0.105  1.630600
 0.106  1.539095
 0.107  1.474452
 0.108  1.455312
 0.109  1.002541
 0.110  0.972211
 0.111  0.959553
 0.112  0.953281
 0.113  0.948353
 0.114  1.019090
 0.115  1.026191
 0.116  1.031678
 0.117  1.049963
 0.118  1.059325
 0.119  1.073151
 0.120  1.087390
 0.121  1.037501
 0.122  1.072172
 0.123  1.104733
 0.124  1.149042
 0.125  1.211054
 0.126  1.316154
 0.127  1.431426
 0.128  1.293338
 0.129  1.246475
 0.130  1.215447
 0.131  1.197208
 0.132  1.182036
 0.133  1.172339
 0.134  1.163213
 0.135  1.157091
 0.136  1.153688
 0.137  1.148606
 0.138  1.148457
 0.139  1.146456
 0.140  1.147629
 0.141  1.149172
 0.142  1.153951
 0.143  1.160569
 0.144  1.170737
 0.145  1.183907
 0.146  1.212790
 0.147  1.257484
 0.148  1.345523
 0.149  1.218026
 0.150  1.173935
 0.151  1.142588
 0.152  1.117556
 0.153  1.096747
 0.154  1.080307
 0.155  1.062494
 0.156  1.049265
 0.157  1.035306
 0.158  1.022705
 0.159  1.010006
 0.160  0.998287
 0.161  0.986882
 0.162  0.976248
 0.163  0.964632
 0.164  0.954977
 0.165  0.944641
 0.166  0.934324
 0.167  0.926511
 0.168  0.916363
 0.169  0.908082
 0.170  0.898573
 0.171  0.890336
 0.172  0.879808
 0.173  0.872997
 0.174  0.863095
 0.175  0.854043
 0.176  0.846302
 0.177  0.838407
 0.178  0.830996
 0.179  0.822161
 0.180  0.814891
 0.181  0.807107
 0.182  0.798806
 0.183  0.789749
 0.184  0.783410
 0.185  0.776053
 0.186  0.767334
 0.187  0.759133
 0.188  0.750599
 0.189  0.745617
 0.190  0.873839
 0.191  0.866125
 0.192  0.864547
 0.193  0.860817
 0.194  0.859294
 0.195  0.855722
 0.196  0.855520
 0.197  0.852306
 0.198  0.848900
 0.199  0.844732
 0.200  0.844300
 0.201  0.839194
 0.202  0.838539
 0.203  0.833309
 0.204  0.831815
 0.205  0.829157
 0.206  0.832061
 0.207  0.823481
 0.208  0.818166
 0.209  0.821824
 0.210  0.818232
 0.211  0.853256
 0.212  0.923028
 0.213  0.943593
 0.214  0.903915
 0.215  0.877627
 0.216  0.763776
 0.217  0.757660
 0.218  0.750804
 0.219  0.748720
 0.220  0.745442
 0.221  0.740718
 0.222  0.741904
 0.223  0.741411
 0.224  0.740841
 0.225  0.742114
 0.226  0.743466
 0.227  0.742014
 0.228  0.747910
 0.229  0.754062
 0.230  0.765393
 0.231  0.782396
 0.232  0.798819
 0.233  0.821754
 0.234  0.883454
 0.235  1.098148
 0.236  0.909345
 0.237  0.912404
 0.238  0.460571
 0.239  0.453906
 0.240  0.454161
 0.241  0.454398
 0.242  0.458077
 0.243  0.455674
 0.244  0.462387
 0.245  0.470507
 0.246  0.472644
 0.247  0.475894
 0.248  0.487065
 0.249  0.493304
 0.250  0.500352
 0.251  0.507318
 0.252  0.519745
 0.253  0.534111
 0.254  0.544100
 0.255  0.553380
 0.256  0.561902
 0.257  0.584318
 0.258  0.609759
 0.259  0.635961
 0.260  0.902267
 0.261  1.027374
 0.262  1.439349
 0.263  1.070951
 0.264  0.965874
 0.265  0.911376
 0.266  0.876024
 0.267  0.850606
 0.268  0.830752
 0.269  0.815340
 0.270  0.802056
 0.271  0.791183
 0.272  0.781569
 0.273  0.773007
 0.274  0.765652
 0.275  0.758771
 0.276  0.752775
 0.277  0.747189
 0.278  0.741709
 0.279  0.737266
 0.280  0.732438
 0.281  0.728382
 0.282  0.724397
 0.283  0.720388
 0.284  0.716997
 0.285  0.713406
 0.286  0.710201
 0.287  0.707004
 0.288  0.703864
 0.289  0.701015
 0.290  0.698069
 0.291  0.695374
 0.292  0.692756
 0.293  0.690021
 0.294  0.687627
 0.295  0.684977
 0.296  0.682696
 0.297  0.680255
 0.298  0.678144
 0.299  0.675763
 0.300  0.673483
 0.301  0.671442
 0.302  0.669263
 0.303  0.667338
 0.304  0.665171
 0.305  0.663287
 0.306  0.661132
 0.307  0.659204
 0.308  0.657380
 0.309  0.655400
 0.310  0.653626
 0.311  0.651707
 0.312  0.649825
 0.313  0.648178
 0.314  0.646319
 0.315  0.644715
 0.316  0.642822
 0.317  0.641209
 0.318  0.639503
 0.319  0.637678
 0.320  0.636335
 0.321  0.634355
 0.322  0.633108
 0.323  0.631214
 0.324  0.629832
 0.325  0.628315
 0.326  0.626419
 0.327  0.625297
 0.328  0.623312
 0.329  0.622169
 0.330  0.620578
 0.331  0.618957
 0.332  0.617742
 0.333  0.615897
 0.334  0.614792
 0.335  0.612956
 0.336  0.611946
 0.337  0.610360
 0.338  0.609020
 0.339  0.607659
 0.340  0.605902
 0.341  0.604968
 0.342  0.603210
 0.343  0.602207
 0.344  0.600790
 0.345  0.599458
 0.346  0.598191
 0.347  0.596749
 0.348  0.595543
 0.349  0.593785
 0.350  0.592984
 0.351  0.591397
 0.352  0.590422
 0.353  0.589048
 0.354  0.587831
 0.355  0.586600
 0.356  0.585307
 0.357  0.584100
 0.358  0.582525
 0.359  0.581689
 0.360  0.580120
 0.361  0.579241
 0.362  0.577835
 0.363  0.576873
 0.364  0.575515
 0.365  0.574399
 0.366  0.573145
 0.367  0.572110
 0.368  0.570889
 0.369  0.569703
 0.370  0.568578
 0.371  0.567832
 0.372  0.566199
 0.373  0.565274
 0.374  0.564082
 0.375  0.563281
 0.376  0.561553
 0.377  0.561045
 0.378  0.559401
 0.379  0.558829
 0.380  0.558010
 0.381  0.556124
 0.382  0.553280
 0.383  0.552816
 0.384  0.554021
 0.385  0.555608
 0.386  0.564505
 0.387  0.587041
 0.388  0.565865
 0.389  0.560196
 0.390  0.556429
 0.391  0.553268
 0.392  0.550740
 0.393  0.548299
 0.394  0.546116
 0.395  0.543906
 0.396  0.541814
 0.397  0.539829
 0.398  0.537787
 0.399  0.535790
 0.400  0.533956
 0.401  0.532186
 0.402  0.530010
 0.403  0.528161
 0.404  0.526380
 0.405  0.524617
 0.406  0.522438
 0.407  0.520851
 0.408  0.518982
 0.409  0.517306
 0.410  0.515102
 0.411  0.513705
 0.412  0.511669
 0.413  0.524431
 0.414  0.523832
 0.415  0.522764
 0.416  0.522241
 0.417  0.520185
 0.418  0.520072
 0.419  0.518908
 0.420  0.517725
 0.421  0.517058
 0.422  0.516875
 0.423  0.514882
 0.424  0.514664
 0.425  0.513863
 0.426  0.512787
 0.427  0.511928
 0.428  0.510963
 0.429  0.510426
 0.430  0.508783
 0.431  0.508521
 0.432  0.508052
 0.433  0.505839
 0.434  0.506050
 0.435  0.505602
 0.436  0.504185
 0.437  0.503181
 0.438  0.502885
 0.439  0.501962
 0.440  0.500261
 0.441  0.500297
 0.442  0.499844
 0.443  0.497329
 0.444  0.497866
 0.445  0.497132
 0.446  0.495215
 0.447  0.495443
 0.448  0.493708
 0.449  0.493105
 0.450  0.493171
 0.451  0.491242
 0.452  0.490450
 0.453  0.491357
 0.454  0.488772
 0.455  0.487993
 0.456  0.489267
 0.457  0.486473
 0.458  0.485735
 0.459  0.486880
 0.460  0.484129
 0.461  0.483878
 0.462  0.484563
 0.463  0.481811
 0.464  0.482647
 0.465  0.481715
 0.466  0.479575
 0.467  0.480477
 0.468  0.479636
 0.469  0.476737
 0.470  0.477139
 0.471  0.477231
 0.472  0.477086
 0.473  0.474197
 0.474  0.474300
 0.475  0.473390
 0.476  0.473382
 0.477  0.472375
 0.478  0.470452
 0.479  0.473648
 0.480  0.469216
 0.481  0.468336
 0.482  0.468543
 0.483  0.467871
 0.484  0.468317
 0.485  0.466556
 0.486  0.466004
 0.487  0.464912
 0.488  0.464401
 0.489  0.464209
 0.490  0.463570
 0.491  0.461799
 0.492  0.462749
 0.493  0.459897
 0.494  0.461121
 0.495  0.459031
 0.496  0.460017
 0.497  0.460413
 0.498  0.457375
 0.499  0.457139
 0.500  0.455745
 0.501  0.454770
 0.502  0.461664
 0.503  0.452167
 0.504  0.453832
 0.505  0.459387
 0.506  0.451203
 0.507  0.448910
 0.508  0.452148
 0.509  0.457807
 0.510  0.451094
 0.511  0.446286
 0.512  0.446302
 0.513  0.446225
 0.514  0.443610
 0.515  0.447846
 0.516  0.444027
 0.517  0.441819
 0.518  0.445874
 0.519  0.441433
 0.520  0.438436
 0.521  0.438841
 0.522  0.399598
 0.523  0.383672
 0.524  0.386255
 0.525  0.389145
 0.526  0.392553
 0.527  0.396379
 0.528  0.400812
 0.529  0.405932
 0.530  0.433558
 0.531  0.417982
 0.532  0.447751
 0.533  0.434617
 0.534  0.459992
 0.535  0.530979
 0.536  0.467746
 0.537  0.456326
 0.538  0.450195
 0.539  0.446226
 0.540  0.443334
 0.541  0.441125
 0.542  0.439237
 0.543  0.437541
 0.544  0.436305
 0.545  0.435209
 0.546  0.433781
 0.547  0.432733
 0.548  0.431886
 0.549  0.431073
 0.550  0.430007
 0.551  0.429191
 0.552  0.428483
 0.553  0.427741
 0.554  0.427058
 0.555  0.426399
 0.556  0.425714
 0.557  0.425111
 0.558  0.424434
 0.559  0.423591
 0.560  0.422699
 0.561  0.421892
 0.562  0.421382
 0.563  0.420948
 0.564  0.420067
 0.565  0.419816
 0.566  0.419470
 0.567  0.417959
 0.568  0.416157
 0.569  0.229608
 0.570  0.229500
 0.571  0.229414
 0.572  0.229318
 0.573  0.229217
 0.574  0.229128
 0.575  0.229061
 0.576  0.228965
 0.577  0.228878
 0.578  0.228805
 0.579  0.228739
 0.580  0.228654
 0.581  0.228579
 0.582  0.228534
 0.583  0.228452
 0.584  0.228377
 0.585  0.228315
 0.586  0.228268
 0.587  0.228194
 0.588  0.228130
 0.589  0.228087
 0.590  0.228028
 0.591  0.227962
 0.592  0.227909
 0.593  0.227875
 0.594  0.227810
 0.595  0.227753
 0.596  0.227716
 0.597  0.227671
 0.598  0.227613
 0.599  0.227567
 0.600  0.227544
 0.601  0.227485
 0.602  0.227436
 0.603  0.227405
 0.604  0.227369
 0.605  0.227318
 0.606  0.227278
 0.607  0.227264
 0.608  0.227211
 0.609  0.227167
 0.610  0.227145
 0.611  0.227114
 0.612  0.227069
 0.613  0.227036
 0.614  0.227027
 0.615  0.226980
 0.616  0.226943
 0.617  0.226932
 0.618  0.226901
 0.619  0.226861
 0.620  0.226836
 0.621  0.226830
 0.622  0.226789
 0.623  0.226759
 0.624  0.226768
 0.625  0.226726
 0.626  0.226692
 0.627  0.226678
 0.628  0.226670
 0.629  0.226635
 0.630  0.226613
 0.631  0.226623
 0.632  0.226586
 0.633  0.226560
 0.634  0.226563
 0.635  0.226545
 0.636  0.226517
 0.637  0.226506
 0.638  0.226512
 0.639  0.226482
 0.640  0.226466
 0.641  0.226487
 0.642  0.226455
 0.643  0.226435
 0.644  0.226443
 0.645  0.226435
 0.646  0.226413
 0.647  0.226410
 0.648  0.226422
 0.649  0.226398
 0.650  0.226390
 0.651  0.226417
 0.652  0.226391
 0.653  0.226379
 0.654  0.226418
 0.655  0.226391
 0.656  0.226377
 0.657  0.226388
 0.658  0.226398
 0.659  0.226382
 0.660  0.226386
 0.661  0.226412
 0.662  0.226395
 0.663  0.226394
 0.664  0.226432
 0.665  0.226414
 0.666  0.226411
 0.667  0.226459
 0.668  0.226440
 0.669  0.226435
 0.670  0.226465
 0.671  0.226473
 0.672  0.226467
 0.673  0.226488
 0.674  0.226512
 0.675  0.226505
 0.676  0.226522
 0.677  0.226558
 0.678  0.226551
 0.679  0.226564
 0.680  0.226610
 0.681  0.226603
 0.682  0.226614
 0.683  0.226668
 0.684  0.226661
 0.685  0.226672
 0.686  0.226733
 0.687  0.226726
 0.688  0.226737
 0.689  0.226804
 0.690  0.226797
 0.691  0.226808
 0.692  0.226881
 0.693  0.226875
 0.694  0.226887
 0.695  0.226964
 0.696  0.226959
 0.697  0.226972
 0.698  0.227038
 0.699  0.227050
 0.700  0.227064
 0.701  0.227130
 0.702  0.227148
 0.703  0.227164
 0.704  0.227233
 0.705  0.227251
 0.706  0.227270
 0.707  0.227349
 0.708  0.227362
 0.709  0.227383
 0.710  0.227475
 0.711  0.227479
 0.712  0.227503
 0.713  0.227597
 0.714  0.227603
 0.715  0.227632
 0.716  0.227725
 0.717  0.227734
 0.718  0.227768
 0.719  0.227859
 0.720  0.227872
 0.721  0.227912
 0.722  0.228001
 0.723  0.228018
 0.724  0.228065
 0.725  0.228149
 0.726  0.228171
 0.727  0.228229
 0.728  0.228305
 0.729  0.228333
 0.730  0.228407
 0.731  0.228469
 0.732  0.228504
 0.733  0.228623
 0.734  0.228640
 0.735  0.228684
 0.736  0.228797
 0.737  0.228820
 0.738  0.228876
 0.739  0.228979
 0.740  0.229010
 0.741  0.229082
 0.742  0.229169
 0.743  0.229209
 0.744  0.229315
 0.745  0.229369
 0.746  0.229421
 0.747  0.229547
 0.748  0.229578
 0.749  0.229647
 0.750  0.229757
 0.751  0.229799
 0.752  0.229896
 0.753  0.229977
 0.754  0.230033
 0.755  0.230173
 0.756  0.230209
 0.757  0.230285
 0.758  0.230404
 0.759  0.230453
 0.760  0.230570
 0.761  0.230647
 0.762  0.230715
 0.763  0.230858
 0.764  0.230904
 0.765  0.231001
 0.766  0.231113
 0.767  0.231178
 0.768  0.231338
 0.769  0.231384
 0.770  0.231476
 0.771  0.231607
 0.772  0.231672
 0.773  0.231844
 0.774  0.231891
 0.775  0.231986
 0.776  0.232128
 0.777  0.232196
 0.778  0.232377
 0.779  0.232429
 0.780  0.232530
 0.781  0.232677
 0.782  0.232752
 0.783  0.232938
 0.784  0.232996
 0.785  0.233113
 0.786  0.233255
 0.787  0.233342
 0.788  0.233526
 0.789  0.233596
 0.790  0.233744
 0.791  0.233864
 0.792  0.233972
 0.793  0.234146
 0.794  0.234232
 0.795  0.234438
 0.796  0.234509
 0.797  0.234654
 0.798  0.234799
 0.799  0.234912
 0.800  0.235101
 0.801  0.235195
 0.802  0.235412
 0.803  0.235492
 0.804  0.235665
 0.805  0.235802
 0.806  0.235938
 0.807  0.236123
 0.808  0.236238
 0.809  0.236453
 0.810  0.236553
 0.811  0.236792
 0.812  0.236881
 0.813  0.237087
 0.814  0.237220
 0.815  0.237385
 0.816  0.237568
 0.817  0.237713
 0.818  0.237925
 0.819  0.238057
 0.820  0.238290
 0.821  0.238412
 0.822  0.238664
 0.823  0.238779
 0.824  0.239044
 0.825  0.239154
 0.826  0.239433
 0.827  0.239539
 0.828  0.239828
 0.829  0.239932
 0.830  0.240189
 0.831  0.240334
 0.832  0.240574
 0.833  0.240744
 0.834  0.240982
 0.835  0.241163
 0.836  0.241405
 0.837  0.241590
 0.838  0.241846
 0.839  0.242025
 0.840  0.242314
 0.841  0.242470
 0.842  0.242800
 0.843  0.242925
 0.844  0.243254
 0.845  0.243389
 0.846  0.243716
 0.847  0.243866
 0.848  0.244187
 0.849  0.244356
 0.850  0.244667
 0.851  0.244863
 0.852  0.245158
 0.853  0.245394
 0.854  0.245661
 0.855  0.245986
 0.856  0.246180
 0.857  0.246547
 0.858  0.246717
 0.859  0.247065
 0.860  0.247281
 0.861  0.247600
 0.862  0.247902
 0.863  0.248154
 0.864  0.248545
 0.865  0.248736
 0.866  0.249098
 0.867  0.249371
 0.868  0.249675
 0.869  0.250091
 0.870  0.250289
 0.871  0.250668
 0.872  0.250979
 0.873  0.251278
 0.874  0.251701
 0.875  0.251946
 0.876  0.252313
 0.877  0.252768
 0.878  0.252982
 0.879  0.253386
 0.880  0.253845
 0.881  0.254064
 0.882  0.254491
 0.883  0.254939
 0.884  0.255188
 0.885  0.255625
 0.886  0.256128
 0.887  0.256357
 0.888  0.256794
 0.889  0.257296
 0.890  0.257588
 0.891  0.258001
 0.892  0.258494
 0.893  0.258989
 0.894  0.259273
 0.895  0.259738
 0.896  0.260262
 0.897  0.260748
 0.898  0.261067
 0.899  0.261549
 0.900  0.262083
 0.901  0.262651
 0.902  0.262999
 0.903  0.263451
 0.904  0.263972
 0.905  0.264530
 0.906  0.265114
 0.907  0.265692
 0.908  0.266042
 0.909  0.266548
 0.910  0.267095
 0.911  0.267669
 0.912  0.268260
 0.913  0.268864
 0.914  0.269478
 0.915  0.270098
 0.916  0.270722
 0.917  0.271351
 0.918  0.271978
 0.919  0.272608
 0.920  0.273236
 0.921  0.273859
 0.922  0.274483
 0.923  0.275107
 0.924  0.275732
 0.925  0.276361
 0.926  0.277007
 0.927  0.277682
 0.928  0.278440
 0.929  0.279452
 0.930  0.280021
 0.931  0.280644
 0.932  0.281407
 0.933  0.282439
 0.934  0.282990
 0.935  0.283848
 0.936  0.284718
 0.937  0.285433
 0.938  0.286392
 0.939  0.287299
 0.940  0.287996
 0.941  0.289092
 0.942  0.290268
 0.943  0.291056
 0.944  0.291904
 0.945  0.293294
 0.946  0.293916
 0.947  0.294518
 0.948  0.295983
 0.949  0.297376
 0.950  0.297856
 0.951  0.299577
 0.952  0.302011
 0.953  0.308361
 0.954  0.000000
 0.955  0.000000
 0.956  0.000000
 0.957  0.000000
 0.958  0.000000
 0.959  0.000000
 0.960  0.000000
 0.961  0.000000
 0.962  0.000000
 0.963  0.000000
 0.964  0.000000
 0.965  0.000000
 0.966  0.000000
 0.967  0.000000
 0.968  0.000000
 0.969  0.000000
 0.970  0.000000
 0.971  0.000000
 0.972  0.000000
 0.973  0.000000
 0.974  0.000000
 0.975  0.000000
 0.976  0.000000
 0.977  0.000000
 0.978  0.000000
 0.979  0.000000
 0.980  0.000000
 0.981  0.000000
 0.982  0.000000
 0.983  0.000000
 0.984  0.000000
 0.985  0.000000
 0.986  0.000000
 0.987  0.000000
 0.988  0.000000
 0.989  0.000000
 0.990  0.000000
 0.991  0.000000
 0.992  0.000000
 0.993  0.000000
 0.994  0.000000
 0.995  0.000000
 0.996  0.000000
 0.997  0.000000
 0.998  0.000000
 0.999  0.000000
 1.000  0.000000
