-0.400  0.000000
-0.399  0.000000
-0.398  0.000000
-0.397  0.000000
-0.396  0.000000
-0.395  0.000000
-0.394  0.000000
-0.393  0.000000
-0.392  0.000000
-0.391  0.000000
-0.390  0.000000
-0.389  0.000000
-0.388  0.000000
-0.387  0.000000
-0.386  0.000000
-0.385  0.000000
-0.384  0.000000
-0.383  0.000000
-0.382  0.000000
-0.381  0.000000
-0.380  0.000000
-0.379  0.000000
-0.378  0.000000
-0.377  0.000000
-0.376  0.000000
-0.375  0.000000
-0.374  0.000000
-0.373  0.000000
-0.372  0.000000
-0.371  0.000000
-0.370  0.000000
-0.369  0.000000
-0.368  0.000000
-0.367  0.000000
-0.366  0.000000
-0.365  0.000000
-0.364  0.000000
-0.363  0.000000
-0.362  0.000000
-0.361  0.000000
-0.360  0.000000
-0.359  0.000000
-0.358  0.000000
-0.357  0.000000
-0.356  0.000000
-0.355  0.000000
-0.354  0.000000
-0.353  0.000000
-0.352  0.000000
-0.351  0.000000
-0.350  0.000000
-0.349  0.000000
-0.348  0.000000
-0.347  0.000000
-0.346  0.000000
-0.345  0.000000
-0.344  0.000000
-0.343  0.000000
-0.342  0.000000
-0.341  0.000000
-0.340  0.000000
-0.339  0.000000
-0.338  0.000000
-0.337  0.000000
-0.336  0.000000
-0.335  0.000000
-0.334  0.000000
-0.333  0.000000
-0.332  0.000000
-0.331  0.000000
-0.330  0.000000
-0.329  0.000000
-0.328  0.000000
-0.327  0.000000
-0.326  0.000000
-0.325  0.000000
-0.324  0.000000
-0.323  0.000000
-0.322  0.000000
-0.321  0.000000
-0.320  0.000000
-0.319  0.000000
-0.318  0.000000
-0.317  0.000000
-0.316  0.000000
-0.315  0.000000
-0.314  0.000000
-0.313  0.000000
-0.312  0.000000
-0.311  0.000000
-0.310  0.000000
-0.309  0.000000
-0.308  0.000000
-0.307  0.000000
-0.306  0.000000
-0.305  0.000000
-0.304  0.000000
-0.303  0.000000
-0.302  0.000000
-0.301  0.000000
-0.300  0.000000
-0.299  0.000000
-0.298  0.000000
-0.297  0.000000
-0.296  0.000000
-0.295  0.000000
-0.294  0.000000
-0.293  0.000000
-0.292  0.000000
-0.291  0.000000
-0.290  0.000000
-0.289  0.000000
-0.288  0.000000
-0.287  0.000000
-0.286  0.000000
-0.285  0.000000
-0.284  0.000000
-0.283  0.000000
-0.282  0.000000
-0.281  0.000000
-0.280  0.000000
-0.279  0.000000
-0.278  0.000000
-0.277  0.000000
-0.276  0.000000
-0.275  0.000000
-0.274  0.000000
-0.273  0.000000
-0.272  0.000000
-0.271  0.000000
-0.270  0.000000
-0.269  0.000000
-0.268  0.000000
-0.267  0.000000
-0.266  0.000000
-0.265  0.000000
-0.264  0.000000
-0.263  0.000000
-0.262  0.000000
-0.261  0.000000
-0.260  0.000000
-0.259  0.000000
-0.258  1.483581
-0.257  0.788325
-0.256  0.603078
-0.255  0.505824
-0.254  0.438753
-0.253  0.383397
-0.252  2.212135
-0.251  1.114979
-0.250  0.998975
-0.249  1.001416
-0.248  1.091667
-0.247  1.218834
-0.246  1.222502
-0.245  1.187559
-0.244  1.153468
-0.243  1.127314
-0.242  1.105673
-0.241  1.087307
-0.240  1.074294
-0.239  1.062435
-0.238  1.053523
-0.237  1.045882
-0.236  1.038801
-0.235  1.033711
-0.234  1.029862
-0.233  1.027116
-0.232  1.573162
-0.231  1.408319
-0.230  1.396937
-0.229  1.397506
-0.228  1.401287
-0.227  1.402150
-0.226  1.408003
-0.225  1.414111
-0.224  1.467209
-0.223  1.474144
-0.222  1.487735
-0.221  1.496694
-0.220  1.509463
-0.219  1.522433
-0.218  1.532628
-0.217  1.545070
-0.216  1.557777
-0.215  1.571297
-0.214  1.583532
-0.213  1.596854
-0.212  1.610950
-0.211  1.624830
-0.210  1.639803
-0.209  1.655317
-0.208  1.670380
-0.207  1.686046
-0.206  1.702472
-0.205  1.718692
-0.204  1.735789
-0.203  1.753974
-0.202  1.772071
-0.201  1.790810
-0.200  1.810122
-0.199  1.831309
-0.198  1.851909
-0.197  1.873990
-0.196  1.896130
-0.195  1.919408
-0.194  1.944672
-0.193  1.969975
-0.192  1.995964
-0.191  2.024258
-0.190  2.053584
-0.189  2.084020
-0.188  2.115871
-0.187  2.149579
-0.186  2.184837
-0.185  2.222294
-0.184  2.263103
-0.183  2.305261
-0.182  2.351186
-0.181  2.400123
-0.180  2.452737
-0.179  2.510692
-0.178  2.573035
-0.177  2.641388
-0.176  2.715974
-0.175  2.801327
-0.174  2.898215
-0.173  3.008532
-0.172  3.139349
-0.171  3.299313
-0.170  3.499446
-0.169  3.771094
-0.168  4.199937
-0.167  5.274327
-0.166  4.712840
-0.165  4.086689
-0.164  3.770967
-0.163  3.556938
-0.162  3.398120
-0.161  3.267935
-0.160  3.169346
-0.159  3.077127
-0.158  3.000893
-0.157  2.929527
-0.156  2.868120
-0.155  2.813946
-0.154  2.761587
-0.153  2.716079
-0.152  2.673292
-0.151  2.634662
-0.150  2.598222
-0.149  2.563261
-0.148  2.531451
-0.147  2.501004
-0.146  2.471681
-0.145  2.444678
-0.144  2.419165
-0.143  2.394598
-0.142  2.372611
-0.141  2.349627
-0.140  2.329380
-0.139  2.309144
-0.138  2.291245
-0.137  2.272262
-0.136  2.256613
-0.135  2.239309
-0.134  2.223003
-0.133  2.208663
-0.132  2.194883
-0.131  2.179623
-0.130  2.167278
-0.129  2.154119
-0.128  2.142407
-0.127  2.130444
-0.126  2.119949
-0.125  2.108235
-0.124  2.098378
-0.123  2.086992
-0.122  2.079419
-0.121  2.037321
-0.120  2.034445
-0.119  2.033162
-0.118  2.030022
-0.117  2.029385
-0.116  2.028678
-0.115  2.028113
-0.114  2.029940
-0.113  2.034407
-0.112  2.058003
-0.111  2.012551
-0.110  1.994401
-0.109  1.980681
-0.108  1.985870
-0.107  1.982135
-0.106  1.976253
-0.105  1.973979
-0.104  1.971173
-0.103  1.968647
-0.102  1.965844
-0.101  1.963834
-0.100  1.962889
-0.099  1.960899
-0.098  1.960647
-0.097  1.958555
-0.096  1.958218
-0.095  1.960131
-0.094  1.961235
-0.093  1.965816
-0.092  1.931912
-0.091  1.908646
-0.090  1.932552
-0.089  1.972264
-0.088  2.003768
-0.087  1.984716
-0.086  1.986996
-0.085  1.992316
-0.084  1.999271
-0.083  2.007838
-0.082  2.018260
-0.081  2.029800
-0.080  2.043722
-0.079  2.057695
-0.078  2.077463
-0.077  2.099461
-0.076  2.126231
-0.075  2.157914
-0.074  2.198659
-0.073  2.253769
-0.072  2.330599
-0.071  2.443609
-0.070  2.574191
-0.069  2.328289
-0.068  2.227851
-0.067  2.164324
-0.066  2.118261
-0.065  2.083568
-0.064  2.048734
-0.063  2.020976
-0.062  1.996029
-0.061  1.973807
-0.060  1.955891
-0.059  1.933492
-0.058  1.912749
-0.057  1.575448
-0.056  1.584047
-0.055  1.592318
-0.054  1.602374
-0.053  1.612668
-0.052  1.623629
-0.051  1.636184
-0.050  1.647333
-0.049  1.662023
-0.048  1.675459
-0.047  1.693763
-0.046  1.712841
-0.045  1.731180
-0.044  1.757089
-0.043  1.782960
-0.042  1.814409
-0.041  1.857543
-0.040  1.909554
-0.039  1.987932
-0.038  2.132930
-0.037  2.448250
-0.036  2.092699
-0.035  1.977041
-0.034  1.907241
-0.033  1.852244
-0.032  1.810247
-0.031  1.770191
-0.030  1.736002
-0.029  1.704117
-0.028  1.676276
-0.027  1.640530
-0.026  1.613439
-0.025  1.020820
-0.024  1.013443
-0.023  1.007817
-0.022  0.962160
-0.021  0.972310
-0.020  0.984180
-0.019  1.096348
-0.018  1.158034
-0.017  1.209774
-0.016  1.261923
-0.015  1.321150
-0.014  1.396703
-0.013  1.509148
-0.012  1.809111
-0.011  1.572766
-0.010  1.537682
-0.009  1.529284
-0.008  1.536144
-0.007  1.548485
-0.006  1.568253
-0.005  1.594381
-0.004  1.633355
-0.003  1.675468
-0.002  1.735329
-0.001  1.819430
 0.000  1.734904
 0.001  1.836547
 0.002  1.509098
 0.003  1.247197
 0.004  1.128888
 0.005  1.055453
 0.006  1.013563
 0.007  0.981757
 0.008  0.957856
 0.009  0.941854
 0.010  0.930043
 0.011  0.921708
 0.012  0.916416
 0.013  0.916871
 0.014  0.922254
 0.015  0.933408
 0.016  0.953164
 0.017  0.997383
 0.018  1.087072
 0.019  1.638488
 0.020  1.139496
 0.021  0.823251
 0.022  0.791014
 0.023  0.763931
 0.024  0.742378
 0.025  0.725505
 0.026  0.710554
 0.027  0.696595
 0.028  0.683784
 0.029  0.674830
 0.030  0.664498
 0.031  0.655346
 0.032  0.647390
 0.033  0.638531
 0.034  0.632001
 0.035  0.624175
 0.036  0.618062
 0.037  0.611025
 0.038  0.605398
 0.039  0.599058
 0.040  0.593879
 0.041  0.588319
 0.042  0.582927
 0.043  0.578163
 0.044  0.572881
 0.045  0.568535
 0.046  0.563877
 0.047  0.559512
 0.048  0.555523
 0.049  0.551479
 0.050  0.547950
 0.051  0.544478
 0.052  0.541433
 0.053  0.538729
 0.054  0.536131
 0.055  0.534902
 0.056  0.533666
 0.057  1.022634
 0.058  1.060501
 0.059  1.096640
 0.060  1.031262
 0.061  1.082701
 0.062  1.139195
 0.063  1.221648
 0.064  1.363445
 0.065  1.933511
 0.066  1.312565
 0.067  1.181150
 0.068  1.103373
 0.069  1.043840
 0.070  1.000002
 0.071  0.970104
 0.072  0.941953
 0.073  0.920086
 0.074  0.899821
 0.075  0.881846
 0.076  0.867064
 0.077  0.853523
 0.078  0.840767
 0.079  1.866554
 0.080  2.805530
 0.081  1.891889
 0.082  1.749504
 0.083  1.648091
 0.084  1.577601
 0.085  1.521751
 0.086  1.487228
 0.087  1.467813
 0.088  1.448797
 0.089  1.438704
 0.090  1.445364
 0.091  1.461768
 0.092  1.530907
 0.093  1.557254
 0.094  1.348087
 0.095  1.298224
 0.096  1.277635
 0.097  1.244869
 0.098  0.862301
 0.099  0.860232
 0.100  0.857447
 0.101  0.858997
 0.102  0.858843
 0.103  0.857491
 0.104  0.859650
 0.105  0.938132
 0.106  0.951410
 0.107  0.969335
 0.108  0.983048
 0.109  1.003410
 0.110  1.021527
 0.111  1.049446
 0.112  1.076060
 0.113  1.110165
 0.114  1.162306
 0.115  1.245391
 0.116  1.584666
 0.117  1.265835
 0.118  1.206735
 0.119  1.175113
 0.120  1.071570
 0.121  1.057814
 0.122  1.048083
 0.123  1.038947
 0.124  1.031699
 0.125  1.026487
 0.126  1.022387
 0.127  1.018787
 0.128  1.014345
 0.129  1.011530
 0.130  1.008377
 0.131  1.007155
 0.132  1.005731
 0.133  1.003238
 0.134  1.002250
 0.135  1.001393
 0.136  1.000874
 0.137  0.999983
 0.138  1.000881
 0.139  0.999393
 0.140  0.999501
 0.141  1.002380
 0.142  1.001532
 0.143  1.004327
 0.144  1.005798
 0.145  1.009222
 0.146  1.011606
 0.147  1.015697
 0.148  1.022867
 0.149  1.031658
 0.150  1.050689
 0.151  1.095384
 0.152  1.079267
 0.153  1.024925
 0.154  1.006750
 0.155  0.983727
 0.156  0.967442
 0.157  0.953671
 0.158  0.940346
 0.159  0.930733
 0.160  0.917004
 0.161  0.909389
 0.162  0.899591
 0.163  0.889383
 0.164  0.882393
 0.165  0.873475
 0.166  0.865615
 0.167  0.868750
 0.168  0.898844
 0.169  0.891740
 0.170  0.890057
 0.171  0.886395
 0.172  0.882621
 0.173  0.879933
 0.174  0.877936
 0.175  0.874868
 0.176  0.871472
 0.177  0.872243
 0.178  0.864900
 0.179  0.864226
 0.180  0.860663
 0.181  0.858492
 0.182  0.856306
 0.183  0.852622
 0.184  0.850851
 0.185  0.848540
 0.186  0.843926
 0.187  0.843418
 0.188  0.839397
 0.189  0.837416
 0.190  0.833852
 0.191  0.831612
 0.192  0.831285
 0.193  0.825174
 0.194  0.826655
 0.195  0.820471
 0.196  0.817337
 0.197  0.820147
 0.198  0.809556
 0.199  0.814698
 0.200  0.809525
 0.201  0.806365
 0.202  0.805286
 0.203  0.804984
 0.204  0.800370
 0.205  0.764916
 0.206  0.770578
 0.207  0.774763
 0.208  0.777524
 0.209  0.780610
 0.210  0.792206
 0.211  0.800030
 0.212  0.813123
 0.213  0.855479
 0.214  0.830805
 0.215  0.801018
 0.216  0.789387
 0.217  0.778848
 0.218  0.764563
 0.219  0.755452
 0.220  0.747650
 0.221  0.743213
 0.222  0.706912
 0.223  0.740466
 0.224  0.753939
 0.225  0.768917
 0.226  0.778910
 0.227  0.789214
 0.228  0.815404
 0.229  0.864429
 0.230  0.933178
 0.231  0.867976
 0.232  0.829038
 0.233  0.797935
 0.234  0.769633
 0.235  0.787123
 0.236  0.743207
 0.237  0.439627
 0.238  0.440984
 0.239  0.447091
 0.240  0.455747
 0.241  0.462124
 0.242  0.466401
 0.243  0.473580
 0.244  0.484016
 0.245  0.503192
 0.246  0.514462
 0.247  0.540388
 0.248  0.538336
 0.249  0.704801
 0.250  0.776392
 0.251  0.852121
 0.252  1.067354
 0.253  0.938511
 0.254  0.859358
 0.255  0.821109
 0.256  0.797245
 0.257  0.780342
 0.258  0.767523
 0.259  0.757188
 0.260  0.748771
 0.261  0.741627
 0.262  0.735816
 0.263  0.729988
 0.264  0.725236
 0.265  0.720997
 0.266  0.716804
 0.267  0.712963
 0.268  0.709586
 0.269  0.706332
 0.270  0.703393
 0.271  0.700355
 0.272  0.697549
 0.273  0.694920
 0.274  0.692347
 0.275  0.689972
 0.276  0.687424
 0.277  0.685183
 0.278  0.682994
 0.279  0.680801
 0.280  0.678540
 0.281  0.676529
 0.282  0.674516
 0.283  0.672657
 0.284  0.670609
 0.285  0.668600
 0.286  0.666691
 0.287  0.664927
 0.288  0.663309
 0.289  0.661258
 0.290  0.659552
 0.291  0.657583
 0.292  0.656134
 0.293  0.654203
 0.294  0.652704
 0.295  0.651100
 0.296  0.649554
 0.297  0.647845
 0.298  0.646038
 0.299  0.644611
 0.300  0.643016
 0.301  0.641626
 0.302  0.639954
 0.303  0.638303
 0.304  0.636910
 0.305  0.635417
 0.306  0.634035
 0.307  0.632465
 0.308  0.630877
 0.309  0.629462
 0.310  0.628113
 0.311  0.626335
 0.312  0.625309
 0.313  0.623680
 0.314  0.622407
 0.315  0.621080
 0.316  0.619364
 0.317  0.618399
 0.318  0.616662
 0.319  0.615600
 0.320  0.614257
 0.321  0.612702
 0.322  0.611702
 0.323  0.609950
 0.324  0.609016
 0.325  0.607631
 0.326  0.606260
 0.327  0.605194
 0.328  0.603874
 0.329  0.602627
 0.330  0.601244
 0.331  0.600043
 0.332  0.598806
 0.333  0.597531
 0.334  0.596327
 0.335  0.595110
 0.336  0.594024
 0.337  0.592544
 0.338  0.591475
 0.339  0.590286
 0.340  0.588765
 0.341  0.588033
 0.342  0.586418
 0.343  0.585590
 0.344  0.584361
 0.345  0.583137
 0.346  0.582117
 0.347  0.580848
 0.348  0.579797
 0.349  0.578091
 0.350  0.577671
 0.351  0.576188
 0.352  0.575307
 0.353  0.574171
 0.354  0.572856
 0.355  0.572043
 0.356  0.570262
 0.357  0.569828
 0.358  0.568093
 0.359  0.567714
 0.360  0.566289
 0.361  0.565509
 0.362  0.564445
 0.363  0.563124
 0.364  0.562333
 0.365  0.560618
 0.366  0.560339
 0.367  0.558529
 0.368  0.558219
 0.369  0.556582
 0.370  0.556210
 0.371  0.554426
 0.372  0.554008
 0.373  0.552819
 0.374  0.552127
 0.375  0.550347
 0.376  0.549811
 0.377  0.549276
 0.378  0.547479
 0.379  0.546429
 0.380  0.546150
 0.381  0.544717
 0.382  0.543457
 0.383  0.542674
 0.384  0.536055
 0.385  0.536201
 0.386  0.535727
 0.387  0.536046
 0.388  0.535626
 0.389  0.536008
 0.390  0.535621
 0.391  0.536342
 0.392  0.536613
 0.393  0.538288
 0.394  0.544035
 0.395  0.540990
 0.396  0.533389
 0.397  0.529719
 0.398  0.526910
 0.399  0.526423
 0.400  0.523389
 0.401  0.521927
 0.402  0.525193
 0.403  0.524663
 0.404  0.522943
 0.405  0.522657
 0.406  0.521871
 0.407  0.520953
 0.408  0.520000
 0.409  0.518185
 0.410  0.519133
 0.411  0.516886
 0.412  0.516528
 0.413  0.515086
 0.414  0.515333
 0.415  0.513123
 0.416  0.513144
 0.417  0.512434
 0.418  0.511467
 0.419  0.509549
 0.420  0.508946
 0.421  0.509404
 0.422  0.507602
 0.423  0.507394
 0.424  0.506271
 0.425  0.505899
 0.426  0.504092
 0.427  0.503062
 0.428  0.503285
 0.429  0.502386
 0.430  0.500961
 0.431  0.501215
 0.432  0.499885
 0.433  0.498733
 0.434  0.497816
 0.435  0.497303
 0.436  0.496639
 0.437  0.495259
 0.438  0.495238
 0.439  0.493930
 0.440  0.493605
 0.441  0.493428
 0.442  0.491398
 0.443  0.491751
 0.444  0.491299
 0.445  0.488887
 0.446  0.488782
 0.447  0.487104
 0.448  0.486989
 0.449  0.485956
 0.450  0.485242
 0.451  0.485062
 0.452  0.483259
 0.453  0.484815
 0.454  0.483032
 0.455  0.480749
 0.456  0.481266
 0.457  0.480904
 0.458  0.478457
 0.459  0.479931
 0.460  0.478715
 0.461  0.476417
 0.462  0.478360
 0.463  0.476359
 0.464  0.474829
 0.465  0.475897
 0.466  0.473829
 0.467  0.473583
 0.468  0.473440
 0.469  0.471157
 0.470  0.471798
 0.471  0.471059
 0.472  0.469023
 0.473  0.469363
 0.474  0.468614
 0.475  0.468672
 0.476  0.466978
 0.477  0.466769
 0.478  0.465315
 0.479  0.464720
 0.480  0.468324
 0.481  0.462985
 0.482  0.466000
 0.483  0.461265
 0.484  0.460813
 0.485  0.460617
 0.486  0.459059
 0.487  0.462293
 0.488  0.457367
 0.489  0.464343
 0.490  0.455673
 0.491  0.461428
 0.492  0.455620
 0.493  0.459562
 0.494  0.456816
 0.495  0.459086
 0.496  0.455168
 0.497  0.460607
 0.498  0.451623
 0.499  0.450636
 0.500  0.449941
 0.501  0.448953
 0.502  0.448989
 0.503  0.447267
 0.504  0.448275
 0.505  0.445783
 0.506  0.455191
 0.507  0.457043
 0.508  0.447352
 0.509  0.443462
 0.510  0.442570
 0.511  0.442783
 0.512  0.440974
 0.513  0.443890
 0.514  0.439582
 0.515  0.438441
 0.516  0.481895
 0.517  0.480502
 0.518  0.460598
 0.519  0.440160
 0.520  0.434646
 0.521  0.433719
 0.522  0.441788
 0.523  0.447621
 0.524  0.440185
 0.525  0.438035
 0.526  0.387935
 0.527  0.391879
 0.528  0.396313
 0.529  0.416359
 0.530  0.407863
 0.531  0.431810
 0.532  0.440218
 0.533  0.462977
 0.534  0.455966
 0.535  0.443897
 0.536  0.439269
 0.537  0.436130
 0.538  0.434346
 0.539  0.432831
 0.540  0.431525
 0.541  0.430359
 0.542  0.429323
 0.543  0.428458
 0.544  0.427737
 0.545  0.426877
 0.546  0.426190
 0.547  0.425531
 0.548  0.424734
 0.549  0.424005
 0.550  0.423412
 0.551  0.423240
 0.552  0.422282
 0.553  0.421407
 0.554  0.421250
 0.555  0.420502
 0.556  0.419650
 0.557  0.420047
 0.558  0.420251
 0.559  0.324016
 0.560  0.323696
 0.561  0.323401
 0.562  0.323078
 0.563  0.322744
 0.564  0.322399
 0.565  0.322053
 0.566  0.321680
 0.567  0.321402
 0.568  0.321479
 0.569  0.320825
 0.570  0.320672
 0.571  0.320101
 0.572  0.320048
 0.573  0.319508
 0.574  0.320312
 0.575  0.318044
 0.576  0.227113
 0.577  0.227047
 0.578  0.226990
 0.579  0.226950
 0.580  0.226903
 0.581  0.226844
 0.582  0.226795
 0.583  0.226770
 0.584  0.226710
 0.585  0.226657
 0.586  0.226618
 0.587  0.226587
 0.588  0.226533
 0.589  0.226487
 0.590  0.226474
 0.591  0.226418
 0.592  0.226369
 0.593  0.226333
 0.594  0.226313
 0.595  0.226262
 0.596  0.226220
 0.597  0.226199
 0.598  0.226164
 0.599  0.226119
 0.600  0.226085
 0.601  0.226075
 0.602  0.226027
 0.603  0.225989
 0.604  0.225970
 0.605  0.225944
 0.606  0.225903
 0.607  0.225873
 0.608  0.225869
 0.609  0.225826
 0.610  0.225791
 0.611  0.225776
 0.612  0.225756
 0.613  0.225718
 0.614  0.225693
 0.615  0.225695
 0.616  0.225654
 0.617  0.225624
 0.618  0.225616
 0.619  0.225598
 0.620  0.225565
 0.621  0.225545
 0.622  0.225549
 0.623  0.225513
 0.624  0.225488
 0.625  0.225493
 0.626  0.225469
 0.627  0.225441
 0.628  0.225428
 0.629  0.225433
 0.630  0.225401
 0.631  0.225382
 0.632  0.225403
 0.633  0.225370
 0.634  0.225346
 0.635  0.225345
 0.636  0.225344
 0.637  0.225319
 0.638  0.225308
 0.639  0.225326
 0.640  0.225298
 0.641  0.225283
 0.642  0.225309
 0.643  0.225285
 0.644  0.225266
 0.645  0.225267
 0.646  0.225278
 0.647  0.225257
 0.648  0.225251
 0.649  0.225278
 0.650  0.225254
 0.651  0.225244
 0.652  0.225284
 0.653  0.225259
 0.654  0.225246
 0.655  0.225257
 0.656  0.225270
 0.657  0.225254
 0.658  0.225258
 0.659  0.225287
 0.660  0.225270
 0.661  0.225268
 0.662  0.225310
 0.663  0.225292
 0.664  0.225287
 0.665  0.225323
 0.666  0.225320
 0.667  0.225314
 0.668  0.225333
 0.669  0.225355
 0.670  0.225346
 0.671  0.225360
 0.672  0.225395
 0.673  0.225386
 0.674  0.225395
 0.675  0.225442
 0.676  0.225432
 0.677  0.225439
 0.678  0.225495
 0.679  0.225484
 0.680  0.225489
 0.681  0.225553
 0.682  0.225542
 0.683  0.225546
 0.684  0.225587
 0.685  0.225606
 0.686  0.225610
 0.687  0.225644
 0.688  0.225677
 0.689  0.225680
 0.690  0.225711
 0.691  0.225753
 0.692  0.225757
 0.693  0.225786
 0.694  0.225836
 0.695  0.225839
 0.696  0.225868
 0.697  0.225924
 0.698  0.225929
 0.699  0.225957
 0.700  0.226019
 0.701  0.226024
 0.702  0.226054
 0.703  0.226119
 0.704  0.226126
 0.705  0.226157
 0.706  0.226226
 0.707  0.226234
 0.708  0.226268
 0.709  0.226339
 0.710  0.226349
 0.711  0.226386
 0.712  0.226458
 0.713  0.226471
 0.714  0.226511
 0.715  0.226584
 0.716  0.226599
 0.717  0.226644
 0.718  0.226715
 0.719  0.226734
 0.720  0.226786
 0.721  0.226854
 0.722  0.226876
 0.723  0.226937
 0.724  0.226999
 0.725  0.227026
 0.726  0.227101
 0.727  0.227152
 0.728  0.227184
 0.729  0.227297
 0.730  0.227311
 0.731  0.227350
 0.732  0.227459
 0.733  0.227478
 0.734  0.227526
 0.735  0.227629
 0.736  0.227654
 0.737  0.227712
 0.738  0.227806
 0.739  0.227837
 0.740  0.227912
 0.741  0.227991
 0.742  0.228031
 0.743  0.228142
 0.744  0.228184
 0.745  0.228235
 0.746  0.228357
 0.747  0.228387
 0.748  0.228452
 0.749  0.228561
 0.750  0.228600
 0.751  0.228688
 0.752  0.228774
 0.753  0.228824
 0.754  0.228965
 0.755  0.228997
 0.756  0.229064
 0.757  0.229189
 0.758  0.229232
 0.759  0.229325
 0.760  0.229423
 0.761  0.229480
 0.762  0.229630
 0.763  0.229668
 0.764  0.229747
 0.765  0.229875
 0.766  0.229928
 0.767  0.230049
 0.768  0.230133
 0.769  0.230206
 0.770  0.230354
 0.771  0.230406
 0.772  0.230513
 0.773  0.230625
 0.774  0.230697
 0.775  0.230860
 0.776  0.230912
 0.777  0.231018
 0.778  0.231145
 0.779  0.231219
 0.780  0.231392
 0.781  0.231447
 0.782  0.231560
 0.783  0.231692
 0.784  0.231773
 0.785  0.231951
 0.786  0.232013
 0.787  0.232141
 0.788  0.232268
 0.789  0.232361
 0.790  0.232537
 0.791  0.232610
 0.792  0.232777
 0.793  0.232875
 0.794  0.232988
 0.795  0.233154
 0.796  0.233243
 0.797  0.233445
 0.798  0.233517
 0.799  0.233669
 0.800  0.233804
 0.801  0.233920
 0.802  0.234104
 0.803  0.234199
 0.804  0.234414
 0.805  0.234494
 0.806  0.234670
 0.807  0.234801
 0.808  0.234937
 0.809  0.235120
 0.810  0.235234
 0.811  0.235448
 0.812  0.235547
 0.813  0.235785
 0.814  0.235872
 0.815  0.236069
 0.816  0.236209
 0.817  0.236368
 0.818  0.236554
 0.819  0.236694
 0.820  0.236909
 0.821  0.237036
 0.822  0.237272
 0.823  0.237389
 0.824  0.237643
 0.825  0.237752
 0.826  0.238022
 0.827  0.238125
 0.828  0.238398
 0.829  0.238507
 0.830  0.238737
 0.831  0.238897
 0.832  0.239110
 0.833  0.239296
 0.834  0.239501
 0.835  0.239702
 0.836  0.239905
 0.837  0.240117
 0.838  0.240322
 0.839  0.240540
 0.840  0.240751
 0.841  0.240972
 0.842  0.241194
 0.843  0.241411
 0.844  0.241652
 0.845  0.241860
 0.846  0.242136
 0.847  0.242318
 0.848  0.242657
 0.849  0.242787
 0.850  0.243122
 0.851  0.243267
 0.852  0.243596
 0.853  0.243761
 0.854  0.244080
 0.855  0.244271
 0.856  0.244574
 0.857  0.244806
 0.858  0.245082
 0.859  0.245397
 0.860  0.245604
 0.861  0.245974
 0.862  0.246147
 0.863  0.246496
 0.864  0.246719
 0.865  0.247035
 0.866  0.247360
 0.867  0.247596
 0.868  0.247986
 0.869  0.248188
 0.870  0.248544
 0.871  0.248846
 0.872  0.249129
 0.873  0.249540
 0.874  0.249757
 0.875  0.250124
 0.876  0.250518
 0.877  0.250748
 0.878  0.251161
 0.879  0.251448
 0.880  0.251787
 0.881  0.252230
 0.882  0.252484
 0.883  0.252862
 0.884  0.253326
 0.885  0.253574
 0.886  0.253973
 0.887  0.254451
 0.888  0.254713
 0.889  0.255116
 0.890  0.255599
 0.891  0.255914
 0.892  0.256299
 0.893  0.256777
 0.894  0.257269
 0.895  0.257536
 0.896  0.257992
 0.897  0.258509
 0.898  0.258897
 0.899  0.259275
 0.900  0.259761
 0.901  0.260296
 0.902  0.260787
 0.903  0.261116
 0.904  0.261600
 0.905  0.262134
 0.906  0.262703
 0.907  0.263203
 0.908  0.263568
 0.909  0.264068
 0.910  0.264612
 0.911  0.265184
 0.912  0.265776
 0.913  0.266381
 0.914  0.266896
 0.915  0.267325
 0.916  0.267859
 0.917  0.268423
 0.918  0.269005
 0.919  0.269600
 0.920  0.270203
 0.921  0.270815
 0.922  0.271434
 0.923  0.272058
 0.924  0.272688
 0.925  0.273330
 0.926  0.273989
 0.927  0.274678
 0.928  0.275446
 0.929  0.276314
 0.930  0.276905
 0.931  0.277512
 0.932  0.278164
 0.933  0.278930
 0.934  0.279933
 0.935  0.280483
 0.936  0.281170
 0.937  0.282288
 0.938  0.282794
 0.939  0.283793
 0.940  0.284463
 0.941  0.285700
 0.942  0.286093
 0.943  0.287189
 0.944  0.288428
 0.945  0.288775
 0.946  0.289644
 0.947  0.290578
 0.948  0.291615
 0.949  0.293064
 0.950  0.293462
 0.951  0.294860
 0.952  0.295985
 0.953  0.296332
 0.954  0.297215
 0.955  0.300297
 0.956  0.000000
 0.957  0.000000
 0.958  0.000000
 0.959  0.000000
 0.960  0.000000
 0.961  0.000000
 0.962  0.000000
 0.963  0.000000
 0.964  0.000000
 0.965  0.000000
 0.966  0.000000
 0.967  0.000000
 0.968  0.000000
 0.969  0.000000
 0.970  0.000000
 0.971  0.000000
 0.972  0.000000
 0.973  0.000000
 0.974  0.000000
 0.975  0.000000
 0.976  0.000000
 0.977  0.000000
 0.978  0.000000
 0.979  0.000000
 0.980  0.000000
 0.981  0.000000
 0.982  0.000000
 0.983  0.000000
 0.984  0.000000
 0.985  0.000000
 0.986  0.000000
 0.987  0.000000
 0.988  0.000000
 0.989  0.000000
 0.990  0.000000
 0.991  0.000000
 0.992  0.000000
 0.993  0.000000
 0.994  0.000000
 0.995  0.000000
 0.996  0.000000
 0.997  0.000000
 0.998  0.000000
 0.999  0.000000
 1.000  0.000000
