-0.0400  2.333957
-0.0399  2.363090
-0.0398  2.397063
-0.0397  2.450758
-0.0396  2.530743
-0.0395  2.610691
-0.0394  2.788323
-0.0393  3.308706
-0.0392  2.777331
-0.0391  2.617009
-0.0390  2.535767
-0.0389  2.486268
-0.0388  2.434916
-0.0387  2.389997
-0.0386  2.363750
-0.0385  2.332482
-0.0384  2.306380
-0.0383  2.284687
-0.0382  2.272196
-0.0381  2.248542
-0.0380  2.232362
-0.0379  2.219825
-0.0378  2.207908
-0.0377  2.195702
-0.0376  2.178531
-0.0375  2.165403
-0.0374  2.156173
-0.0373  2.144500
-0.0372  2.139683
-0.0371  2.124555
-0.0370  2.115733
-0.0369  2.105660
-0.0368  2.102803
-0.0367  2.094728
-0.0366  2.086734
-0.0365  2.077317
-0.0364  2.072939
-0.0363  2.060482
-0.0362  2.055552
-0.0361  2.047735
-0.0360  2.041991
-0.0359  2.041137
-0.0358  2.033881
-0.0357  2.029517
-0.0356  2.020159
-0.0355  2.013658
-0.0354  2.007599
-0.0353  2.001326
-0.0352  1.997317
-0.0351  1.992543
-0.0350  1.991948
-0.0349  1.988284
-0.0348  1.982134
-0.0347  1.976909
-0.0346  1.966276
-0.0345  1.963846
-0.0344  1.956643
-0.0343  1.957056
-0.0342  1.957387
-0.0341  1.954821
-0.0340  1.945552
-0.0339  1.939990
-0.0338  1.931972
-0.0337  1.930448
-0.0336  1.930463
-0.0335  1.932042
-0.0334  1.922331
-0.0333  1.911804
-0.0332  1.909216
-0.0331  1.908068
-0.0330  1.916784
-0.0329  1.905100
-0.0328  1.894691
-0.0327  1.889492
-0.0326  1.906119
-0.0325  1.891348
-0.0324  1.875687
-0.0323  1.890496
-0.0322  1.875098
-0.0321  1.877575
-0.0320  1.794472
-0.0319  1.061141
-0.0318  1.060166
-0.0317  1.059415
-0.0316  1.058723
-0.0315  1.057514
-0.0314  1.056285
-0.0313  1.055339
-0.0312  1.054312
-0.0311  1.053064
-0.0310  1.052065
-0.0309  1.051014
-0.0308  1.049852
-0.0307  1.048686
-0.0306  1.047832
-0.0305  1.046855
-0.0304  1.046343
-0.0303  1.045255
-0.0302  1.044139
-0.0301  1.043128
-0.0300  1.042492
-0.0299  1.041736
-0.0298  1.040827
-0.0297  1.039788
-0.0296  1.038513
-0.0295  1.037506
-0.0294  1.036588
-0.0293  1.035588
-0.0292  1.034854
-0.0291  1.033921
-0.0290  1.033113
-0.0289  1.032587
-0.0288  1.031992
-0.0287  1.031396
-0.0286  1.030730
-0.0285  1.029687
-0.0284  1.028409
-0.0283  1.027473
-0.0282  1.026343
-0.0281  1.025173
-0.0280  1.024671
-0.0279  1.024275
-0.0278  1.023517
-0.0277  1.022675
-0.0276  1.021962
-0.0275  1.021126
-0.0274  1.020239
-0.0273  1.018850
-0.0272  1.017816
-0.0271  1.016966
-0.0270  1.016390
-0.0269  1.015754
-0.0268  1.015475
-0.0267  1.014897
-0.0266  1.014265
-0.0265  1.013462
-0.0264  1.012571
-0.0263  1.011465
-0.0262  1.010164
-0.0261  1.009414
-0.0260  1.008637
-0.0259  1.007793
-0.0258  1.006930
-0.0257  1.006058
-0.0256  1.005788
-0.0255  1.005039
-0.0254  1.004140
-0.0253  1.003317
-0.0252  1.002575
-0.0251  1.001867
-0.0250  1.000982
-0.0249  1.000032
-0.0248  0.999072
-0.0247  0.998067
-0.0246  0.997040
-0.0245  0.995885
-0.0244  0.995218
-0.0243  0.994803
-0.0242  0.994400
-0.0241  0.993945
-0.0240  0.993450
-0.0239  0.992237
-0.0238  0.990658
-0.0237  0.989085
-0.0236  0.987307
-0.0235  0.986380
-0.0234  0.985725
-0.0233  0.986343
-0.0232  0.986327
-0.0231  0.985296
-0.0230  0.984085
-0.0229  0.983587
-0.0228  0.982638
-0.0227  0.980721
-0.0226  0.979056
-0.0225  0.980375
-0.0224  0.976255
-0.0223  0.971552
-0.0222  0.972255
-0.0221  0.977992
-0.0220  0.938209
-0.0219  0.936264
-0.0218  0.937043
-0.0217  0.937739
-0.0216  0.938517
-0.0215  0.939278
-0.0214  0.939931
-0.0213  0.940631
-0.0212  0.941270
-0.0211  0.942699
-0.0210  0.943739
-0.0209  0.944733
-0.0208  0.945574
-0.0207  0.946373
-0.0206  0.947165
-0.0205  0.947935
-0.0204  0.948636
-0.0203  0.949282
-0.0202  0.949888
-0.0201  0.950590
-0.0200  0.952315
-0.0199  0.953451
-0.0198  0.954550
-0.0197  0.955566
-0.0196  0.956285
-0.0195  0.957149
-0.0194  0.957969
-0.0193  0.958729
-0.0192  0.959464
-0.0191  0.960169
-0.0190  0.964100
-0.0189  0.982871
-0.0188  1.003426
-0.0187  1.016911
-0.0186  1.027181
-0.0185  1.030122
-0.0184  1.033109
-0.0183  1.045282
-0.0182  1.040149
-0.0181  1.044385
-0.0180  1.053500
-0.0179  1.062117
-0.0178  1.067395
-0.0177  1.070433
-0.0176  1.072032
-0.0175  1.077039
-0.0174  1.084922
-0.0173  1.092724
-0.0172  1.092556
-0.0171  1.097443
-0.0170  1.102847
-0.0169  1.107850
-0.0168  1.114968
-0.0167  1.122767
-0.0166  1.124202
-0.0165  1.126647
-0.0164  1.132745
-0.0163  1.137518
-0.0162  1.142222
-0.0161  1.148493
-0.0160  1.152949
-0.0159  1.157284
-0.0158  1.161612
-0.0157  1.166550
-0.0156  1.173054
-0.0155  1.178297
-0.0154  1.180656
-0.0153  1.184656
-0.0152  1.191490
-0.0151  1.197263
-0.0150  1.202317
-0.0149  1.207374
-0.0148  1.211660
-0.0147  1.217096
-0.0146  1.221525
-0.0145  1.225896
-0.0144  1.233333
-0.0143  1.239202
-0.0142  1.245174
-0.0141  1.249268
-0.0140  1.253420
-0.0139  1.258348
-0.0138  1.264590
-0.0137  1.272016
-0.0136  1.280269
-0.0135  1.286524
-0.0134  1.291905
-0.0133  1.297201
-0.0132  1.302448
-0.0131  1.308355
-0.0130  1.318984
-0.0129  1.327828
-0.0128  1.335648
-0.0127  1.342158
-0.0126  1.348089
-0.0125  1.353927
-0.0124  1.364150
-0.0123  1.378058
-0.0122  1.388463
-0.0121  1.396968
-0.0120  1.405083
-0.0119  1.414315
-0.0118  1.435657
-0.0117  1.450504
-0.0116  1.463170
-0.0115  1.473649
-0.0114  1.497600
-0.0113  1.529610
-0.0112  1.549406
-0.0111  1.586508
-0.0110  1.657556
-0.0109  1.794559
-0.0108  1.722953
-0.0107  1.655779
-0.0106  1.584874
-0.0105  1.566886
-0.0104  1.552331
-0.0103  1.537553
-0.0102  1.519902
-0.0101  1.503794
-0.0100  1.498005
-0.0099  1.492084
-0.0098  1.485788
-0.0097  1.479500
-0.0096  1.471252
-0.0095  1.464415
-0.0094  1.461404
-0.0093  1.458515
-0.0092  1.455537
-0.0091  1.452316
-0.0090  1.449409
-0.0089  1.444711
-0.0088  1.442987
-0.0087  1.440814
-0.0086  1.439706
-0.0085  1.439017
-0.0084  1.437338
-0.0083  1.435305
-0.0082  1.432992
-0.0081  1.431439
-0.0080  1.431208
-0.0079  1.431178
-0.0078  1.430404
-0.0077  1.429422
-0.0076  1.428308
-0.0075  1.427139
-0.0074  1.425632
-0.0073  1.425299
-0.0072  1.425903
-0.0071  1.426790
-0.0070  1.427012
-0.0069  1.427279
-0.0068  1.427632
-0.0067  1.427481
-0.0066  1.426460
-0.0065  1.426227
-0.0064  1.426726
-0.0063  1.426890
-0.0062  1.427077
-0.0061  1.427689
-0.0060  1.428500
-0.0059  1.430017
-0.0058  1.430087
-0.0057  1.431847
-0.0056  1.432452
-0.0055  1.432454
-0.0054  1.432571
-0.0053  1.432805
-0.0052  1.433300
-0.0051  1.433887
-0.0050  1.434876
-0.0049  1.436314
-0.0048  1.437841
-0.0047  1.439483
-0.0046  1.441117
-0.0045  1.442093
-0.0044  1.443817
-0.0043  1.444280
-0.0042  1.444940
-0.0041  1.446346
-0.0040  1.449137
-0.0039  1.449637
-0.0038  1.450199
-0.0037  1.452003
-0.0036  1.452519
-0.0035  1.453348
-0.0034  1.454488
-0.0033  1.456471
-0.0032  1.460675
-0.0031  1.465151
-0.0030  1.465807
-0.0029  1.466952
-0.0028  1.468053
-0.0027  1.467912
-0.0026  1.468783
-0.0025  1.470137
-0.0024  1.473161
-0.0023  1.477447
-0.0022  1.478283
-0.0021  1.481106
-0.0020  1.483495
-0.0019  1.485499
-0.0018  1.485750
-0.0017  1.486854
-0.0016  1.491633
-0.0015  1.495305
-0.0014  1.497393
-0.0013  1.497281
-0.0012  1.498476
-0.0011  1.500111
-0.0010  1.503029
-0.0009  1.510196
-0.0008  1.515961
-0.0007  1.516367
-0.0006  1.516008
-0.0005  1.515659
-0.0004  1.517979
-0.0003  1.525291
-0.0002  1.526314
-0.0001  1.525187
 0.0000  1.526854
 0.0001  1.530527
 0.0002  1.539727
 0.0003  1.546518
 0.0004  1.543833
 0.0005  1.542458
 0.0006  1.546164
 0.0007  1.552329
 0.0008  1.550946
 0.0009  1.550676
 0.0010  1.563302
 0.0011  1.555541
 0.0012  1.559562
 0.0013  1.570472
 0.0014  1.561962
 0.0015  1.548928
 0.0016  1.394808
 0.0017  1.396562
 0.0018  1.396414
 0.0019  1.396788
 0.0020  1.399258
 0.0021  1.400957
 0.0022  1.401998
 0.0023  1.407896
 0.0024  1.413802
 0.0025  1.410120
 0.0026  1.407791
 0.0027  1.407071
 0.0028  1.406165
 0.0029  1.403206
 0.0030  1.403402
 0.0031  1.404480
 0.0032  1.402978
 0.0033  1.401078
 0.0034  1.403846
 0.0035  1.406108
 0.0036  1.398440
 0.0037  1.399790
 0.0038  1.396341
 0.0039  1.389498
 0.0040  1.389076
 0.0041  1.382114
 0.0042  1.378072
 0.0043  1.372934
 0.0044  1.371558
 0.0045  1.367021
 0.0046  1.362459
 0.0047  1.362278
 0.0048  1.351152
 0.0049  1.350029
 0.0050  1.346985
 0.0051  1.339868
 0.0052  1.335918
 0.0053  1.331492
 0.0054  1.324946
 0.0055  1.314253
 0.0056  1.311458
 0.0057  1.307063
 0.0058  1.298177
 0.0059  1.296964
 0.0060  1.294359
 0.0061  1.287479
 0.0062  1.281543
 0.0063  1.271111
 0.0064  1.276866
 0.0065  1.269427
 0.0066  1.260419
 0.0067  1.256266
 0.0068  1.249411
 0.0069  1.247243
 0.0070  1.243891
 0.0071  1.235359
 0.0072  1.233612
 0.0073  1.231894
 0.0074  1.225080
 0.0075  1.223196
 0.0076  1.220376
 0.0077  1.214549
 0.0078  1.210511
 0.0079  1.208418
 0.0080  1.204320
 0.0081  1.198648
 0.0082  1.196999
 0.0083  1.196188
 0.0084  1.191171
 0.0085  1.191081
 0.0086  1.190046
 0.0087  1.186350
 0.0088  1.181824
 0.0089  1.180778
 0.0090  1.178888
 0.0091  1.173532
 0.0092  1.171731
 0.0093  1.171011
 0.0094  1.172599
 0.0095  1.169124
 0.0096  1.169464
 0.0097  1.169860
 0.0098  1.169046
 0.0099  1.164673
 0.0100  1.164165
 0.0101  1.164331
 0.0102  1.162994
 0.0103  1.164185
 0.0104  1.165093
 0.0105  1.167000
 0.0106  1.168199
 0.0107  1.168172
 0.0108  1.165515
 0.0109  1.166847
 0.0110  1.167957
 0.0111  1.171065
 0.0112  1.175752
 0.0113  1.176613
 0.0114  1.180226
 0.0115  1.182766
 0.0116  1.184820
 0.0117  1.185653
 0.0118  1.191380
 0.0119  1.200793
 0.0120  1.207246
 0.0121  1.212307
 0.0122  1.216274
 0.0123  1.217811
 0.0124  1.234795
 0.0125  1.247461
 0.0126  1.257354
 0.0127  1.266030
 0.0128  1.277005
 0.0129  1.305082
 0.0130  1.324571
 0.0131  1.341748
 0.0132  1.384966
 0.0133  1.421676
 0.0134  1.458739
 0.0135  1.546965
 0.0136  1.658652
 0.0137  1.898647
 0.0138  2.119635
 0.0139  1.755211
 0.0140  1.644862
 0.0141  1.579600
 0.0142  1.494332
 0.0143  1.408659
 0.0144  1.119030
 0.0145  1.112369
 0.0146  1.100052
 0.0147  1.074413
 0.0148  1.069840
 0.0149  1.063447
 0.0150  1.043535
 0.0151  1.036456
 0.0152  1.031500
 0.0153  1.024601
 0.0154  1.016098
 0.0155  1.002808
 0.0156  0.999890
 0.0157  0.996190
 0.0158  0.991584
 0.0159  0.983729
 0.0160  0.969433
 0.0161  0.967109
 0.0162  0.964468
 0.0163  0.961421
 0.0164  0.957789
 0.0165  0.952662
 0.0166  0.941411
 0.0167  0.937443
 0.0168  0.935487
 0.0169  0.933295
 0.0170  0.929804
 0.0171  0.926303
 0.0172  0.921680
 0.0173  0.912234
 0.0174  0.909399
 0.0175  0.906177
 0.0176  0.904350
 0.0177  0.902474
 0.0178  0.900336
 0.0179  0.897972
 0.0180  0.894975
 0.0181  0.888996
 0.0182  0.883024
 0.0183  0.879774
 0.0184  0.878000
 0.0185  0.876150
 0.0186  0.874372
 0.0187  0.872521
 0.0188  0.870386
 0.0189  0.867995
 0.0190  0.865013
 0.0191  0.857980
 0.0192  0.855419
 0.0193  0.853928
 0.0194  0.852455
 0.0195  0.850829
 0.0196  0.849039
 0.0197  0.847004
 0.0198  0.844989
 0.0199  0.842841
 0.0200  0.840289
 0.0201  0.836902
 0.0202  0.832578
 0.0203  0.830724
 0.0204  0.829207
 0.0205  0.827747
 0.0206  0.826215
 0.0207  0.824629
 0.0208  0.822915
 0.0209  0.821167
 0.0210  0.819005
 0.0211  0.817040
 0.0212  0.815060
 0.0213  0.812918
 0.0214  0.810251
 0.0215  0.807688
 0.0216  0.806349
 0.0217  0.804948
 0.0218  0.803512
 0.0219  0.802020
 0.0220  0.800479
 0.0221  0.798955
 0.0222  0.797421
 0.0223  0.795821
 0.0224  0.794393
 0.0225  0.792748
 0.0226  0.791002
 0.0227  0.789090
 0.0228  0.786344
 0.0229  0.784662
 0.0230  0.783343
 0.0231  0.782015
 0.0232  0.780684
 0.0233  0.779341
 0.0234  0.778041
 0.0235  0.776713
 0.0236  0.775307
 0.0237  0.774070
 0.0238  0.772851
 0.0239  0.771454
 0.0240  0.769998
 0.0241  0.768492
 0.0242  0.766857
 0.0243  0.764901
 0.0244  0.763169
 0.0245  0.762084
 0.0246  0.760987
 0.0247  0.759863
 0.0248  0.758687
 0.0249  0.757475
 0.0250  0.756399
 0.0251  0.755346
 0.0252  0.754323
 0.0253  0.753114
 0.0254  0.751907
 0.0255  0.750672
 0.0256  0.749422
 0.0257  0.748112
 0.0258  0.746742
 0.0259  0.745239
 0.0260  0.743254
 0.0261  0.742056
 0.0262  0.740962
 0.0263  0.740013
 0.0264  0.739089
 0.0265  0.738204
 0.0266  0.737249
 0.0267  0.736221
 0.0268  0.735189
 0.0269  0.734138
 0.0270  0.733091
 0.0271  0.732031
 0.0272  0.731080
 0.0273  0.729999
 0.0274  0.728871
 0.0275  0.727656
 0.0276  0.726544
 0.0277  0.725301
 0.0278  0.723841
 0.0279  0.723036
 0.0280  0.722138
 0.0281  0.721236
 0.0282  0.720317
 0.0283  0.719394
 0.0284  0.718474
 0.0285  0.717543
 0.0286  0.716594
 0.0287  0.715603
 0.0288  0.714540
 0.0289  0.713615
 0.0290  0.712701
 0.0291  0.711883
 0.0292  0.710921
 0.0293  0.709940
 0.0294  0.708938
 0.0295  0.707882
 0.0296  0.706750
 0.0297  0.705329
 0.0298  0.704504
 0.0299  0.703669
 0.0300  0.702864
 0.0301  0.702009
 0.0302  0.701268
 0.0303  0.700574
 0.0304  0.699884
 0.0305  0.699063
 0.0306  0.698241
 0.0307  0.697409
 0.0308  0.696576
 0.0309  0.695742
 0.0310  0.694886
 0.0311  0.694024
 0.0312  0.693144
 0.0313  0.692249
 0.0314  0.691308
 0.0315  0.690390
 0.0316  0.689480
 0.0317  0.688235
 0.0318  0.687369
 0.0319  0.686476
 0.0320  0.685731
 0.0321  0.684985
 0.0322  0.684236
 0.0323  0.683489
 0.0324  0.682741
 0.0325  0.681991
 0.0326  0.681239
 0.0327  0.680509
 0.0328  0.679652
 0.0329  0.678939
 0.0330  0.678281
 0.0331  0.677529
 0.0332  0.676768
 0.0333  0.675999
 0.0334  0.675223
 0.0335  0.674436
 0.0336  0.673629
 0.0337  0.672796
 0.0338  0.671908
 0.0339  0.670850
 0.0340  0.670108
 0.0341  0.669301
 0.0342  0.668601
 0.0343  0.667905
 0.0344  0.667202
 0.0345  0.666469
 0.0346  0.665729
 0.0347  0.664987
 0.0348  0.664243
 0.0349  0.663502
 0.0350  0.662785
 0.0351  0.662061
 0.0352  0.661327
 0.0353  0.660576
 0.0354  0.659797
 0.0355  0.659008
 0.0356  0.658270
 0.0357  0.657554
 0.0358  0.656829
 0.0359  0.656058
 0.0360  0.655299
 0.0361  0.654363
 0.0362  0.653667
 0.0363  0.653011
 0.0364  0.652344
 0.0365  0.651669
 0.0366  0.650982
 0.0367  0.650261
 0.0368  0.649474
 0.0369  0.648727
 0.0370  0.648057
 0.0371  0.647391
 0.0372  0.646719
 0.0373  0.646047
 0.0374  0.645367
 0.0375  0.644658
 0.0376  0.643941
 0.0377  0.643079
 0.0378  0.642306
 0.0379  0.641450
 0.0380  0.640749
 0.0381  0.640016
 0.0382  0.639271
 0.0383  0.638539
 0.0384  0.637745
 0.0385  0.636888
 0.0386  0.636233
 0.0387  0.635702
 0.0388  0.635001
 0.0389  0.634231
 0.0390  0.633633
 0.0391  0.633026
 0.0392  0.632409
 0.0393  0.631784
 0.0394  0.631112
 0.0395  0.630394
 0.0396  0.629739
 0.0397  0.628999
 0.0398  0.628100
 0.0399  0.627509
 0.0400  0.626904
