-0.0400  2.333082
-0.0399  2.380866
-0.0398  2.494867
-0.0397  2.620691
-0.0396  2.925327
-0.0395  2.567234
-0.0394  2.447669
-0.0393  2.383234
-0.0392  2.327804
-0.0391  2.292707
-0.0390  2.263375
-0.0389  2.236624
-0.0388  2.209990
-0.0387  2.191630
-0.0386  2.175323
-0.0385  2.154807
-0.0384  2.136633
-0.0383  2.122076
-0.0382  2.113153
-0.0381  2.098967
-0.0380  2.087004
-0.0379  2.075236
-0.0378  2.062603
-0.0377  2.057318
-0.0376  2.052004
-0.0375  2.041855
-0.0374  2.033327
-0.0373  2.023158
-0.0372  2.015479
-0.0371  2.008704
-0.0370  2.000430
-0.0369  1.996050
-0.0368  1.988458
-0.0367  1.979270
-0.0366  1.974987
-0.0365  1.969158
-0.0364  1.962762
-0.0363  1.961120
-0.0362  1.955171
-0.0361  1.947471
-0.0360  1.942683
-0.0359  1.937983
-0.0358  1.930996
-0.0357  1.925943
-0.0356  1.921100
-0.0355  1.918327
-0.0354  1.913111
-0.0353  1.907379
-0.0352  1.907647
-0.0351  1.901981
-0.0350  1.895460
-0.0349  1.892347
-0.0348  1.886628
-0.0347  1.881511
-0.0346  1.879910
-0.0345  1.876129
-0.0344  1.871631
-0.0343  1.868759
-0.0342  1.865397
-0.0341  1.863810
-0.0340  1.858671
-0.0339  1.855673
-0.0338  1.850082
-0.0337  1.845079
-0.0336  1.844938
-0.0335  1.838249
-0.0334  1.834483
-0.0333  1.834054
-0.0332  1.829671
-0.0331  1.831000
-0.0330  1.826874
-0.0329  1.820960
-0.0328  1.819187
-0.0327  1.813831
-0.0326  1.809314
-0.0325  1.805979
-0.0324  1.803470
-0.0323  1.803117
-0.0322  1.803986
-0.0321  1.799033
-0.0320  1.795488
-0.0319  1.789856
-0.0318  1.785415
-0.0317  1.782649
-0.0316  1.779308
-0.0315  1.785714
-0.0314  1.780183
-0.0313  1.777359
-0.0312  1.770803
-0.0311  1.766213
-0.0310  1.762344
-0.0309  1.766691
-0.0308  1.767096
-0.0307  1.759427
-0.0306  1.750802
-0.0305  1.748249
-0.0304  1.755153
-0.0303  1.759157
-0.0302  1.746470
-0.0301  1.735947
-0.0300  1.740295
-0.0299  1.745232
-0.0298  1.723955
-0.0297  1.735685
-0.0296  1.732149
-0.0295  1.479753
-0.0294  1.025485
-0.0293  1.024545
-0.0292  1.028018
-0.0291  1.029799
-0.0290  1.025959
-0.0289  1.021041
-0.0288  1.021347
-0.0287  1.030535
-0.0286  1.018940
-0.0285  1.023371
-0.0284  0.955302
-0.0283  0.869545
-0.0282  0.869850
-0.0281  0.870150
-0.0280  0.870441
-0.0279  0.870724
-0.0278  0.871495
-0.0277  0.872040
-0.0276  0.872487
-0.0275  0.873025
-0.0274  0.873480
-0.0273  0.873900
-0.0272  0.874274
-0.0271  0.874635
-0.0270  0.875023
-0.0269  0.875334
-0.0268  0.875767
-0.0267  0.876217
-0.0266  0.876565
-0.0265  0.877265
-0.0264  0.877869
-0.0263  0.878424
-0.0262  0.878880
-0.0261  0.879293
-0.0260  0.879701
-0.0259  0.880107
-0.0258  0.880495
-0.0257  0.880849
-0.0256  0.881283
-0.0255  0.881728
-0.0254  0.882134
-0.0253  0.882514
-0.0252  0.883071
-0.0251  0.883933
-0.0250  0.884481
-0.0249  0.885030
-0.0248  0.885592
-0.0247  0.886019
-0.0246  0.886399
-0.0245  0.886777
-0.0244  0.887152
-0.0243  0.887483
-0.0242  0.887889
-0.0241  0.888208
-0.0240  0.888516
-0.0239  0.889005
-0.0238  0.889844
-0.0237  0.890561
-0.0236  0.891229
-0.0235  0.891796
-0.0234  0.892335
-0.0233  0.892847
-0.0232  0.893343
-0.0231  0.893825
-0.0230  0.894334
-0.0229  0.894749
-0.0228  0.895121
-0.0227  0.895491
-0.0226  0.896015
-0.0225  0.896916
-0.0224  0.897533
-0.0223  0.898053
-0.0222  0.898552
-0.0221  0.899013
-0.0220  0.899461
-0.0219  0.899871
-0.0218  0.900371
-0.0217  0.900857
-0.0216  0.901363
-0.0215  0.901846
-0.0214  0.902349
-0.0213  0.903111
-0.0212  0.904119
-0.0211  0.904825
-0.0210  0.905416
-0.0209  0.905974
-0.0208  0.906487
-0.0207  0.906985
-0.0206  0.907460
-0.0205  0.907920
-0.0204  0.908370
-0.0203  0.908800
-0.0202  0.909227
-0.0201  0.909647
-0.0200  0.910644
-0.0199  0.911475
-0.0198  0.912210
-0.0197  0.912929
-0.0196  0.913593
-0.0195  0.914242
-0.0194  0.914977
-0.0193  0.915548
-0.0192  0.916027
-0.0191  0.916475
-0.0190  0.916918
-0.0189  0.917360
-0.0188  0.918013
-0.0187  0.919079
-0.0186  0.919812
-0.0185  0.920430
-0.0184  0.921043
-0.0183  0.921656
-0.0182  0.922220
-0.0181  0.922837
-0.0180  0.923471
-0.0179  0.924077
-0.0178  0.924725
-0.0177  0.925431
-0.0176  0.926166
-0.0175  0.927464
-0.0174  0.928316
-0.0173  0.929117
-0.0172  0.929764
-0.0171  0.930404
-0.0170  0.931036
-0.0169  0.931657
-0.0168  0.932232
-0.0167  0.932763
-0.0166  0.933296
-0.0165  0.933831
-0.0164  0.934396
-0.0163  0.935708
-0.0162  0.936740
-0.0161  0.937593
-0.0160  0.938435
-0.0159  0.939362
-0.0158  0.940354
-0.0157  0.941068
-0.0156  0.941653
-0.0155  0.942314
-0.0154  0.942973
-0.0153  0.943605
-0.0152  0.944269
-0.0151  0.945701
-0.0150  0.946723
-0.0149  0.947631
-0.0148  0.948420
-0.0147  0.949213
-0.0146  0.950005
-0.0145  0.950781
-0.0144  0.951553
-0.0143  0.952373
-0.0142  0.953208
-0.0141  0.954110
-0.0140  0.955479
-0.0139  0.956837
-0.0138  0.957885
-0.0137  0.958867
-0.0136  0.959786
-0.0135  0.960612
-0.0134  0.961391
-0.0133  0.962172
-0.0132  0.962954
-0.0131  0.963783
-0.0130  0.964572
-0.0129  1.195118
-0.0128  1.182167
-0.0127  1.201292
-0.0126  1.198487
-0.0125  1.198444
-0.0124  1.208214
-0.0123  1.220834
-0.0122  1.209444
-0.0121  1.211696
-0.0120  1.219960
-0.0119  1.225480
-0.0118  1.225741
-0.0117  1.227257
-0.0116  1.231172
-0.0115  1.235715
-0.0114  1.239536
-0.0113  1.244655
-0.0112  1.245287
-0.0111  1.246915
-0.0110  1.250892
-0.0109  1.254202
-0.0108  1.259112
-0.0107  1.264148
-0.0106  1.269004
-0.0105  1.270448
-0.0104  1.273724
-0.0103  1.276515
-0.0102  1.280264
-0.0101  1.284573
-0.0100  1.288931
-0.0099  1.293070
-0.0098  1.296393
-0.0097  1.300431
-0.0096  1.305222
-0.0095  1.309465
-0.0094  1.313872
-0.0093  1.318279
-0.0092  1.323075
-0.0091  1.326890
-0.0090  1.330865
-0.0089  1.336234
-0.0088  1.341219
-0.0087  1.346340
-0.0086  1.350952
-0.0085  1.356091
-0.0084  1.361153
-0.0083  1.366227
-0.0082  1.370762
-0.0081  1.375435
-0.0080  1.383259
-0.0079  1.389798
-0.0078  1.396026
-0.0077  1.402402
-0.0076  1.409796
-0.0075  1.415657
-0.0074  1.421191
-0.0073  1.428794
-0.0072  1.437711
-0.0071  1.445023
-0.0070  1.452702
-0.0069  1.462766
-0.0068  1.470864
-0.0067  1.478187
-0.0066  1.490888
-0.0065  1.501621
-0.0064  1.512708
-0.0063  1.527941
-0.0062  1.540354
-0.0061  1.556434
-0.0060  1.575460
-0.0059  1.595632
-0.0058  1.618223
-0.0057  1.641966
-0.0056  1.681203
-0.0055  1.741529
-0.0054  1.839527
-0.0053  1.957595
-0.0052  1.769045
-0.0051  1.717822
-0.0050  1.668154
-0.0049  1.652360
-0.0048  1.635247
-0.0047  1.604083
-0.0046  1.597131
-0.0045  1.589662
-0.0044  1.581462
-0.0043  1.569181
-0.0042  1.560321
-0.0041  1.553147
-0.0040  1.548527
-0.0039  1.542847
-0.0038  1.536083
-0.0037  1.533339
-0.0036  1.530434
-0.0035  1.526853
-0.0034  1.522342
-0.0033  1.518781
-0.0032  1.517301
-0.0031  1.515125
-0.0030  1.512805
-0.0029  1.510458
-0.0028  1.506473
-0.0027  1.505444
-0.0026  1.504460
-0.0025  1.503636
-0.0024  1.502110
-0.0023  1.500391
-0.0022  1.498437
-0.0021  1.498349
-0.0020  1.499188
-0.0019  1.500892
-0.0018  1.499853
-0.0017  1.497984
-0.0016  1.496769
-0.0015  1.496077
-0.0014  1.495435
-0.0013  1.494523
-0.0012  1.495102
-0.0011  1.495467
-0.0010  1.495845
-0.0009  1.496431
-0.0008  1.497751
-0.0007  1.499885
-0.0006  1.499414
-0.0005  1.499658
-0.0004  1.500451
-0.0003  1.500779
-0.0002  1.500712
-0.0001  1.500737
 0.0000  1.500380
 0.0001  1.501278
 0.0002  1.504114
 0.0003  1.505024
 0.0004  1.507769
 0.0005  1.510197
 0.0006  1.510096
 0.0007  1.510503
 0.0008  1.511356
 0.0009  1.511503
 0.0010  1.512106
 0.0011  1.512706
 0.0012  1.514928
 0.0013  1.517687
 0.0014  1.519537
 0.0015  1.522283
 0.0016  1.525485
 0.0017  1.525993
 0.0018  1.526893
 0.0019  1.527255
 0.0020  1.527981
 0.0021  1.527827
 0.0022  1.528950
 0.0023  1.530959
 0.0024  1.533011
 0.0025  1.534934
 0.0026  1.540820
 0.0027  1.544677
 0.0028  1.544704
 0.0029  1.543821
 0.0030  1.543666
 0.0031  1.544029
 0.0032  1.544933
 0.0033  1.544453
 0.0034  1.545989
 0.0035  1.549114
 0.0036  1.555493
 0.0037  1.555478
 0.0038  1.555758
 0.0039  1.554887
 0.0040  1.550505
 0.0041  1.548681
 0.0042  1.550728
 0.0043  1.548994
 0.0044  1.549707
 0.0045  1.553005
 0.0046  1.555529
 0.0047  1.551898
 0.0048  1.549140
 0.0049  1.546910
 0.0050  1.542368
 0.0051  1.539776
 0.0052  1.532155
 0.0053  1.530656
 0.0054  1.524270
 0.0055  1.519884
 0.0056  1.525907
 0.0057  1.516466
 0.0058  1.514398
 0.0059  1.504339
 0.0060  1.500315
 0.0061  1.494087
 0.0062  1.484828
 0.0063  1.475208
 0.0064  1.473141
 0.0065  1.458708
 0.0066  1.459015
 0.0067  1.445870
 0.0068  1.440465
 0.0069  1.435540
 0.0070  1.430039
 0.0071  1.419332
 0.0072  1.416450
 0.0073  1.405897
 0.0074  1.393692
 0.0075  1.392430
 0.0076  1.379011
 0.0077  1.375224
 0.0078  1.366352
 0.0079  1.365737
 0.0080  1.357488
 0.0081  1.344436
 0.0082  1.343225
 0.0083  1.334682
 0.0084  1.326553
 0.0085  1.319643
 0.0086  1.309696
 0.0087  1.313161
 0.0088  1.313641
 0.0089  1.303482
 0.0090  1.298449
 0.0091  1.292815
 0.0092  1.284877
 0.0093  1.281920
 0.0094  1.276906
 0.0095  1.273498
 0.0096  1.272470
 0.0097  1.265329
 0.0098  1.255041
 0.0099  1.255029
 0.0100  1.255594
 0.0101  1.257580
 0.0102  1.254280
 0.0103  1.249849
 0.0104  1.243787
 0.0105  1.240039
 0.0106  1.246275
 0.0107  1.237408
 0.0108  1.230364
 0.0109  1.236813
 0.0110  1.223872
 0.0111  1.181073
 0.0112  1.125292
 0.0113  1.122362
 0.0114  1.123591
 0.0115  1.123449
 0.0116  1.122710
 0.0117  1.118307
 0.0118  1.117338
 0.0119  1.118754
 0.0120  1.126962
 0.0121  1.130643
 0.0122  1.131416
 0.0123  1.134475
 0.0124  1.136459
 0.0125  1.137172
 0.0126  1.135604
 0.0127  1.142173
 0.0128  1.160164
 0.0129  1.168799
 0.0130  1.173949
 0.0131  1.176704
 0.0132  1.181074
 0.0133  1.205079
 0.0134  1.234972
 0.0135  1.253257
 0.0136  1.268124
 0.0137  1.322579
 0.0138  1.395956
 0.0139  1.497516
 0.0140  1.772701
 0.0141  2.678883
 0.0142  1.774229
 0.0143  1.571770
 0.0144  1.465141
 0.0145  1.404270
 0.0146  1.350925
 0.0147  1.319587
 0.0148  1.274951
 0.0149  1.253478
 0.0150  1.227544
 0.0151  1.208440
 0.0152  1.185691
 0.0153  1.171760
 0.0154  1.150206
 0.0155  1.134725
 0.0156  1.124744
 0.0157  1.110762
 0.0158  1.098344
 0.0159  1.088412
 0.0160  1.074818
 0.0161  1.063533
 0.0162  1.057468
 0.0163  1.049203
 0.0164  1.035655
 0.0165  1.029173
 0.0166  1.022334
 0.0167  1.013870
 0.0168  1.003259
 0.0169  0.998457
 0.0170  0.992694
 0.0171  0.987182
 0.0172  0.979565
 0.0173  0.971846
 0.0174  0.967573
 0.0175  0.962003
 0.0176  0.957836
 0.0177  0.950936
 0.0178  0.942547
 0.0179  0.939029
 0.0180  0.935453
 0.0181  0.931697
 0.0182  0.926099
 0.0183  0.921454
 0.0184  0.915697
 0.0185  0.913277
 0.0186  0.909224
 0.0187  0.905607
 0.0188  0.901730
 0.0189  0.897406
 0.0190  0.890557
 0.0191  0.886121
 0.0192  0.884086
 0.0193  0.882291
 0.0194  0.880353
 0.0195  0.877641
 0.0196  0.874098
 0.0197  0.869328
 0.0198  0.863118
 0.0199  0.859071
 0.0200  0.857379
 0.0201  0.855667
 0.0202  0.853752
 0.0203  0.851731
 0.0204  0.849513
 0.0205  0.846886
 0.0206  0.843674
 0.0207  0.836769
 0.0208  0.834141
 0.0209  0.832423
 0.0210  0.830729
 0.0211  0.828976
 0.0212  0.827161
 0.0213  0.825290
 0.0214  0.823130
 0.0215  0.820630
 0.0216  0.817362
 0.0217  0.812680
 0.0218  0.811194
 0.0219  0.809585
 0.0220  0.807529
 0.0221  0.805793
 0.0222  0.804074
 0.0223  0.802319
 0.0224  0.800372
 0.0225  0.798307
 0.0226  0.795904
 0.0227  0.793023
 0.0228  0.789545
 0.0229  0.788246
 0.0230  0.787016
 0.0231  0.785743
 0.0232  0.784605
 0.0233  0.783075
 0.0234  0.781019
 0.0235  0.779145
 0.0236  0.777330
 0.0237  0.775506
 0.0238  0.773590
 0.0239  0.771528
 0.0240  0.768671
 0.0241  0.766630
 0.0242  0.765503
 0.0243  0.764333
 0.0244  0.763070
 0.0245  0.761956
 0.0246  0.760792
 0.0247  0.759511
 0.0248  0.758369
 0.0249  0.756509
 0.0250  0.754755
 0.0251  0.753083
 0.0252  0.751353
 0.0253  0.749403
 0.0254  0.746744
 0.0255  0.744985
 0.0256  0.743909
 0.0257  0.742763
 0.0258  0.741782
 0.0259  0.740779
 0.0260  0.739765
 0.0261  0.738759
 0.0262  0.737746
 0.0263  0.736716
 0.0264  0.735641
 0.0265  0.734595
 0.0266  0.732856
 0.0267  0.731130
 0.0268  0.729418
 0.0269  0.727376
 0.0270  0.724934
 0.0271  0.724050
 0.0272  0.723171
 0.0273  0.722248
 0.0274  0.721310
 0.0275  0.720365
 0.0276  0.719416
 0.0277  0.718490
 0.0278  0.717560
 0.0279  0.716619
 0.0280  0.715681
 0.0281  0.714718
 0.0282  0.713703
 0.0283  0.712644
 0.0284  0.711098
 0.0285  0.709348
 0.0286  0.707510
 0.0287  0.705436
 0.0288  0.704633
 0.0289  0.703813
 0.0290  0.702993
 0.0291  0.702174
 0.0292  0.701352
 0.0293  0.700538
 0.0294  0.699735
 0.0295  0.698926
 0.0296  0.698091
 0.0297  0.697195
 0.0298  0.696355
 0.0299  0.695492
 0.0300  0.694616
 0.0301  0.693719
 0.0302  0.692813
 0.0303  0.691870
 0.0304  0.690081
 0.0305  0.687790
 0.0306  0.686691
 0.0307  0.685955
 0.0308  0.685211
 0.0309  0.684452
 0.0310  0.683611
 0.0311  0.682891
 0.0312  0.682175
 0.0313  0.681456
 0.0314  0.680724
 0.0315  0.679966
 0.0316  0.679213
 0.0317  0.678461
 0.0318  0.677703
 0.0319  0.676919
 0.0320  0.676124
 0.0321  0.675319
 0.0322  0.674471
 0.0323  0.673721
 0.0324  0.672764
 0.0325  0.670504
 0.0326  0.669503
 0.0327  0.668882
 0.0328  0.668238
 0.0329  0.667584
 0.0330  0.666929
 0.0331  0.666257
 0.0332  0.665567
 0.0333  0.664868
 0.0334  0.664152
 0.0335  0.663437
 0.0336  0.662751
 0.0337  0.662000
 0.0338  0.661365
 0.0339  0.660722
 0.0340  0.660074
 0.0341  0.659412
 0.0342  0.658743
 0.0343  0.658042
 0.0344  0.657314
 0.0345  0.656539
 0.0346  0.655661
 0.0347  0.653692
 0.0348  0.653104
 0.0349  0.652509
 0.0350  0.651907
 0.0351  0.651335
 0.0352  0.650836
 0.0353  0.650338
 0.0354  0.649837
 0.0355  0.649302
 0.0356  0.648756
 0.0357  0.648215
 0.0358  0.647631
 0.0359  0.647045
 0.0360  0.646457
 0.0361  0.645860
 0.0362  0.645266
 0.0363  0.644630
 0.0364  0.643891
 0.0365  0.643340
 0.0366  0.642778
 0.0367  0.642200
 0.0368  0.641589
 0.0369  0.640843
 0.0370  0.639471
 0.0371  0.638998
 0.0372  0.638518
 0.0373  0.638035
 0.0374  0.637549
 0.0375  0.637075
 0.0376  0.636598
 0.0377  0.636131
 0.0378  0.635629
 0.0379  0.635212
 0.0380  0.635000
 0.0381  0.634599
 0.0382  0.634137
 0.0383  0.633700
 0.0384  0.633261
 0.0385  0.632811
 0.0386  0.632342
 0.0387  0.631871
 0.0388  0.631391
 0.0389  0.630932
 0.0390  0.630427
 0.0391  0.629837
 0.0392  0.629190
 0.0393  0.628436
 0.0394  0.627368
 0.0395  0.626938
 0.0396  0.626504
 0.0397  0.626064
 0.0398  0.625596
 0.0399  0.624982
 0.0400  0.624567
