-0.0400  0.878842
-0.0399  0.879420
-0.0398  0.880108
-0.0397  0.880726
-0.0396  0.881309
-0.0395  0.881899
-0.0394  0.882482
-0.0393  0.883055
-0.0392  0.883597
-0.0391  0.884099
-0.0390  0.884643
-0.0389  0.885178
-0.0388  0.886012
-0.0387  0.886700
-0.0386  0.887328
-0.0385  0.888002
-0.0384  0.888766
-0.0383  0.889439
-0.0382  0.890056
-0.0381  0.890688
-0.0380  0.891307
-0.0379  0.891944
-0.0378  0.892541
-0.0377  0.893116
-0.0376  0.893676
-0.0375  0.894496
-0.0374  0.895237
-0.0373  0.895911
-0.0372  0.896540
-0.0371  0.897333
-0.0370  0.898007
-0.0369  0.898641
-0.0368  0.899253
-0.0367  0.899879
-0.0366  0.900483
-0.0365  0.901101
-0.0364  0.901691
-0.0363  0.902305
-0.0362  0.903183
-0.0361  0.903965
-0.0360  0.904678
-0.0359  0.905350
-0.0358  0.906189
-0.0357  0.906960
-0.0356  0.907666
-0.0355  0.908345
-0.0354  0.908994
-0.0353  0.909656
-0.0352  0.910295
-0.0351  0.910984
-0.0350  0.911629
-0.0349  0.912635
-0.0348  0.913444
-0.0347  0.914190
-0.0346  0.914956
-0.0345  0.915812
-0.0344  0.916565
-0.0343  0.917286
-0.0342  0.917988
-0.0341  0.918657
-0.0340  0.919292
-0.0339  0.919938
-0.0338  0.920543
-0.0337  0.921424
-0.0336  0.922398
-0.0335  0.923228
-0.0334  0.924007
-0.0333  0.924920
-0.0332  0.925764
-0.0331  0.926543
-0.0330  0.927341
-0.0329  0.928091
-0.0328  0.928815
-0.0327  0.929522
-0.0326  0.930220
-0.0325  0.930935
-0.0324  0.932112
-0.0323  0.933071
-0.0322  0.933943
-0.0321  0.934878
-0.0320  0.935811
-0.0319  0.936660
-0.0318  0.937463
-0.0317  0.938237
-0.0316  0.938989
-0.0315  0.939716
-0.0314  0.940423
-0.0313  0.941134
-0.0312  0.942353
-0.0311  0.943252
-0.0310  0.944095
-0.0309  0.945121
-0.0308  0.946150
-0.0307  0.947074
-0.0306  0.947946
-0.0305  0.948791
-0.0304  0.949616
-0.0303  0.950468
-0.0302  0.951277
-0.0301  0.952326
-0.0300  0.953500
-0.0299  0.954477
-0.0298  0.955386
-0.0297  0.956485
-0.0296  0.957521
-0.0295  0.958535
-0.0294  0.959477
-0.0293  0.960379
-0.0292  0.961249
-0.0291  0.962094
-0.0290  0.962924
-0.0289  0.964286
-0.0288  0.965387
-0.0287  0.966381
-0.0286  0.967326
-0.0285  0.968533
-0.0284  0.969556
-0.0283  0.970509
-0.0282  0.971490
-0.0281  0.972519
-0.0280  0.973467
-0.0279  0.974379
-0.0278  0.975781
-0.0277  0.977014
-0.0276  0.978147
-0.0275  0.979224
-0.0274  0.980548
-0.0273  0.981696
-0.0272  0.982776
-0.0271  0.983805
-0.0270  0.984808
-0.0269  0.985823
-0.0268  0.986788
-0.0267  0.988422
-0.0266  0.989771
-0.0265  0.990992
-0.0264  0.992109
-0.0263  0.993561
-0.0262  0.994785
-0.0261  0.995950
-0.0260  0.997054
-0.0259  0.998113
-0.0258  0.999139
-0.0257  1.000317
-0.0256  1.001943
-0.0255  1.003316
-0.0254  1.004581
-0.0253  1.006051
-0.0252  1.007510
-0.0251  1.008814
-0.0250  1.010054
-0.0249  1.011269
-0.0248  1.012471
-0.0247  1.013622
-0.0246  1.015598
-0.0245  1.017110
-0.0244  1.018473
-0.0243  1.019788
-0.0242  1.021535
-0.0241  1.022994
-0.0240  1.024411
-0.0239  1.025775
-0.0238  1.027062
-0.0237  1.028303
-0.0236  1.030489
-0.0235  1.032106
-0.0234  1.033611
-0.0233  1.035109
-0.0232  1.036914
-0.0231  1.038411
-0.0230  1.039859
-0.0229  1.041211
-0.0228  1.042580
-0.0227  1.044582
-0.0226  1.046649
-0.0225  1.048405
-0.0224  1.050053
-0.0223  1.051995
-0.0222  1.053810
-0.0221  1.055517
-0.0220  1.057152
-0.0219  1.058693
-0.0218  1.060620
-0.0217  1.062957
-0.0216  1.064901
-0.0215  1.066690
-0.0214  1.068713
-0.0213  1.070799
-0.0212  1.072746
-0.0211  1.074525
-0.0210  1.076252
-0.0209  1.078679
-0.0208  1.081125
-0.0207  1.083213
-0.0206  1.085155
-0.0205  1.087481
-0.0204  1.089666
-0.0203  1.091659
-0.0202  1.093528
-0.0201  1.095399
-0.0200  1.098673
-0.0199  1.101262
-0.0198  1.103557
-0.0197  1.105731
-0.0196  1.108545
-0.0195  1.110890
-0.0194  1.113104
-0.0193  1.115252
-0.0192  1.118835
-0.0191  1.121635
-0.0190  1.124158
-0.0189  1.126575
-0.0188  1.129697
-0.0187  1.132345
-0.0186  1.134903
-0.0185  1.137685
-0.0184  1.141776
-0.0183  1.144798
-0.0182  1.147641
-0.0181  1.150669
-0.0180  1.153962
-0.0179  1.156845
-0.0178  1.159574
-0.0177  1.164189
-0.0176  1.167726
-0.0175  1.170950
-0.0174  1.173973
-0.0173  1.178029
-0.0172  1.181504
-0.0171  1.184638
-0.0170  1.190206
-0.0169  1.194259
-0.0168  1.197950
-0.0167  1.201499
-0.0166  1.206105
-0.0165  1.209867
-0.0164  1.215527
-0.0163  1.220529
-0.0162  1.224966
-0.0161  1.229043
-0.0160  1.234224
-0.0159  1.238817
-0.0158  1.245560
-0.0157  1.251345
-0.0156  1.256394
-0.0155  1.261195
-0.0154  1.266977
-0.0153  1.272219
-0.0152  1.280924
-0.0151  1.287244
-0.0150  1.292939
-0.0149  1.298469
-0.0148  1.305651
-0.0147  1.315792
-0.0146  1.323495
-0.0145  1.330479
-0.0144  1.336989
-0.0143  1.346981
-0.0142  1.358183
-0.0141  1.367081
-0.0140  1.375217
-0.0139  1.383759
-0.0138  1.399088
-0.0137  1.410321
-0.0136  1.420484
-0.0135  1.429853
-0.0134  1.449908
-0.0133  1.463534
-0.0132  1.475843
-0.0131  1.493894
-0.0130  1.514266
-0.0129  1.530562
-0.0128  1.552268
-0.0127  1.577480
-0.0126  1.598638
-0.0125  1.630576
-0.0124  1.660917
-0.0123  1.700154
-0.0122  1.739103
-0.0121  1.796745
-0.0120  1.853795
-0.0119  1.953023
-0.0118  2.107331
-0.0117  2.494804
-0.0116  2.121394
-0.0115  2.053534
-0.0114  2.051793
-0.0113  2.409929
-0.0112  1.979511
-0.0111  1.893919
-0.0110  1.841345
-0.0109  1.794152
-0.0108  1.763414
-0.0107  1.734022
-0.0106  1.705204
-0.0105  1.683708
-0.0104  1.666877
-0.0103  1.642080
-0.0102  1.627567
-0.0101  1.617790
-0.0100  1.595942
-0.0099  1.581947
-0.0098  1.576514
-0.0097  1.561074
-0.0096  1.548276
-0.0095  1.537486
-0.0094  1.526386
-0.0093  1.524650
-0.0092  1.507048
-0.0091  1.502377
-0.0090  1.490560
-0.0089  1.486085
-0.0088  1.490813
-0.0087  1.474139
-0.0086  1.254915
-0.0085  1.257545
-0.0084  1.248092
-0.0083  1.249207
-0.0082  1.240884
-0.0081  1.231577
-0.0080  1.252588
-0.0079  1.136849
-0.0078  1.134996
-0.0077  1.134420
-0.0076  1.131363
-0.0075  1.128155
-0.0074  1.127315
-0.0073  1.126019
-0.0072  1.124811
-0.0071  1.123486
-0.0070  1.121738
-0.0069  1.120165
-0.0068  1.117388
-0.0067  1.116773
-0.0066  1.115542
-0.0065  1.115325
-0.0064  1.114078
-0.0063  1.113282
-0.0062  1.111417
-0.0061  1.109678
-0.0060  1.109345
-0.0059  1.108577
-0.0058  1.107378
-0.0057  1.106950
-0.0056  1.106032
-0.0055  1.105223
-0.0054  1.103904
-0.0053  1.103948
-0.0052  1.103474
-0.0051  1.102553
-0.0050  1.102209
-0.0049  1.101403
-0.0048  1.100809
-0.0047  1.100106
-0.0046  1.099364
-0.0045  1.099926
-0.0044  1.099152
-0.0043  1.099123
-0.0042  1.098757
-0.0041  1.098416
-0.0040  1.098047
-0.0039  1.097379
-0.0038  1.097314
-0.0037  1.097120
-0.0036  1.097061
-0.0035  1.097579
-0.0034  1.097432
-0.0033  1.097500
-0.0032  1.097481
-0.0031  1.097213
-0.0030  1.097209
-0.0029  1.097264
-0.0028  1.097152
-0.0027  1.098111
-0.0026  1.098649
-0.0025  1.099113
-0.0024  1.099489
-0.0023  1.099675
-0.0022  1.099732
-0.0021  1.100387
-0.0020  1.100451
-0.0019  1.101723
-0.0018  1.102690
-0.0017  1.103529
-0.0016  1.104239
-0.0015  1.104838
-0.0014  1.105760
-0.0013  1.106522
-0.0012  1.107015
-0.0011  1.109019
-0.0010  1.110235
-0.0009  1.111399
-0.0008  1.112538
-0.0007  1.114556
-0.0006  1.115864
-0.0005  1.117095
-0.0004  1.119852
-0.0003  1.121341
-0.0002  1.123116
-0.0001  1.125968
 0.0000  1.128181
 0.0001  1.130320
 0.0002  1.134562
 0.0003  1.137467
 0.0004  1.141013
 0.0005  1.144411
 0.0006  1.147262
 0.0007  1.152599
 0.0008  1.158002
 0.0009  1.164673
 0.0010  1.170069
 0.0011  1.175108
 0.0012  1.188119
 0.0013  1.198158
 0.0014  1.207626
 0.0015  1.230469
 0.0016  1.272364
 0.0017  1.267913
 0.0018  1.269834
 0.0019  1.282724
 0.0020  1.306070
 0.0021  1.250363
 0.0022  1.229583
 0.0023  1.208886
 0.0024  1.191994
 0.0025  1.180240
 0.0026  1.172089
 0.0027  1.158144
 0.0028  1.153278
 0.0029  1.147151
 0.0030  1.137521
 0.0031  1.132342
 0.0032  1.127577
 0.0033  1.121895
 0.0034  1.115581
 0.0035  1.111086
 0.0036  1.107563
 0.0037  1.103195
 0.0038  1.098018
 0.0039  1.094716
 0.0040  1.090919
 0.0041  1.087350
 0.0042  1.082960
 0.0043  1.079387
 0.0044  1.076516
 0.0045  1.072955
 0.0046  1.070234
 0.0047  1.066959
 0.0048  1.063501
 0.0049  1.061204
 0.0050  1.058501
 0.0051  1.055202
 0.0052  1.052560
 0.0053  1.048896
 0.0054  1.046916
 0.0055  1.044759
 0.0056  1.042554
 0.0057  1.039818
 0.0058  1.037674
 0.0059  1.034998
 0.0060  1.032362
 0.0061  1.030162
 0.0062  1.028194
 0.0063  1.026218
 0.0064  1.023721
 0.0065  1.021595
 0.0066  1.018679
 0.0067  1.017077
 0.0068  1.015408
 0.0069  1.013620
 0.0070  1.011650
 0.0071  1.009258
 0.0072  1.006997
 0.0073  1.004980
 0.0074  1.002884
 0.0075  1.001423
 0.0076  0.999787
 0.0077  0.998152
 0.0078  0.996418
 0.0079  0.994456
 0.0080  0.992390
 0.0081  0.990010
 0.0082  0.988100
 0.0083  0.986793
 0.0084  0.985567
 0.0085  0.984084
 0.0086  0.982494
 0.0087  0.980835
 0.0088  0.978896
 0.0089  0.977167
 0.0090  0.975139
 0.0091  0.973640
 0.0092  0.972056
 0.0093  0.970751
 0.0094  0.969578
 0.0095  0.968348
 0.0096  0.966706
 0.0097  0.964803
 0.0098  0.963180
 0.0099  0.961290
 0.0100  0.960009
 0.0101  0.958597
 0.0102  0.957007
 0.0103  0.955599
 0.0104  0.954486
 0.0105  0.953281
 0.0106  0.951956
 0.0107  0.950245
 0.0108  0.948413
 0.0109  0.947074
 0.0110  0.945905
 0.0111  0.944664
 0.0112  0.943255
 0.0113  0.941811
 0.0114  0.940626
 0.0115  0.939572
 0.0116  0.938359
 0.0117  0.936944
 0.0118  0.935383
 0.0119  0.933926
 0.0120  0.932815
 0.0121  0.931668
 0.0122  0.930444
 0.0123  0.928998
 0.0124  0.927626
 0.0125  0.926627
 0.0126  0.925545
 0.0127  0.924361
 0.0128  0.923025
 0.0129  0.921336
 0.0130  0.920243
 0.0131  0.919181
 0.0132  0.918095
 0.0133  0.916912
 0.0134  0.915535
 0.0135  0.914340
 0.0136  0.913389
 0.0137  0.912404
 0.0138  0.911330
 0.0139  0.910061
 0.0140  0.908773
 0.0141  0.907437
 0.0142  0.906395
 0.0143  0.905401
 0.0144  0.904283
 0.0145  0.902974
 0.0146  0.901920
 0.0147  0.901055
 0.0148  0.900166
 0.0149  0.899223
 0.0150  0.898231
 0.0151  0.897024
 0.0152  0.895686
 0.0153  0.894396
 0.0154  0.893364
 0.0155  0.892268
 0.0156  0.890988
 0.0157  0.889941
 0.0158  0.889142
 0.0159  0.888323
 0.0160  0.887478
 0.0161  0.886598
 0.0162  0.885672
 0.0163  0.884569
 0.0164  0.883181
 0.0165  0.881794
 0.0166  0.880783
 0.0167  0.879613
 0.0168  0.878594
 0.0169  0.877875
 0.0170  0.877117
 0.0171  0.876382
 0.0172  0.875622
 0.0173  0.874807
 0.0174  0.873959
 0.0175  0.872909
 0.0176  0.871706
 0.0177  0.870375
 0.0178  0.868814
 0.0179  0.867749
 0.0180  0.867066
 0.0181  0.866367
 0.0182  0.865641
 0.0183  0.864876
 0.0184  0.864098
 0.0185  0.863341
 0.0186  0.862561
 0.0187  0.861576
 0.0188  0.860482
 0.0189  0.859332
 0.0190  0.857978
 0.0191  0.856849
 0.0192  0.855855
 0.0193  0.855201
 0.0194  0.854531
 0.0195  0.853840
 0.0196  0.853139
 0.0197  0.852419
 0.0198  0.851677
 0.0199  0.850724
 0.0200  0.849727
 0.0201  0.848578
 0.0202  0.847528
 0.0203  0.846772
 0.0204  0.845972
 0.0205  0.845058
 0.0206  0.844082
 0.0207  0.843328
 0.0208  0.842649
 0.0209  0.841951
 0.0210  0.841235
 0.0211  0.840278
 0.0212  0.839227
 0.0213  0.838082
 0.0214  0.837279
 0.0215  0.836603
 0.0216  0.835914
 0.0217  0.835196
 0.0218  0.834451
 0.0219  0.833661
 0.0220  0.832785
 0.0221  0.831818
 0.0222  0.831015
 0.0223  0.830163
 0.0224  0.829146
 0.0225  0.828083
 0.0226  0.827407
 0.0227  0.826774
 0.0228  0.826170
 0.0229  0.825550
 0.0230  0.824892
 0.0231  0.824215
 0.0232  0.823510
 0.0233  0.822779
 0.0234  0.822007
 0.0235  0.821042
 0.0236  0.819716
 0.0237  0.818391
 0.0238  0.817775
 0.0239  0.817155
 0.0240  0.816567
 0.0241  0.815971
 0.0242  0.815370
 0.0243  0.814752
 0.0244  0.814107
 0.0245  0.813443
 0.0246  0.812752
 0.0247  0.811977
 0.0248  0.810848
 0.0249  0.809821
 0.0250  0.809156
 0.0251  0.808449
 0.0252  0.807680
 0.0253  0.806808
 0.0254  0.806103
 0.0255  0.805508
 0.0256  0.804896
 0.0257  0.804337
 0.0258  0.803720
 0.0259  0.803068
 0.0260  0.802085
 0.0261  0.801070
 0.0262  0.800474
 0.0263  0.799861
 0.0264  0.799233
 0.0265  0.798584
 0.0266  0.797907
 0.0267  0.797200
 0.0268  0.796499
 0.0269  0.795733
 0.0270  0.794848
 0.0271  0.794132
 0.0272  0.793344
 0.0273  0.792248
 0.0274  0.791706
 0.0275  0.791149
 0.0276  0.790587
 0.0277  0.790017
 0.0278  0.789435
 0.0279  0.788841
 0.0280  0.788231
 0.0281  0.787599
 0.0282  0.786947
 0.0283  0.786263
 0.0284  0.785535
 0.0285  0.784385
 0.0286  0.783662
 0.0287  0.782933
 0.0288  0.782147
 0.0289  0.781611
 0.0290  0.781067
 0.0291  0.780510
 0.0292  0.779936
 0.0293  0.779319
 0.0294  0.778694
 0.0295  0.778096
 0.0296  0.777474
 0.0297  0.776634
 0.0298  0.775748
 0.0299  0.775187
 0.0300  0.774614
 0.0301  0.774024
 0.0302  0.773426
 0.0303  0.772800
 0.0304  0.772145
 0.0305  0.771438
 0.0306  0.770587
 0.0307  0.770020
 0.0308  0.769429
 0.0309  0.768800
 0.0310  0.767841
 0.0311  0.767244
 0.0312  0.766710
 0.0313  0.766172
 0.0314  0.765686
 0.0315  0.765150
 0.0316  0.764601
 0.0317  0.764041
 0.0318  0.763441
 0.0319  0.762830
 0.0320  0.762195
 0.0321  0.761480
 0.0322  0.760758
 0.0323  0.759780
 0.0324  0.759120
 0.0325  0.758394
 0.0326  0.757893
 0.0327  0.757384
 0.0328  0.756869
 0.0329  0.756345
 0.0330  0.755813
 0.0331  0.755269
 0.0332  0.754714
 0.0333  0.754133
 0.0334  0.753519
 0.0335  0.752772
 0.0336  0.752036
 0.0337  0.751502
 0.0338  0.750960
 0.0339  0.750401
 0.0340  0.749836
 0.0341  0.749247
 0.0342  0.748647
 0.0343  0.748038
 0.0344  0.747302
 0.0345  0.746702
 0.0346  0.746149
 0.0347  0.745546
 0.0348  0.744730
 0.0349  0.744167
 0.0350  0.743683
 0.0351  0.743188
 0.0352  0.742686
 0.0353  0.742180
 0.0354  0.741665
 0.0355  0.741137
 0.0356  0.740600
 0.0357  0.740049
 0.0358  0.739479
 0.0359  0.738890
 0.0360  0.738255
 0.0361  0.737456
 0.0362  0.736871
 0.0363  0.736277
 0.0364  0.735586
 0.0365  0.735035
 0.0366  0.734538
 0.0367  0.734036
 0.0368  0.733527
 0.0369  0.733011
 0.0370  0.732480
 0.0371  0.731952
 0.0372  0.731437
 0.0373  0.730850
 0.0374  0.730133
 0.0375  0.729640
 0.0376  0.729100
 0.0377  0.728608
 0.0378  0.728113
 0.0379  0.727603
 0.0380  0.727079
 0.0381  0.726542
 0.0382  0.725987
 0.0383  0.725402
 0.0384  0.724762
 0.0385  0.724047
 0.0386  0.723493
 0.0387  0.722840
 0.0388  0.722377
 0.0389  0.721909
 0.0390  0.721439
 0.0391  0.720965
 0.0392  0.720484
 0.0393  0.719992
 0.0394  0.719494
 0.0395  0.718988
 0.0396  0.718464
 0.0397  0.717925
 0.0398  0.717371
 0.0399  0.716780
 0.0400  0.716141
