-0.0400  1.730990
-0.0399  1.733094
-0.0398  1.738839
-0.0397  1.743175
-0.0396  1.746922
-0.0395  1.750516
-0.0394  1.753879
-0.0393  1.756903
-0.0392  1.759750
-0.0391  1.762729
-0.0390  1.767936
-0.0389  1.771890
-0.0388  1.775506
-0.0387  1.778719
-0.0386  1.784274
-0.0385  1.790141
-0.0384  1.795672
-0.0383  1.802524
-0.0382  1.808201
-0.0381  1.813596
-0.0380  1.818688
-0.0379  1.823391
-0.0378  1.827749
-0.0377  1.832828
-0.0376  1.842819
-0.0375  1.853383
-0.0374  1.861737
-0.0373  1.868925
-0.0372  1.876039
-0.0371  1.884824
-0.0370  1.897361
-0.0369  1.907029
-0.0368  1.919430
-0.0367  1.938223
-0.0366  1.955029
-0.0365  1.977632
-0.0364  1.994679
-0.0363  2.010627
-0.0362  2.048905
-0.0361  2.104933
-0.0360  2.147479
-0.0359  2.323241
-0.0358  2.388418
-0.0357  2.162121
-0.0356  2.107494
-0.0355  2.056220
-0.0354  2.024988
-0.0353  2.008268
-0.0352  1.983296
-0.0351  1.958034
-0.0350  1.949216
-0.0349  1.935948
-0.0348  1.922814
-0.0347  1.909957
-0.0346  1.894424
-0.0345  1.887076
-0.0344  1.880827
-0.0343  1.871483
-0.0342  1.861105
-0.0341  1.855129
-0.0340  1.847553
-0.0339  1.837256
-0.0338  1.832209
-0.0337  1.827406
-0.0336  1.821816
-0.0335  1.815428
-0.0334  1.810509
-0.0333  1.805300
-0.0332  1.797484
-0.0331  1.793256
-0.0330  1.790194
-0.0329  1.784918
-0.0328  1.778024
-0.0327  1.774186
-0.0326  1.771854
-0.0325  1.767740
-0.0324  1.760045
-0.0323  1.756405
-0.0322  1.752119
-0.0321  1.749118
-0.0320  1.744376
-0.0319  1.741067
-0.0318  1.737857
-0.0317  1.734067
-0.0316  1.730902
-0.0315  1.729817
-0.0314  1.725504
-0.0313  1.720114
-0.0312  1.715510
-0.0311  1.714046
-0.0310  1.711337
-0.0309  1.706362
-0.0308  1.702250
-0.0307  1.699975
-0.0306  1.698038
-0.0305  1.694310
-0.0304  1.689969
-0.0303  1.687602
-0.0302  1.685410
-0.0301  1.682674
-0.0300  1.680936
-0.0299  1.678433
-0.0298  1.675233
-0.0297  1.670581
-0.0296  1.668776
-0.0295  1.666496
-0.0294  1.662693
-0.0293  1.657973
-0.0292  1.655995
-0.0291  1.655023
-0.0290  1.651653
-0.0289  1.646682
-0.0288  1.645243
-0.0287  1.643734
-0.0286  1.642920
-0.0285  1.640277
-0.0284  1.638230
-0.0283  1.635568
-0.0282  1.632614
-0.0281  1.629934
-0.0280  1.626516
-0.0279  1.623037
-0.0278  1.619072
-0.0277  1.618916
-0.0276  1.617308
-0.0275  1.613708
-0.0274  1.610548
-0.0273  1.610276
-0.0272  1.609445
-0.0271  1.606870
-0.0270  1.603613
-0.0269  1.601582
-0.0268  1.600000
-0.0267  1.595097
-0.0266  1.592879
-0.0265  1.590628
-0.0264  1.587766
-0.0263  1.585600
-0.0262  1.583910
-0.0261  1.581711
-0.0260  1.579734
-0.0259  1.580287
-0.0258  1.577894
-0.0257  1.573465
-0.0256  1.572460
-0.0255  1.571833
-0.0254  1.566977
-0.0253  1.563400
-0.0252  1.562549
-0.0251  1.560291
-0.0250  1.556727
-0.0249  1.556160
-0.0248  1.555305
-0.0247  1.554395
-0.0246  1.552612
-0.0245  1.549457
-0.0244  1.546550
-0.0243  1.542713
-0.0242  1.538814
-0.0241  1.537040
-0.0240  1.537015
-0.0239  1.534499
-0.0238  1.534574
-0.0237  1.537856
-0.0236  1.533222
-0.0235  1.528213
-0.0234  1.526396
-0.0233  1.520693
-0.0232  1.516801
-0.0231  1.515180
-0.0230  1.515699
-0.0229  1.518452
-0.0228  1.520904
-0.0227  1.515838
-0.0226  1.509305
-0.0225  1.505737
-0.0224  1.500109
-0.0223  1.499793
-0.0222  1.500294
-0.0221  1.503332
-0.0220  1.505798
-0.0219  1.493363
-0.0218  1.490070
-0.0217  1.488714
-0.0216  1.494993
-0.0215  1.496069
-0.0214  1.487893
-0.0213  1.491081
-0.0212  1.464187
-0.0211  1.374868
-0.0210  1.377248
-0.0209  1.376247
-0.0208  1.367987
-0.0207  1.243122
-0.0206  0.881694
-0.0205  0.882067
-0.0204  0.882487
-0.0203  0.883343
-0.0202  0.883864
-0.0201  0.884418
-0.0200  0.885055
-0.0199  0.885539
-0.0198  0.885969
-0.0197  0.886381
-0.0196  0.886762
-0.0195  0.887128
-0.0194  0.887474
-0.0193  0.887791
-0.0192  0.888096
-0.0191  0.888444
-0.0190  0.889253
-0.0189  0.889855
-0.0188  0.890325
-0.0187  0.890728
-0.0186  0.891130
-0.0185  0.891535
-0.0184  0.891896
-0.0183  0.892221
-0.0182  0.892574
-0.0181  0.892888
-0.0180  0.893304
-0.0179  0.893652
-0.0178  0.894025
-0.0177  0.895048
-0.0176  0.895738
-0.0175  0.896378
-0.0174  0.896915
-0.0173  0.897398
-0.0172  0.897850
-0.0171  1.114658
-0.0170  1.046023
-0.0169  1.040510
-0.0168  1.039014
-0.0167  1.049008
-0.0166  1.056921
-0.0165  1.051015
-0.0164  1.051425
-0.0163  1.054811
-0.0162  1.058777
-0.0161  1.061782
-0.0160  1.066382
-0.0159  1.066789
-0.0158  1.065732
-0.0157  1.067448
-0.0156  1.069050
-0.0155  1.070836
-0.0154  1.073275
-0.0153  1.076114
-0.0152  1.080379
-0.0151  1.084811
-0.0150  1.082244
-0.0149  1.082967
-0.0148  1.084309
-0.0147  1.085798
-0.0146  1.089600
-0.0145  1.092244
-0.0144  1.094006
-0.0143  1.096357
-0.0142  1.098798
-0.0141  1.101714
-0.0140  1.101849
-0.0139  1.103428
-0.0138  1.105499
-0.0137  1.107241
-0.0136  1.109093
-0.0135  1.111030
-0.0134  1.114127
-0.0133  1.116508
-0.0132  1.118922
-0.0131  1.121221
-0.0130  1.123504
-0.0129  1.125746
-0.0128  1.125661
-0.0127  1.127411
-0.0126  1.129683
-0.0125  1.132235
-0.0124  1.134586
-0.0123  1.136343
-0.0122  1.138189
-0.0121  1.140196
-0.0120  1.142236
-0.0119  1.145716
-0.0118  1.148125
-0.0117  1.150569
-0.0116  1.153054
-0.0115  1.153641
-0.0114  1.155068
-0.0113  1.157494
-0.0112  1.159953
-0.0111  1.162439
-0.0110  1.164942
-0.0109  1.167665
-0.0108  1.170107
-0.0107  1.172126
-0.0106  1.173981
-0.0105  1.175923
-0.0104  1.178770
-0.0103  1.181000
-0.0102  1.182315
-0.0101  1.185301
-0.0100  1.188068
-0.0099  1.190437
-0.0098  1.192364
-0.0097  1.194207
-0.0096  1.196562
-0.0095  1.198894
-0.0094  1.201513
-0.0093  1.204412
-0.0092  1.206957
-0.0091  1.209472
-0.0090  1.211858
-0.0089  1.215049
-0.0088  1.216631
-0.0087  1.219512
-0.0086  1.222237
-0.0085  1.225072
-0.0084  1.227512
-0.0083  1.229901
-0.0082  1.232165
-0.0081  1.234341
-0.0080  1.236553
-0.0079  1.238971
-0.0078  1.242633
-0.0077  1.246453
-0.0076  1.249529
-0.0075  1.252150
-0.0074  1.254746
-0.0073  1.257484
-0.0072  1.260080
-0.0071  1.262489
-0.0070  1.266115
-0.0069  1.268912
-0.0068  1.271380
-0.0067  1.274622
-0.0066  1.277963
-0.0065  1.280939
-0.0064  1.283919
-0.0063  1.286699
-0.0062  1.290290
-0.0061  1.294136
-0.0060  1.297634
-0.0059  1.300910
-0.0058  1.303640
-0.0057  1.306497
-0.0056  1.310739
-0.0055  1.314909
-0.0054  1.318982
-0.0053  1.322631
-0.0052  1.326651
-0.0051  1.330231
-0.0050  1.333942
-0.0049  1.338113
-0.0048  1.341567
-0.0047  1.344791
-0.0046  1.351323
-0.0045  1.356093
-0.0044  1.360638
-0.0043  1.365144
-0.0042  1.369247
-0.0041  1.373180
-0.0040  1.377291
-0.0039  1.383047
-0.0038  1.390914
-0.0037  1.398891
-0.0036  1.405426
-0.0035  1.411704
-0.0034  1.417519
-0.0033  1.422953
-0.0032  1.428342
-0.0031  1.433999
-0.0030  1.452690
-0.0029  1.465289
-0.0028  1.475676
-0.0027  1.485303
-0.0026  1.494790
-0.0025  1.512730
-0.0024  1.559189
-0.0023  1.589822
-0.0022  1.736456
-0.0021  1.600167
-0.0020  1.565443
-0.0019  1.550189
-0.0018  1.521798
-0.0017  1.502969
-0.0016  1.498838
-0.0015  1.494347
-0.0014  1.485638
-0.0013  1.478178
-0.0012  1.474510
-0.0011  1.468352
-0.0010  1.466217
-0.0009  1.464149
-0.0008  1.459122
-0.0007  1.458465
-0.0006  1.458462
-0.0005  1.457300
-0.0004  1.455534
-0.0003  1.451594
-0.0002  1.449520
-0.0001  1.447019
 0.0000  1.446896
 0.0001  1.447562
 0.0002  1.448299
 0.0003  1.448890
 0.0004  1.448990
 0.0005  1.448399
 0.0006  1.448062
 0.0007  1.447608
 0.0008  1.448082
 0.0009  1.449225
 0.0010  1.449719
 0.0011  1.449933
 0.0012  1.450143
 0.0013  1.449000
 0.0014  1.449783
 0.0015  1.450651
 0.0016  1.451791
 0.0017  1.453948
 0.0018  1.455175
 0.0019  1.457113
 0.0020  1.458953
 0.0021  1.458486
 0.0022  1.459867
 0.0023  1.461485
 0.0024  1.464308
 0.0025  1.466026
 0.0026  1.467131
 0.0027  1.468101
 0.0028  1.469393
 0.0029  1.470714
 0.0030  1.472883
 0.0031  1.475347
 0.0032  1.478962
 0.0033  1.482038
 0.0034  1.483579
 0.0035  1.484470
 0.0036  1.486292
 0.0037  1.489713
 0.0038  1.492809
 0.0039  1.495945
 0.0040  1.499195
 0.0041  1.501860
 0.0042  1.504421
 0.0043  1.507101
 0.0044  1.510718
 0.0045  1.514004
 0.0046  1.516350
 0.0047  1.520204
 0.0048  1.523675
 0.0049  1.527356
 0.0050  1.531922
 0.0051  1.533875
 0.0052  1.537766
 0.0053  1.542339
 0.0054  1.548965
 0.0055  1.556186
 0.0056  1.560177
 0.0057  1.563714
 0.0058  1.567181
 0.0059  1.571229
 0.0060  1.575986
 0.0061  1.584230
 0.0062  1.591626
 0.0063  1.598811
 0.0064  1.604184
 0.0065  1.609128
 0.0066  1.614439
 0.0067  1.618727
 0.0068  1.625956
 0.0069  1.634671
 0.0070  1.646153
 0.0071  1.658112
 0.0072  1.666766
 0.0073  1.672820
 0.0074  1.680042
 0.0075  1.689485
 0.0076  1.702048
 0.0077  1.712086
 0.0078  1.723130
 0.0079  1.737100
 0.0080  1.754582
 0.0081  1.768965
 0.0082  1.779291
 0.0083  1.794982
 0.0084  1.811508
 0.0085  1.829033
 0.0086  1.849340
 0.0087  1.879090
 0.0088  1.902090
 0.0089  1.925892
 0.0090  1.949801
 0.0091  1.982754
 0.0092  2.026120
 0.0093  2.086851
 0.0094  2.120288
 0.0095  2.173500
 0.0096  2.274507
 0.0097  2.387940
 0.0098  2.522253
 0.0099  2.865348
 0.0100  2.463364
 0.0101  1.720165
 0.0102  1.609410
 0.0103  1.527063
 0.0104  1.454732
 0.0105  1.404872
 0.0106  1.364981
 0.0107  1.349202
 0.0108  1.312006
 0.0109  1.300819
 0.0110  1.353819
 0.0111  1.354811
 0.0112  1.383545
 0.0113  1.330876
 0.0114  1.327509
 0.0115  1.317071
 0.0116  1.321623
 0.0117  1.326891
 0.0118  1.307413
 0.0119  1.304296
 0.0120  1.294238
 0.0121  1.296639
 0.0122  1.295772
 0.0123  1.294274
 0.0124  1.286905
 0.0125  1.282122
 0.0126  1.281794
 0.0127  1.287334
 0.0128  1.288769
 0.0129  1.288824
 0.0130  1.290895
 0.0131  1.289721
 0.0132  1.287954
 0.0133  1.288639
 0.0134  1.290683
 0.0135  1.304089
 0.0136  1.310705
 0.0137  1.312595
 0.0138  1.315537
 0.0139  1.314579
 0.0140  1.318067
 0.0141  1.329436
 0.0142  1.347012
 0.0143  1.353131
 0.0144  1.357592
 0.0145  1.369688
 0.0146  1.385853
 0.0147  1.414102
 0.0148  1.418688
 0.0149  1.422749
 0.0150  1.458308
 0.0151  1.468435
 0.0152  1.456513
 0.0153  1.412807
 0.0154  1.443618
 0.0155  1.477773
 0.0156  1.515835
 0.0157  1.575391
 0.0158  1.646383
 0.0159  1.764866
 0.0160  2.043719
 0.0161  2.332730
 0.0162  2.027267
 0.0163  1.651245
 0.0164  1.489338
 0.0165  1.396814
 0.0166  1.318971
 0.0167  1.252366
 0.0168  1.202814
 0.0169  1.098755
 0.0170  1.046976
 0.0171  1.014228
 0.0172  1.001820
 0.0173  0.982552
 0.0174  0.969004
 0.0175  0.950759
 0.0176  0.939710
 0.0177  0.931557
 0.0178  0.919523
 0.0179  0.909113
 0.0180  0.903418
 0.0181  0.895117
 0.0182  0.881871
 0.0183  0.874445
 0.0184  0.869603
 0.0185  0.864213
 0.0186  0.855637
 0.0187  0.847627
 0.0188  0.844144
 0.0189  0.840516
 0.0190  0.836403
 0.0191  0.830156
 0.0192  0.821884
 0.0193  0.817288
 0.0194  0.814943
 0.0195  0.812484
 0.0196  0.809633
 0.0197  0.806037
 0.0198  0.801922
 0.0199  0.794637
 0.0200  0.790729
 0.0201  0.788212
 0.0202  0.785841
 0.0203  0.783476
 0.0204  0.780952
 0.0205  0.778224
 0.0206  0.775242
 0.0207  0.771152
 0.0208  0.765779
 0.0209  0.764041
 0.0210  0.762297
 0.0211  0.760531
 0.0212  0.758722
 0.0213  0.756858
 0.0214  0.754965
 0.0215  0.752783
 0.0216  0.750418
 0.0217  0.747842
 0.0218  0.743707
 0.0219  0.740234
 0.0220  0.738697
 0.0221  0.737162
 0.0222  0.735709
 0.0223  0.734262
 0.0224  0.732811
 0.0225  0.731344
 0.0226  0.729758
 0.0227  0.728024
 0.0228  0.726230
 0.0229  0.724244
 0.0230  0.722086
 0.0231  0.719157
 0.0232  0.716698
 0.0233  0.715657
 0.0234  0.714615
 0.0235  0.713566
 0.0236  0.712521
 0.0237  0.711489
 0.0238  0.710427
 0.0239  0.708890
 0.0240  0.707372
 0.0241  0.705931
 0.0242  0.704448
 0.0243  0.702882
 0.0244  0.701363
 0.0245  0.699728
 0.0246  0.697769
 0.0247  0.694936
 0.0248  0.693693
 0.0249  0.692639
 0.0250  0.691746
 0.0251  0.690869
 0.0252  0.690133
 0.0253  0.689249
 0.0254  0.688337
 0.0255  0.687416
 0.0256  0.686450
 0.0257  0.685551
 0.0258  0.684659
 0.0259  0.683754
 0.0260  0.682854
 0.0261  0.681741
 0.0262  0.680149
 0.0263  0.678676
 0.0264  0.677032
 0.0265  0.674845
 0.0266  0.673493
 0.0267  0.672729
 0.0268  0.671969
 0.0269  0.671163
 0.0270  0.670299
 0.0271  0.669564
 0.0272  0.668827
 0.0273  0.668108
 0.0274  0.667353
 0.0275  0.666543
 0.0276  0.665736
 0.0277  0.664942
 0.0278  0.664071
 0.0279  0.663116
 0.0280  0.662364
 0.0281  0.661606
 0.0282  0.660818
 0.0283  0.660031
 0.0284  0.659119
 0.0285  0.657803
 0.0286  0.655786
 0.0287  0.654755
 0.0288  0.654171
 0.0289  0.653594
 0.0290  0.653022
 0.0291  0.652390
 0.0292  0.651757
 0.0293  0.651127
 0.0294  0.650381
 0.0295  0.649689
 0.0296  0.649086
 0.0297  0.648442
 0.0298  0.647742
 0.0299  0.647166
 0.0300  0.646587
 0.0301  0.645989
 0.0302  0.645401
 0.0303  0.644814
 0.0304  0.644208
 0.0305  0.643654
 0.0306  0.643088
 0.0307  0.642219
 0.0308  0.641465
 0.0309  0.640663
 0.0310  0.639075
 0.0311  0.638593
 0.0312  0.638091
 0.0313  0.637671
 0.0314  0.637358
 0.0315  0.637070
 0.0316  0.636779
 0.0317  0.636478
 0.0318  0.636303
 0.0319  0.636132
 0.0320  0.635948
 0.0321  0.635755
 0.0322  0.635985
 0.0323  0.635975
 0.0324  0.635712
 0.0325  0.635423
 0.0326  0.635104
 0.0327  0.635172
 0.0328  0.868985
 0.0329  0.729467
 0.0330  0.743013
 0.0331  0.749268
 0.0332  0.746796
 0.0333  0.743619
 0.0334  0.746037
 0.0335  0.748900
 0.0336  0.746465
 0.0337  0.753331
 0.0338  0.759565
 0.0339  0.754567
 0.0340  0.752694
 0.0341  0.754236
 0.0342  0.756303
 0.0343  0.758778
 0.0344  0.761946
 0.0345  0.767782
 0.0346  0.764946
 0.0347  0.762045
 0.0348  0.762712
 0.0349  0.766163
 0.0350  0.769412
 0.0351  0.772230
 0.0352  0.774065
 0.0353  0.772156
 0.0354  0.773636
 0.0355  0.774893
 0.0356  0.776010
 0.0357  0.777540
 0.0358  0.779246
 0.0359  0.783407
 0.0360  0.782144
 0.0361  0.783008
 0.0362  0.783924
 0.0363  0.786003
 0.0364  0.788750
 0.0365  0.789957
 0.0366  0.791753
 0.0367  0.790050
 0.0368  0.790463
 0.0369  0.793514
 0.0370  0.795704
 0.0371  0.797688
 0.0372  0.799591
 0.0373  0.802318
 0.0374  0.804072
 0.0375  0.804489
 0.0376  0.804318
 0.0377  0.805096
 0.0378  0.807418
 0.0379  0.810405
 0.0380  0.812682
 0.0381  0.812351
 0.0382  0.812791
 0.0383  0.813720
 0.0384  0.816564
 0.0385  0.818981
 0.0386  0.821417
 0.0387  0.823043
 0.0388  0.823183
 0.0389  0.824955
 0.0390  0.825946
 0.0391  0.826861
 0.0392  0.827383
 0.0393  0.829749
 0.0394  0.832506
 0.0395  0.833226
 0.0396  0.834263
 0.0397  0.835517
 0.0398  0.838208
 0.0399  0.841321
 0.0400  0.843796
