-0.0400  1.620841
-0.0399  1.619324
-0.0398  1.618401
-0.0397  1.617515
-0.0396  1.616576
-0.0395  1.615561
-0.0394  1.614420
-0.0393  1.613001
-0.0392  1.611119
-0.0391  1.610510
-0.0390  1.609885
-0.0389  1.609257
-0.0388  1.608627
-0.0387  1.607984
-0.0386  1.607335
-0.0385  1.606680
-0.0384  1.606023
-0.0383  1.605331
-0.0382  1.604630
-0.0381  1.603904
-0.0380  1.603060
-0.0379  1.602259
-0.0378  1.601629
-0.0377  1.600997
-0.0376  1.600363
-0.0375  1.599718
-0.0374  1.599072
-0.0373  1.598412
-0.0372  1.597698
-0.0371  1.596973
-0.0370  1.596248
-0.0369  1.595522
-0.0368  1.594789
-0.0367  1.593888
-0.0366  1.592938
-0.0365  1.591729
-0.0364  1.590977
-0.0363  1.590447
-0.0362  1.589916
-0.0361  1.589370
-0.0360  1.588816
-0.0359  1.588258
-0.0358  1.587697
-0.0357  1.587129
-0.0356  1.586558
-0.0355  1.585987
-0.0354  1.585414
-0.0353  1.584837
-0.0352  1.584260
-0.0351  1.583677
-0.0350  1.583084
-0.0349  1.582472
-0.0348  1.581853
-0.0347  1.581228
-0.0346  1.580597
-0.0345  1.579960
-0.0344  1.579321
-0.0343  1.578674
-0.0342  1.578024
-0.0341  1.577360
-0.0340  1.576662
-0.0339  1.575953
-0.0338  1.575236
-0.0337  1.574508
-0.0336  1.573772
-0.0335  1.573025
-0.0334  1.572210
-0.0333  1.571340
-0.0332  1.570454
-0.0331  1.569547
-0.0330  1.568277
-0.0329  1.567123
-0.0328  1.566397
-0.0327  1.565669
-0.0326  1.564914
-0.0325  1.564126
-0.0324  1.563294
-0.0323  1.562397
-0.0322  1.561399
-0.0321  1.560175
-0.0320  1.558525
-0.0319  1.558004
-0.0318  1.557467
-0.0317  1.556924
-0.0316  1.556380
-0.0315  1.555835
-0.0314  1.555289
-0.0313  1.554743
-0.0312  1.554189
-0.0311  1.553630
-0.0310  1.553069
-0.0309  1.552504
-0.0308  1.551916
-0.0307  1.551319
-0.0306  1.550709
-0.0305  1.550092
-0.0304  1.549474
-0.0303  1.548856
-0.0302  1.548232
-0.0301  1.547574
-0.0300  1.546872
-0.0299  1.546158
-0.0298  1.545400
-0.0297  1.544626
-0.0296  1.543684
-0.0295  1.542921
-0.0294  1.542107
-0.0293  1.541060
-0.0292  1.540398
-0.0291  1.539928
-0.0290  1.539457
-0.0289  1.538980
-0.0288  1.538498
-0.0287  1.538006
-0.0286  1.537508
-0.0285  1.537005
-0.0284  1.536502
-0.0283  1.535998
-0.0282  1.535489
-0.0281  1.534978
-0.0280  1.534464
-0.0279  1.533943
-0.0278  1.533420
-0.0277  1.532895
-0.0276  1.532362
-0.0275  1.531814
-0.0274  1.531260
-0.0273  1.530700
-0.0272  1.530139
-0.0271  1.529568
-0.0270  1.528990
-0.0269  1.528408
-0.0268  1.527822
-0.0267  1.527228
-0.0266  1.526603
-0.0265  1.525966
-0.0264  1.525322
-0.0263  1.524673
-0.0262  1.524018
-0.0261  1.523355
-0.0260  1.522649
-0.0259  1.521882
-0.0258  1.521101
-0.0257  1.520309
-0.0256  1.519308
-0.0255  1.518217
-0.0254  1.517517
-0.0253  1.516856
-0.0252  1.516168
-0.0251  1.515448
-0.0250  1.514684
-0.0249  1.513858
-0.0248  1.512917
-0.0247  1.511593
-0.0246  1.510611
-0.0245  1.510149
-0.0244  1.509688
-0.0243  1.509223
-0.0242  1.508748
-0.0241  1.508270
-0.0240  1.507786
-0.0239  1.507300
-0.0238  1.506808
-0.0237  1.506315
-0.0236  1.505822
-0.0235  1.505328
-0.0234  1.504832
-0.0233  1.504335
-0.0232  1.503823
-0.0231  1.503302
-0.0230  1.502772
-0.0229  1.502238
-0.0228  1.501703
-0.0227  1.501166
-0.0226  1.500629
-0.0225  1.500087
-0.0224  1.499502
-0.0223  1.498892
-0.0222  1.498280
-0.0221  1.497664
-0.0220  1.497047
-0.0219  1.496351
-0.0218  1.495581
-0.0217  1.494579
-0.0216  1.493910
-0.0215  1.493415
-0.0214  1.492904
-0.0213  1.492374
-0.0212  1.491842
-0.0211  1.491241
-0.0210  1.490554
-0.0209  1.490098
-0.0208  1.489639
-0.0207  1.489179
-0.0206  1.488715
-0.0205  1.488249
-0.0204  1.487782
-0.0203  1.487309
-0.0202  1.486835
-0.0201  1.486358
-0.0200  1.485875
-0.0199  1.485389
-0.0198  1.484896
-0.0197  1.484389
-0.0196  1.483875
-0.0195  1.483356
-0.0194  1.482836
-0.0193  1.482311
-0.0192  1.481781
-0.0191  1.481240
-0.0190  1.480695
-0.0189  1.480141
-0.0188  1.479560
-0.0187  1.478967
-0.0186  1.478369
-0.0185  1.477763
-0.0184  1.477150
-0.0183  1.476530
-0.0182  1.475870
-0.0181  1.475158
-0.0180  1.474433
-0.0179  1.473693
-0.0178  1.472764
-0.0177  1.471766
-0.0176  1.471083
-0.0175  1.470404
-0.0174  1.469678
-0.0173  1.468861
-0.0172  1.467792
-0.0171  1.466777
-0.0170  1.466362
-0.0169  1.465946
-0.0168  1.465528
-0.0167  1.465108
-0.0166  1.464687
-0.0165  1.464264
-0.0164  1.463841
-0.0163  1.463410
-0.0162  1.462973
-0.0161  1.462534
-0.0160  1.462093
-0.0159  1.461648
-0.0158  1.461202
-0.0157  1.460755
-0.0156  1.460306
-0.0155  1.459853
-0.0154  1.459400
-0.0153  1.458944
-0.0152  1.458470
-0.0151  1.457991
-0.0150  1.457513
-0.0149  1.457035
-0.0148  1.456554
-0.0147  1.456069
-0.0146  1.455580
-0.0145  1.455080
-0.0144  1.454553
-0.0143  1.454015
-0.0142  1.453473
-0.0141  1.452927
-0.0140  1.452368
-0.0139  1.451713
-0.0138  1.451033
-0.0137  1.450219
-0.0136  1.449659
-0.0135  1.449215
-0.0134  1.448769
-0.0133  1.448321
-0.0132  1.447860
-0.0131  1.447399
-0.0130  1.446938
-0.0129  1.446472
-0.0128  1.445992
-0.0127  1.445493
-0.0126  1.444988
-0.0125  1.444482
-0.0124  1.443936
-0.0123  1.443378
-0.0122  1.442674
-0.0121  1.442217
-0.0120  1.441767
-0.0119  1.441313
-0.0118  1.440855
-0.0117  1.440390
-0.0116  1.439909
-0.0115  1.439424
-0.0114  1.438934
-0.0113  1.438442
-0.0112  1.437941
-0.0111  1.437435
-0.0110  1.436924
-0.0109  1.436403
-0.0108  1.435873
-0.0107  1.435317
-0.0106  1.434748
-0.0105  1.434172
-0.0104  1.433585
-0.0103  1.432988
-0.0102  1.432378
-0.0101  1.431734
-0.0100  1.431032
-0.0099  1.430303
-0.0098  1.429538
-0.0097  1.428623
-0.0096  1.427465
-0.0095  1.426225
-0.0094  1.425745
-0.0093  1.425365
-0.0092  1.424985
-0.0091  1.424604
-0.0090  1.424223
-0.0089  1.423841
-0.0088  1.423457
-0.0087  1.423071
-0.0086  1.422685
-0.0085  1.422297
-0.0084  1.421908
-0.0083  1.421517
-0.0082  1.421122
-0.0081  1.420725
-0.0080  1.420320
-0.0079  1.419913
-0.0078  1.419504
-0.0077  1.419094
-0.0076  1.418681
-0.0075  1.418267
-0.0074  1.417852
-0.0073  1.417434
-0.0072  1.417016
-0.0071  1.416596
-0.0070  1.416164
-0.0069  1.415722
-0.0068  1.415279
-0.0067  1.414836
-0.0066  1.414392
-0.0065  1.413946
-0.0064  1.413497
-0.0063  1.413047
-0.0062  1.412574
-0.0061  1.412083
-0.0060  1.411590
-0.0059  1.411092
-0.0058  1.410591
-0.0057  1.410051
-0.0056  1.409443
-0.0055  1.408833
-0.0054  1.408088
-0.0053  1.407675
-0.0052  1.407258
-0.0051  1.406837
-0.0050  1.406416
-0.0049  1.405993
-0.0048  1.405567
-0.0047  1.405140
-0.0046  1.404710
-0.0045  1.404268
-0.0044  1.403819
-0.0043  1.403366
-0.0042  1.402908
-0.0041  1.402449
-0.0040  1.401980
-0.0039  1.401500
-0.0038  1.401016
-0.0037  1.400529
-0.0036  1.400036
-0.0035  1.399516
-0.0034  1.398993
-0.0033  1.398440
-0.0032  1.397815
-0.0031  1.397209
-0.0030  1.396730
-0.0029  1.396246
-0.0028  1.395755
-0.0027  1.395257
-0.0026  1.394749
-0.0025  1.394228
-0.0024  1.393689
-0.0023  1.393120
-0.0022  1.392534
-0.0021  1.391927
-0.0020  1.391291
-0.0019  1.390610
-0.0018  1.389843
-0.0017  1.388683
-0.0016  1.388108
-0.0015  1.387638
-0.0014  1.387168
-0.0013  1.386582
-0.0012  1.385928
-0.0011  1.385554
-0.0010  1.385205
-0.0009  1.384852
-0.0008  1.384495
-0.0007  1.384136
-0.0006  1.383776
-0.0005  1.383416
-0.0004  1.383056
-0.0003  1.382693
-0.0002  1.382330
-0.0001  1.381967
 0.0000  1.381602
 0.0001  1.381236
 0.0002  1.380868
 0.0003  1.380497
 0.0004  1.380121
 0.0005  1.379738
 0.0006  1.379354
 0.0007  1.378968
 0.0008  1.378581
 0.0009  1.378195
 0.0010  1.377805
 0.0011  1.377413
 0.0012  1.377019
 0.0013  1.376625
 0.0014  1.376229
 0.0015  1.375822
 0.0016  1.375406
 0.0017  1.374989
 0.0018  1.374572
 0.0019  1.374153
 0.0020  1.373733
 0.0021  1.373312
 0.0022  1.372889
 0.0023  1.372443
 0.0024  1.371985
 0.0025  1.371526
 0.0026  1.371062
 0.0027  1.370593
 0.0028  1.370094
 0.0029  1.369530
 0.0030  1.368966
 0.0031  1.368278
 0.0032  1.367885
 0.0033  1.367492
 0.0034  1.367096
 0.0035  1.366696
 0.0036  1.366291
 0.0037  1.365883
 0.0038  1.365473
 0.0039  1.365061
 0.0040  1.364645
 0.0041  1.364227
 0.0042  1.363799
 0.0043  1.363367
 0.0044  1.362925
 0.0045  1.362480
 0.0046  1.362031
 0.0047  1.361578
 0.0048  1.361122
 0.0049  1.360661
 0.0050  1.360187
 0.0051  1.359706
 0.0052  1.359220
 0.0053  1.358723
 0.0054  1.358213
 0.0055  1.357682
 0.0056  1.357132
 0.0057  1.356570
 0.0058  1.355988
 0.0059  1.355350
 0.0060  1.354679
 0.0061  1.353831
 0.0062  1.353062
 0.0063  1.352188
 0.0064  1.351798
 0.0065  1.351408
 0.0066  1.351018
 0.0067  1.350628
 0.0068  1.350236
 0.0069  1.349827
 0.0070  1.349389
 0.0071  1.348951
 0.0072  1.348513
 0.0073  1.347995
 0.0074  1.347364
 0.0075  1.347006
 0.0076  1.346674
 0.0077  1.346343
 0.0078  1.346004
 0.0079  1.345662
 0.0080  1.345320
 0.0081  1.344978
 0.0082  1.344635
 0.0083  1.344291
 0.0084  1.343945
 0.0085  1.343600
 0.0086  1.343253
 0.0087  1.342905
 0.0088  1.342552
 0.0089  1.342200
 0.0090  1.341846
 0.0091  1.341489
 0.0092  1.341123
 0.0093  1.340756
 0.0094  1.340388
 0.0095  1.340021
 0.0096  1.339650
 0.0097  1.339278
 0.0098  1.338903
 0.0099  1.338528
 0.0100  1.338150
 0.0101  1.337772
 0.0102  1.337384
 0.0103  1.336990
 0.0104  1.336591
 0.0105  1.336193
 0.0106  1.335793
 0.0107  1.335391
 0.0108  1.334989
 0.0109  1.334586
 0.0110  1.334163
 0.0111  1.333728
 0.0112  1.333291
 0.0113  1.332851
 0.0114  1.332409
 0.0115  1.331940
 0.0116  1.331410
 0.0117  1.330880
 0.0118  1.330228
 0.0119  1.329849
 0.0120  1.329468
 0.0121  1.329083
 0.0122  1.328696
 0.0123  1.328306
 0.0124  1.327914
 0.0125  1.327517
 0.0126  1.327114
 0.0127  1.326709
 0.0128  1.326299
 0.0129  1.325884
 0.0130  1.325462
 0.0131  1.325037
 0.0132  1.324604
 0.0133  1.324163
 0.0134  1.323715
 0.0135  1.323258
 0.0136  1.322794
 0.0137  1.322322
 0.0138  1.321838
 0.0139  1.321339
 0.0140  1.320819
 0.0141  1.320262
 0.0142  1.319646
 0.0143  1.318875
 0.0144  1.318157
 0.0145  1.317782
 0.0146  1.317405
 0.0147  1.317021
 0.0148  1.316632
 0.0149  1.316242
 0.0150  1.315848
 0.0151  1.315430
 0.0152  1.314993
 0.0153  1.314555
 0.0154  1.314100
 0.0155  1.313595
 0.0156  1.313096
 0.0157  1.312706
 0.0158  1.312293
 0.0159  1.311879
 0.0160  1.311465
 0.0161  1.310968
 0.0162  1.310381
 0.0163  1.310050
 0.0164  1.309731
 0.0165  1.309412
 0.0166  1.309090
 0.0167  1.308762
 0.0168  1.308434
 0.0169  1.308105
 0.0170  1.307775
 0.0171  1.307443
 0.0172  1.307110
 0.0173  1.306776
 0.0174  1.306442
 0.0175  1.306106
 0.0176  1.305769
 0.0177  1.305431
 0.0178  1.305091
 0.0179  1.304748
 0.0180  1.304399
 0.0181  1.304048
 0.0182  1.303694
 0.0183  1.303338
 0.0184  1.302982
 0.0185  1.302626
 0.0186  1.302267
 0.0187  1.301905
 0.0188  1.301542
 0.0189  1.301178
 0.0190  1.300812
 0.0191  1.300433
 0.0192  1.300053
 0.0193  1.299670
 0.0194  1.299286
 0.0195  1.298900
 0.0196  1.298511
 0.0197  1.298121
 0.0198  1.297730
 0.0199  1.297316
 0.0200  1.296898
 0.0201  1.296477
 0.0202  1.296053
 0.0203  1.295627
 0.0204  1.295159
 0.0205  1.294652
 0.0206  1.294143
 0.0207  1.293555
 0.0208  1.293184
 0.0209  1.292809
 0.0210  1.292430
 0.0211  1.292047
 0.0212  1.291661
 0.0213  1.291271
 0.0214  1.290877
 0.0215  1.290478
 0.0216  1.290072
 0.0217  1.289658
 0.0218  1.289236
 0.0219  1.288802
 0.0220  1.288360
 0.0221  1.287904
 0.0222  1.287430
 0.0223  1.286932
 0.0224  1.286393
 0.0225  1.285756
 0.0226  1.285018
 0.0227  1.284683
 0.0228  1.284347
 0.0229  1.284009
 0.0230  1.283669
 0.0231  1.283322
 0.0232  1.282973
 0.0233  1.282624
 0.0234  1.282270
 0.0235  1.281912
 0.0236  1.281554
 0.0237  1.281196
 0.0238  1.280837
 0.0239  1.280477
 0.0240  1.280102
 0.0241  1.279713
 0.0242  1.279323
 0.0243  1.278932
 0.0244  1.278541
 0.0245  1.278149
 0.0246  1.277745
 0.0247  1.277302
 0.0248  1.276857
 0.0249  1.276409
 0.0250  1.275931
 0.0251  1.275285
 0.0252  1.274662
 0.0253  1.274343
 0.0254  1.274034
 0.0255  1.273723
 0.0256  1.273411
 0.0257  1.273093
 0.0258  1.272774
 0.0259  1.272453
 0.0260  1.272131
 0.0261  1.271810
 0.0262  1.271487
 0.0263  1.271163
 0.0264  1.270838
 0.0265  1.270512
 0.0266  1.270185
 0.0267  1.269856
 0.0268  1.269525
 0.0269  1.269193
 0.0270  1.268855
 0.0271  1.268514
 0.0272  1.268171
 0.0273  1.267826
 0.0274  1.267480
 0.0275  1.267133
 0.0276  1.266786
 0.0277  1.266435
 0.0278  1.266082
 0.0279  1.265729
 0.0280  1.265373
 0.0281  1.265005
 0.0282  1.264635
 0.0283  1.264262
 0.0284  1.263887
 0.0285  1.263511
 0.0286  1.263134
 0.0287  1.262754
 0.0288  1.262373
 0.0289  1.261972
 0.0290  1.261565
 0.0291  1.261155
 0.0292  1.260742
 0.0293  1.260327
 0.0294  1.259882
 0.0295  1.259390
 0.0296  1.258894
 0.0297  1.258298
 0.0298  1.257927
 0.0299  1.257552
 0.0300  1.257171
 0.0301  1.256784
 0.0302  1.256390
 0.0303  1.255987
 0.0304  1.255573
 0.0305  1.255147
 0.0306  1.254705
 0.0307  1.254235
 0.0308  1.253713
 0.0309  1.252933
 0.0310  1.252566
 0.0311  1.252251
 0.0312  1.251935
 0.0313  1.251617
 0.0314  1.251297
 0.0315  1.250978
 0.0316  1.250658
 0.0317  1.250338
 0.0318  1.250017
 0.0319  1.249695
 0.0320  1.249369
 0.0321  1.249039
 0.0322  1.248704
 0.0323  1.248369
 0.0324  1.248033
 0.0325  1.247695
 0.0326  1.247356
 0.0327  1.247017
 0.0328  1.246676
 0.0329  1.246332
 0.0330  1.245986
 0.0331  1.245624
 0.0332  1.245259
 0.0333  1.244893
 0.0334  1.244526
 0.0335  1.244157
 0.0336  1.243783
 0.0337  1.243401
 0.0338  1.242992
 0.0339  1.242582
 0.0340  1.242170
 0.0341  1.241744
 0.0342  1.241153
 0.0343  1.240743
 0.0344  1.240404
 0.0345  1.240064
 0.0346  1.239719
 0.0347  1.239358
 0.0348  1.238992
 0.0349  1.238614
 0.0350  1.238188
 0.0351  1.237750
 0.0352  1.237435
 0.0353  1.237120
 0.0354  1.236804
 0.0355  1.236488
 0.0356  1.236170
 0.0357  1.235852
 0.0358  1.235531
 0.0359  1.235208
 0.0360  1.234883
 0.0361  1.234554
 0.0362  1.234222
 0.0363  1.233888
 0.0364  1.233552
 0.0365  1.233215
 0.0366  1.232877
 0.0367  1.232537
 0.0368  1.232194
 0.0369  1.231849
 0.0370  1.231501
 0.0371  1.231153
 0.0372  1.230796
 0.0373  1.230434
 0.0374  1.230070
 0.0375  1.229702
 0.0376  1.229333
 0.0377  1.228962
 0.0378  1.228588
 0.0379  1.228213
 0.0380  1.227826
 0.0381  1.227424
 0.0382  1.227018
 0.0383  1.226608
 0.0384  1.226193
 0.0385  1.225775
 0.0386  1.225289
 0.0387  1.224794
 0.0388  1.224146
 0.0389  1.223758
 0.0390  1.223359
 0.0391  1.222941
 0.0392  1.222496
 0.0393  1.221995
 0.0394  1.221290
 0.0395  1.220994
 0.0396  1.220697
 0.0397  1.220401
 0.0398  1.220104
 0.0399  1.219807
 0.0400  1.219508
