-0.400  0.000000
-0.399  0.000000
-0.398  0.000000
-0.397  0.000000
-0.396  0.000000
-0.395  0.000000
-0.394  0.000000
-0.393  0.000000
-0.392  0.000000
-0.391  0.000000
-0.390  0.000000
-0.389  0.000000
-0.388  0.000000
-0.387  0.000000
-0.386  0.000000
-0.385  0.000000
-0.384  0.000000
-0.383  0.000000
-0.382  0.000000
-0.381  0.000000
-0.380  0.000000
-0.379  0.000000
-0.378  0.000000
-0.377  0.000000
-0.376  0.000000
-0.375  0.000000
-0.374  0.000000
-0.373  0.000000
-0.372  0.000000
-0.371  0.000000
-0.370  0.000000
-0.369  0.000000
-0.368  0.000000
-0.367  0.000000
-0.366  0.000000
-0.365  0.000000
-0.364  0.000000
-0.363  0.000000
-0.362  0.000000
-0.361  0.000000
-0.360  0.000000
-0.359  0.000000
-0.358  0.000000
-0.357  0.000000
-0.356  0.000000
-0.355  0.000000
-0.354  0.000000
-0.353  0.000000
-0.352  0.000000
-0.351  0.000000
-0.350  0.000000
-0.349  0.000000
-0.348  0.000000
-0.347  0.000000
-0.346  0.000000
-0.345  0.000000
-0.344  0.000000
-0.343  0.000000
-0.342  0.000000
-0.341  0.000000
-0.340  0.000000
-0.339  0.000000
-0.338  0.000000
-0.337  0.000000
-0.336  0.000000
-0.335  0.000000
-0.334  0.000000
-0.333  0.000000
-0.332  0.000000
-0.331  0.000000
-0.330  0.000000
-0.329  0.000000
-0.328  0.000000
-0.327  0.000000
-0.326  0.000000
-0.325  0.000000
-0.324  0.000000
-0.323  0.000000
-0.322  0.000000
-0.321  0.000000
-0.320  0.000000
-0.319  0.000000
-0.318  0.000000
-0.317  0.000000
-0.316  0.000000
-0.315  0.000000
-0.314  0.000000
-0.313  0.000000
-0.312  0.000000
-0.311  0.000000
-0.310  0.000000
-0.309  0.000000
-0.308  0.000000
-0.307  0.000000
-0.306  0.000000
-0.305  0.000000
-0.304  0.000000
-0.303  0.000000
-0.302  0.000000
-0.301  0.000000
-0.300  0.000000
-0.299  0.000000
-0.298  0.000000
-0.297  0.000000
-0.296  0.000000
-0.295  0.000000
-0.294  0.000000
-0.293  0.000000
-0.292  0.000000
-0.291  0.000000
-0.290  0.000000
-0.289  0.000000
-0.288  0.000000
-0.287  0.000000
-0.286  0.000000
-0.285  0.000000
-0.284  0.000000
-0.283  0.000000
-0.282  0.000000
-0.281  0.000000
-0.280  0.000000
-0.279  0.000000
-0.278  0.000000
-0.277  0.000000
-0.276  0.000000
-0.275  0.000000
-0.274  0.000000
-0.273  0.000000
-0.272  3.103937
-0.271  0.633206
-0.270  0.517716
-0.269  0.467943
-0.268  0.438528
-0.267  0.420356
-0.266  0.406327
-0.265  0.397098
-0.264  0.390305
-0.263  0.385186
-0.262  0.381357
-0.261  0.864837
-0.260  0.870090
-0.259  0.875572
-0.258  0.883795
-0.257  0.892087
-0.256  0.902311
-0.255  0.915364
-0.254  0.925975
-0.253  0.939174
-0.252  0.952391
-0.251  0.965364
-0.250  0.977845
-0.249  0.990370
-0.248  1.003625
-0.247  1.014045
-0.246  1.024487
-0.245  1.034892
-0.244  1.045228
-0.243  1.053054
-0.242  1.062207
-0.241  1.069435
-0.240  1.077931
-0.239  1.086570
-0.238  1.094371
-0.237  1.101594
-0.236  1.110162
-0.235  1.118218
-0.234  1.126909
-0.233  1.135794
-0.232  1.144463
-0.231  1.154150
-0.230  1.163964
-0.229  1.174008
-0.228  1.184916
-0.227  1.195927
-0.226  1.207377
-0.225  1.220176
-0.224  1.232465
-0.223  1.245842
-0.222  1.260263
-0.221  1.275346
-0.220  1.290937
-0.219  1.307635
-0.218  1.324935
-0.217  1.343192
-0.216  1.362505
-0.215  1.997113
-0.214  1.957788
-0.213  1.955752
-0.212  1.971503
-0.211  1.990883
-0.210  2.010326
-0.209  2.033328
-0.208  2.062874
-0.207  2.095080
-0.206  2.125903
-0.205  2.161658
-0.204  2.200860
-0.203  2.242971
-0.202  2.287469
-0.201  2.336945
-0.200  2.389411
-0.199  2.447438
-0.198  2.571425
-0.197  2.644066
-0.196  2.722888
-0.195  2.811922
-0.194  2.912696
-0.193  3.029512
-0.192  3.166112
-0.191  3.334675
-0.190  3.546941
-0.189  3.836100
-0.188  4.287033
-0.187  5.353551
-0.186  5.009256
-0.185  4.291692
-0.184  3.941847
-0.183  3.721242
-0.182  3.551821
-0.181  3.423164
-0.180  3.316156
-0.179  3.228313
-0.178  3.152158
-0.177  3.085796
-0.176  3.024805
-0.175  2.972955
-0.174  2.922695
-0.173  2.878631
-0.172  2.837405
-0.171  2.798662
-0.170  2.763679
-0.169  2.730126
-0.168  2.697635
-0.167  2.666703
-0.166  2.638631
-0.165  2.609862
-0.164  2.585313
-0.163  2.558710
-0.162  2.365415
-0.161  2.354972
-0.160  2.344840
-0.159  2.335989
-0.158  2.326721
-0.157  2.317321
-0.156  2.308687
-0.155  2.300649
-0.154  2.292401
-0.153  2.285246
-0.152  2.277891
-0.151  2.271334
-0.150  2.265220
-0.149  2.260174
-0.148  2.254824
-0.147  2.249832
-0.146  2.245206
-0.145  2.241080
-0.144  2.237709
-0.143  2.235385
-0.142  2.234765
-0.141  2.235196
-0.140  2.236225
-0.139  2.240028
-0.138  2.247419
-0.137  2.258250
-0.136  2.278514
-0.135  2.318731
-0.134  2.475428
-0.133  2.223619
-0.132  2.164850
-0.131  2.127968
-0.130  2.099933
-0.129  2.073565
-0.128  2.050844
-0.127  1.850706
-0.126  1.843145
-0.125  1.836732
-0.124  1.831379
-0.123  1.893752
-0.122  1.898545
-0.121  1.904514
-0.120  1.912415
-0.119  1.920689
-0.118  1.929889
-0.117  1.939510
-0.116  1.949928
-0.115  1.962796
-0.114  1.975923
-0.113  1.992870
-0.112  2.011960
-0.111  2.033781
-0.110  2.062618
-0.109  2.101013
-0.108  2.168435
-0.107  2.277258
-0.106  2.166970
-0.105  2.133071
-0.104  2.118138
-0.103  2.109227
-0.102  2.105321
-0.101  2.103644
-0.100  2.103056
-0.099  2.105567
-0.098  2.109164
-0.097  2.118174
-0.096  2.122622
-0.095  2.130317
-0.094  2.139951
-0.093  2.151886
-0.092  2.170278
-0.091  2.180403
-0.090  1.612857
-0.089  1.636695
-0.088  1.662090
-0.087  1.689324
-0.086  1.718099
-0.085  1.744385
-0.084  1.776900
-0.083  1.812190
-0.082  1.848551
-0.081  1.889162
-0.080  1.933774
-0.079  1.981574
-0.078  2.034875
-0.077  2.091146
-0.076  2.156665
-0.075  2.233078
-0.074  2.316444
-0.073  2.416495
-0.072  2.533185
-0.071  2.690357
-0.070  2.898211
-0.069  3.190440
-0.068  4.052809
-0.067  4.078046
-0.066  5.909378
-0.065  3.131581
-0.064  2.335796
-0.063  2.017455
-0.062  1.828529
-0.061  1.704151
-0.060  1.620525
-0.059  0.943197
-0.058  0.958895
-0.057  0.974859
-0.056  0.992012
-0.055  1.013784
-0.054  1.036759
-0.053  1.066204
-0.052  1.101246
-0.051  1.145111
-0.050  1.209971
-0.049  1.310822
-0.048  1.547544
-0.047  1.365794
-0.046  1.161183
-0.045  1.090980
-0.044  1.051645
-0.043  1.028475
-0.042  1.008788
-0.041  0.997213
-0.040  0.987883
-0.039  0.980266
-0.038  0.974131
-0.037  0.968852
-0.036  0.964701
-0.035  0.961227
-0.034  0.959392
-0.033  0.957231
-0.032  0.955000
-0.031  0.953242
-0.030  0.951938
-0.029  0.950789
-0.028  0.949923
-0.027  0.948919
-0.026  0.948149
-0.025  0.947561
-0.024  0.946755
-0.023  0.946185
-0.022  0.945674
-0.021  0.944998
-0.020  0.944439
-0.019  0.943673
-0.018  0.943034
-0.017  0.942332
-0.016  0.941360
-0.015  0.940651
-0.014  0.939688
-0.013  0.938492
-0.012  0.937485
-0.011  0.936313
-0.010  0.934990
-0.009  0.933599
-0.008  0.932152
-0.007  0.930717
-0.006  0.929065
-0.005  0.927503
-0.004  0.925855
-0.003  0.924002
-0.002  0.922383
-0.001  0.920561
 0.000  0.918554
 0.001  0.916907
 0.002  0.915014
 0.003  0.912916
 0.004  0.911367
 0.005  0.909569
 0.006  0.907503
 0.007  0.905999
 0.008  0.904304
 0.009  0.902444
 0.010  0.901099
 0.011  0.899593
 0.012  0.898176
 0.013  0.897062
 0.014  0.895904
 0.015  0.894765
 0.016  0.894190
 0.017  0.893630
 0.018  0.893401
 0.019  0.893071
 0.020  0.893489
 0.021  0.894277
 0.022  0.895084
 0.023  0.896321
 0.024  0.898671
 0.025  0.901625
 0.026  0.905531
 0.027  0.910388
 0.028  0.916635
 0.029  0.924954
 0.030  0.936516
 0.031  0.954035
 0.032  0.981564
 0.033  1.033790
 0.034  1.145881
 0.035  0.992144
 0.036  0.937242
 0.037  0.900101
 0.038  0.874475
 0.039  0.854097
 0.040  0.834789
 0.041  0.819374
 0.042  0.805064
 0.043  0.791434
 0.044  0.779017
 0.045  0.767925
 0.046  0.757412
 0.047  0.747851
 0.048  0.738897
 0.049  0.730144
 0.050  0.721766
 0.051  0.713476
 0.052  0.705429
 0.053  0.698297
 0.054  0.690800
 0.055  0.683769
 0.056  0.677379
 0.057  0.670429
 0.058  0.664564
 0.059  0.657732
 0.060  0.651867
 0.061  0.645966
 0.062  0.639712
 0.063  0.633753
 0.064  0.636299
 0.065  0.449240
 0.066  0.448010
 0.067  0.446596
 0.068  0.445487
 0.069  0.444401
 0.070  0.443551
 0.071  0.442645
 0.072  0.442110
 0.073  0.441539
 0.074  0.441103
 0.075  0.440895
 0.076  0.440779
 0.077  0.440695
 0.078  0.441045
 0.079  0.441236
 0.080  0.441845
 0.081  0.442432
 0.082  0.443451
 0.083  0.444345
 0.084  0.445876
 0.085  0.447368
 0.086  0.449220
 0.087  0.451396
 0.088  0.453726
 0.089  0.456658
 0.090  0.459750
 0.091  0.463474
 0.092  0.467680
 0.093  0.472447
 0.094  0.477872
 0.095  0.484129
 0.096  0.491286
 0.097  0.499436
 0.098  0.509088
 0.099  0.520265
 0.100  0.533277
 0.101  0.548968
 0.102  0.567773
 0.103  0.590653
 0.104  0.619707
 0.105  0.657541
 0.106  0.707238
 0.107  0.773157
 0.108  0.887165
 0.109  1.096380
 0.110  1.885355
 0.111  1.907619
 0.112  1.525184
 0.113  1.360398
 0.114  0.860549
 0.115  0.834540
 0.116  0.819353
 0.117  0.812726
 0.118  0.813557
 0.119  0.822795
 0.120  0.841468
 0.121  0.875037
 0.122  0.931311
 0.123  1.041484
 0.124  1.407908
 0.125  1.259759
 0.126  0.983931
 0.127  0.859343
 0.128  0.783138
 0.129  0.722536
 0.130  0.156728
 0.131  0.157152
 0.132  0.157591
 0.133  0.158119
 0.134  0.158566
 0.135  2.209241
 0.136  1.564001
 0.137  1.269705
 0.138  1.112806
 0.139  1.013536
 0.140  0.946918
 0.141  0.899062
 0.142  0.862830
 0.143  0.834991
 0.144  0.813399
 0.145  1.081181
 0.146  1.069451
 0.147  1.052421
 0.148  1.048817
 0.149  1.040781
 0.150  1.039797
 0.151  1.041991
 0.152  1.043443
 0.153  1.044859
 0.154  1.049634
 0.155  1.056134
 0.156  1.064232
 0.157  1.073985
 0.158  1.085492
 0.159  1.099756
 0.160  1.115599
 0.161  1.134945
 0.162  1.157899
 0.163  1.186959
 0.164  1.225167
 0.165  1.696692
 0.166  1.898182
 0.167  2.030786
 0.168  1.726230
 0.169  1.617686
 0.170  1.557136
 0.171  1.520198
 0.172  1.494283
 0.173  1.478835
 0.174  1.469842
 0.175  1.468651
 0.176  1.473552
 0.177  1.488571
 0.178  1.528226
 0.179  1.639086
 0.180  1.589996
 0.181  1.456182
 0.182  1.385422
 0.183  1.333561
 0.184  1.293058
 0.185  1.254770
 0.186  1.221707
 0.187  1.195375
 0.188  1.169209
 0.189  1.144494
 0.190  1.122583
 0.191  1.102030
 0.192  1.079278
 0.193  1.061865
 0.194  1.044084
 0.195  1.026756
 0.196  1.009573
 0.197  0.993641
 0.198  0.976362
 0.199  0.962264
 0.200  0.948140
 0.201  0.932955
 0.202  0.920062
 0.203  0.906090
 0.204  0.892986
 0.205  0.881548
 0.206  0.867108
 0.207  0.852799
 0.208  0.843222
 0.209  0.829974
 0.210  0.818501
 0.211  0.943294
 0.212  0.924600
 0.213  0.920120
 0.214  0.913462
 0.215  0.912222
 0.216  0.908892
 0.217  0.902036
 0.218  0.899545
 0.219  0.896670
 0.220  0.889509
 0.221  0.889106
 0.222  0.883979
 0.223  0.876194
 0.224  0.879365
 0.225  0.813018
 0.226  0.815972
 0.227  0.822268
 0.228  0.826886
 0.229  0.832395
 0.230  0.770554
 0.231  0.787387
 0.232  0.809243
 0.233  0.830131
 0.234  0.854988
 0.235  0.894507
 0.236  0.947727
 0.237  1.002349
 0.238  0.944450
 0.239  0.924282
 0.240  0.914071
 0.241  0.918723
 0.242  0.926103
 0.243  0.929625
 0.244  0.947683
 0.245  0.965452
 0.246  1.005449
 0.247  1.073946
 0.248  1.251941
 0.249  1.162271
 0.250  1.050205
 0.251  0.987678
 0.252  0.963864
 0.253  0.401840
 0.254  0.390971
 0.255  0.382867
 0.256  0.468899
 0.257  0.470623
 0.258  0.474581
 0.259  0.478096
 0.260  0.482933
 0.261  0.485164
 0.262  0.489090
 0.263  0.497986
 0.264  0.498678
 0.265  0.503705
 0.266  0.515627
 0.267  0.518443
 0.268  0.521979
 0.269  0.534080
 0.270  0.538988
 0.271  0.547790
 0.272  0.559568
 0.273  0.574276
 0.274  0.582672
 0.275  0.590896
 0.276  0.601973
 0.277  0.613636
 0.278  0.627842
 0.279  0.652065
 0.280  0.664433
 0.281  0.690962
 0.282  0.730183
 0.283  0.762016
 0.284  0.817054
 0.285  0.934580
 0.286  1.918920
 0.287  1.166555
 0.288  1.042374
 0.289  0.977714
 0.290  0.936067
 0.291  0.905765
 0.292  0.882200
 0.293  0.863768
 0.294  0.847552
 0.295  0.834647
 0.296  0.822662
 0.297  0.812407
 0.298  0.803417
 0.299  0.795052
 0.300  0.787598
 0.301  0.780515
 0.302  0.774182
 0.303  0.768087
 0.304  0.762471
 0.305  0.757495
 0.306  0.752238
 0.307  0.747796
 0.308  0.743098
 0.309  0.738872
 0.310  0.734802
 0.311  0.730968
 0.312  0.727171
 0.313  0.723605
 0.314  0.719975
 0.315  0.716664
 0.316  0.713497
 0.317  0.710287
 0.318  0.707238
 0.319  0.704164
 0.320  0.701278
 0.321  0.698450
 0.322  0.695636
 0.323  0.692993
 0.324  0.690160
 0.325  0.687783
 0.326  0.685171
 0.327  0.682681
 0.328  0.680398
 0.329  0.677663
 0.330  0.675663
 0.331  0.672863
 0.332  0.671054
 0.333  0.668695
 0.334  0.666612
 0.335  0.664452
 0.336  0.661997
 0.337  0.660346
 0.338  0.657818
 0.339  0.656265
 0.340  0.654040
 0.341  0.652139
 0.342  0.650136
 0.343  0.648051
 0.344  0.646354
 0.345  0.644255
 0.346  0.642690
 0.347  0.640591
 0.348  0.638972
 0.349  0.636917
 0.350  0.635210
 0.351  0.633555
 0.352  0.631772
 0.353  0.630187
 0.354  0.628366
 0.355  0.626829
 0.356  0.625022
 0.357  0.623328
 0.358  0.621801
 0.359  0.620129
 0.360  0.618419
 0.361  0.616925
 0.362  0.615344
 0.363  0.613835
 0.364  0.612060
 0.365  0.610962
 0.366  0.608905
 0.367  0.607749
 0.368  0.605873
 0.369  0.604844
 0.370  0.602913
 0.371  0.601867
 0.372  0.600277
 0.373  0.598904
 0.374  0.597295
 0.375  0.596233
 0.376  0.594507
 0.377  0.593007
 0.378  0.591957
 0.379  0.589993
 0.380  0.589315
 0.381  0.587290
 0.382  0.585879
 0.383  0.571655
 0.384  0.571443
 0.385  0.570682
 0.386  0.570441
 0.387  0.569803
 0.388  0.569651
 0.389  0.568998
 0.390  0.568814
 0.391  0.568326
 0.392  0.568202
 0.393  0.567723
 0.394  0.567590
 0.395  0.567255
 0.396  0.567383
 0.397  0.566962
 0.398  0.567267
 0.399  0.566980
 0.400  0.567654
 0.401  0.568168
 0.402  0.568803
 0.403  0.570499
 0.404  0.573061
 0.405  0.577206
 0.406  0.612876
 0.407  0.571276
 0.408  0.564197
 0.409  0.559930
 0.410  0.555842
 0.411  0.552460
 0.412  0.550626
 0.413  0.547530
 0.414  0.544666
 0.415  0.543239
 0.416  0.540345
 0.417  0.537853
 0.418  0.536192
 0.419  0.533648
 0.420  0.531564
 0.421  0.539884
 0.422  0.538749
 0.423  0.538050
 0.424  0.536508
 0.425  0.536077
 0.426  0.535115
 0.427  0.533334
 0.428  0.533165
 0.429  0.531609
 0.430  0.530315
 0.431  0.529909
 0.432  0.529176
 0.433  0.527553
 0.434  0.526538
 0.435  0.526222
 0.436  0.524559
 0.437  0.523354
 0.438  0.523459
 0.439  0.521643
 0.440  0.520593
 0.441  0.520592
 0.442  0.518343
 0.443  0.517924
 0.444  0.517500
 0.445  0.516380
 0.446  0.515241
 0.447  0.514519
 0.448  0.513614
 0.449  0.512205
 0.450  0.511866
 0.451  0.510656
 0.452  0.509396
 0.453  0.509407
 0.454  0.507715
 0.455  0.506641
 0.456  0.507222
 0.457  0.504800
 0.458  0.504075
 0.459  0.504193
 0.460  0.502338
 0.461  0.501613
 0.462  0.500422
 0.463  0.500184
 0.464  0.499100
 0.465  0.497699
 0.466  0.496934
 0.467  0.497420
 0.468  0.495081
 0.469  0.494592
 0.470  0.494389
 0.471  0.492446
 0.472  0.492776
 0.473  0.491162
 0.474  0.488717
 0.475  0.491189
 0.476  0.488672
 0.477  0.487426
 0.478  0.487248
 0.479  0.486522
 0.480  0.486647
 0.481  0.484755
 0.482  0.485064
 0.483  0.482636
 0.484  0.482010
 0.485  0.481423
 0.486  0.480828
 0.487  0.482048
 0.488  0.478053
 0.489  0.479977
 0.490  0.477548
 0.491  0.478914
 0.492  0.475653
 0.493  0.476260
 0.494  0.473374
 0.495  0.476689
 0.496  0.471978
 0.497  0.474505
 0.498  0.469598
 0.499  0.472379
 0.500  0.470283
 0.501  0.470400
 0.502  0.469105
 0.503  0.468266
 0.504  0.468018
 0.505  0.464661
 0.506  0.466817
 0.507  0.464169
 0.508  0.463401
 0.509  0.467589
 0.510  0.459942
 0.511  0.463711
 0.512  0.462527
 0.513  0.461800
 0.514  0.457638
 0.515  0.460678
 0.516  0.458384
 0.517  0.467731
 0.518  0.457899
 0.519  0.454941
 0.520  0.452629
 0.521  0.453972
 0.522  0.464694
 0.523  0.451646
 0.524  0.452526
 0.525  0.491409
 0.526  0.448150
 0.527  0.447704
 0.528  0.447625
 0.529  0.378855
 0.530  0.383317
 0.531  0.384118
 0.532  0.385410
 0.533  0.389128
 0.534  0.399174
 0.535  0.397896
 0.536  0.400861
 0.537  0.404372
 0.538  0.408762
 0.539  0.413876
 0.540  0.437598
 0.541  0.423702
 0.542  0.431118
 0.543  0.440626
 0.544  0.452493
 0.545  0.471805
 0.546  0.516942
 0.547  0.479404
 0.548  0.467099
 0.549  0.460508
 0.550  0.455616
 0.551  0.452271
 0.552  0.449974
 0.553  0.447625
 0.554  0.444731
 0.555  0.445215
 0.556  0.343189
 0.557  0.342121
 0.558  0.341019
 0.559  0.340147
 0.560  0.339220
 0.561  0.338458
 0.562  0.337720
 0.563  0.336999
 0.564  0.336409
 0.565  0.335697
 0.566  0.335152
 0.567  0.334567
 0.568  0.333983
 0.569  0.333539
 0.570  0.332954
 0.571  0.332464
 0.572  0.332075
 0.573  0.331519
 0.574  0.331077
 0.575  0.330719
 0.576  0.330189
 0.577  0.329772
 0.578  0.329427
 0.579  0.329057
 0.580  0.328556
 0.581  0.328179
 0.582  0.327864
 0.583  0.327598
 0.584  0.327052
 0.585  0.326650
 0.586  0.326304
 0.587  0.326009
 0.588  0.325711
 0.589  0.325414
 0.590  0.325116
 0.591  0.324820
 0.592  0.324467
 0.593  0.324093
 0.594  0.323696
 0.595  0.323277
 0.596  0.322898
 0.597  0.323066
 0.598  0.322336
 0.599  0.322616
 0.600  0.321604
 0.601  0.321241
 0.602  0.321627
 0.603  0.319649
 0.604  0.229491
 0.605  0.229452
 0.606  0.229376
 0.607  0.229307
 0.608  0.229254
 0.609  0.229208
 0.610  0.229140
 0.611  0.229083
 0.612  0.229056
 0.613  0.228988
 0.614  0.228929
 0.615  0.228887
 0.616  0.228849
 0.617  0.228790
 0.618  0.228742
 0.619  0.228723
 0.620  0.228663
 0.621  0.228613
 0.622  0.228584
 0.623  0.228549
 0.624  0.228497
 0.625  0.228459
 0.626  0.228445
 0.627  0.228393
 0.628  0.228351
 0.629  0.228341
 0.630  0.228299
 0.631  0.228255
 0.632  0.228228
 0.633  0.228215
 0.634  0.228170
 0.635  0.228138
 0.636  0.228141
 0.637  0.228095
 0.638  0.228060
 0.639  0.228049
 0.640  0.228029
 0.641  0.227992
 0.642  0.227971
 0.643  0.227972
 0.644  0.227934
 0.645  0.227909
 0.646  0.227923
 0.647  0.227884
 0.648  0.227856
 0.649  0.227854
 0.650  0.227843
 0.651  0.227813
 0.652  0.227802
 0.653  0.227810
 0.654  0.227779
 0.655  0.227763
 0.656  0.227784
 0.657  0.227753
 0.658  0.227734
 0.659  0.227754
 0.660  0.227734
 0.661  0.227714
 0.662  0.227717
 0.663  0.227724
 0.664  0.227702
 0.665  0.227699
 0.666  0.227720
 0.667  0.227698
 0.668  0.227691
 0.669  0.227724
 0.670  0.227701
 0.671  0.227692
 0.672  0.227735
 0.673  0.227711
 0.674  0.227702
 0.675  0.227724
 0.676  0.227729
 0.677  0.227718
 0.678  0.227733
 0.679  0.227754
 0.680  0.227743
 0.681  0.227753
 0.682  0.227786
 0.683  0.227774
 0.684  0.227782
 0.685  0.227824
 0.686  0.227813
 0.687  0.227820
 0.688  0.227870
 0.689  0.227858
 0.690  0.227865
 0.691  0.227922
 0.692  0.227911
 0.693  0.227917
 0.694  0.227981
 0.695  0.227970
 0.696  0.227977
 0.697  0.228046
 0.698  0.228036
 0.699  0.228044
 0.700  0.228108
 0.701  0.228109
 0.702  0.228118
 0.703  0.228176
 0.704  0.228189
 0.705  0.228200
 0.706  0.228258
 0.707  0.228276
 0.708  0.228288
 0.709  0.228350
 0.710  0.228369
 0.711  0.228384
 0.712  0.228454
 0.713  0.228470
 0.714  0.228487
 0.715  0.228576
 0.716  0.228577
 0.717  0.228598
 0.718  0.228688
 0.719  0.228692
 0.720  0.228717
 0.721  0.228807
 0.722  0.228814
 0.723  0.228844
 0.724  0.228933
 0.725  0.228943
 0.726  0.228979
 0.727  0.229065
 0.728  0.229080
 0.729  0.229123
 0.730  0.229205
 0.731  0.229225
 0.732  0.229278
 0.733  0.229353
 0.734  0.229378
 0.735  0.229445
 0.736  0.229508
 0.737  0.229540
 0.738  0.229638
 0.739  0.229672
 0.740  0.229712
 0.741  0.229824
 0.742  0.229844
 0.743  0.229895
 0.744  0.229998
 0.745  0.230026
 0.746  0.230092
 0.747  0.230181
 0.748  0.230217
 0.749  0.230311
 0.750  0.230373
 0.751  0.230421
 0.752  0.230546
 0.753  0.230575
 0.754  0.230638
 0.755  0.230749
 0.756  0.230788
 0.757  0.230876
 0.758  0.230962
 0.759  0.231014
 0.760  0.231154
 0.761  0.231187
 0.762  0.231257
 0.763  0.231378
 0.764  0.231424
 0.765  0.231527
 0.766  0.231615
 0.767  0.231677
 0.768  0.231822
 0.769  0.231864
 0.770  0.231953
 0.771  0.232070
 0.772  0.232130
 0.773  0.232292
 0.774  0.232333
 0.775  0.232418
 0.776  0.232554
 0.777  0.232613
 0.778  0.232760
 0.779  0.232831
 0.780  0.232917
 0.781  0.233065
 0.782  0.233127
 0.783  0.233275
 0.784  0.233358
 0.785  0.233450
 0.786  0.233604
 0.787  0.233673
 0.788  0.233853
 0.789  0.233915
 0.790  0.234019
 0.791  0.234172
 0.792  0.234251
 0.793  0.234441
 0.794  0.234504
 0.795  0.234631
 0.796  0.234771
 0.797  0.234867
 0.798  0.235051
 0.799  0.235128
 0.800  0.235321
 0.801  0.235404
 0.802  0.235529
 0.803  0.235693
 0.804  0.235793
 0.805  0.235993
 0.806  0.236077
 0.807  0.236288
 0.808  0.236374
 0.809  0.236516
 0.810  0.236683
 0.811  0.236800
 0.812  0.237002
 0.813  0.237102
 0.814  0.237330
 0.815  0.237418
 0.816  0.237625
 0.817  0.237746
 0.818  0.237905
 0.819  0.238083
 0.820  0.238220
 0.821  0.238429
 0.822  0.238553
 0.823  0.238785
 0.824  0.238897
 0.825  0.239148
 0.826  0.239252
 0.827  0.239520
 0.828  0.239618
 0.829  0.239849
 0.830  0.239991
 0.831  0.240193
 0.832  0.240374
 0.833  0.240562
 0.834  0.240765
 0.835  0.240945
 0.836  0.241164
 0.837  0.241340
 0.838  0.241571
 0.839  0.241746
 0.840  0.241986
 0.841  0.242163
 0.842  0.242409
 0.843  0.242591
 0.844  0.242840
 0.845  0.243031
 0.846  0.243280
 0.847  0.243483
 0.848  0.243728
 0.849  0.243949
 0.850  0.244185
 0.851  0.244436
 0.852  0.244652
 0.853  0.244967
 0.854  0.245131
 0.855  0.245475
 0.856  0.245621
 0.857  0.245958
 0.858  0.246127
 0.859  0.246451
 0.860  0.246651
 0.861  0.246957
 0.862  0.247205
 0.863  0.247475
 0.864  0.247847
 0.865  0.248013
 0.866  0.248382
 0.867  0.248574
 0.868  0.248917
 0.869  0.249174
 0.870  0.249472
 0.871  0.249880
 0.872  0.250054
 0.873  0.250434
 0.874  0.250679
 0.875  0.251012
 0.876  0.251441
 0.877  0.251625
 0.878  0.252020
 0.879  0.252305
 0.880  0.252632
 0.881  0.253067
 0.882  0.253299
 0.883  0.253681
 0.884  0.254145
 0.885  0.254352
 0.886  0.254766
 0.887  0.255198
 0.888  0.255449
 0.889  0.255883
 0.890  0.256328
 0.891  0.256588
 0.892  0.257030
 0.893  0.257536
 0.894  0.257773
 0.895  0.258212
 0.896  0.258716
 0.897  0.259025
 0.898  0.259434
 0.899  0.259928
 0.900  0.260470
 0.901  0.260731
 0.902  0.261190
 0.903  0.261711
 0.904  0.262273
 0.905  0.262554
 0.906  0.263023
 0.907  0.263551
 0.908  0.264116
 0.909  0.264571
 0.910  0.264968
 0.911  0.265476
 0.912  0.266025
 0.913  0.266603
 0.914  0.267203
 0.915  0.267709
 0.916  0.268126
 0.917  0.268652
 0.918  0.269214
 0.919  0.269798
 0.920  0.270394
 0.921  0.271004
 0.922  0.271619
 0.923  0.272242
 0.924  0.272869
 0.925  0.273496
 0.926  0.274128
 0.927  0.274757
 0.928  0.275388
 0.929  0.276023
 0.930  0.276661
 0.931  0.277310
 0.932  0.277979
 0.933  0.278693
 0.934  0.279546
 0.935  0.280369
 0.936  0.280966
 0.937  0.281616
 0.938  0.282427
 0.939  0.283399
 0.940  0.283969
 0.941  0.284807
 0.942  0.285720
 0.943  0.286383
 0.944  0.287437
 0.945  0.288110
 0.946  0.289043
 0.947  0.290268
 0.948  0.290805
 0.949  0.291642
 0.950  0.292593
 0.951  0.293535
 0.952  0.294486
 0.953  0.296226
 0.954  0.296529
 0.955  0.297991
 0.956  0.299086
 0.957  0.299418
 0.958  0.300489
 0.959  0.302055
 0.960  0.000000
 0.961  0.000000
 0.962  0.000000
 0.963  0.000000
 0.964  0.000000
 0.965  0.000000
 0.966  0.000000
 0.967  0.000000
 0.968  0.000000
 0.969  0.000000
 0.970  0.000000
 0.971  0.000000
 0.972  0.000000
 0.973  0.000000
 0.974  0.000000
 0.975  0.000000
 0.976  0.000000
 0.977  0.000000
 0.978  0.000000
 0.979  0.000000
 0.980  0.000000
 0.981  0.000000
 0.982  0.000000
 0.983  0.000000
 0.984  0.000000
 0.985  0.000000
 0.986  0.000000
 0.987  0.000000
 0.988  0.000000
 0.989  0.000000
 0.990  0.000000
 0.991  0.000000
 0.992  0.000000
 0.993  0.000000
 0.994  0.000000
 0.995  0.000000
 0.996  0.000000
 0.997  0.000000
 0.998  0.000000
 0.999  0.000000
 1.000  0.000000
