-0.0400  2.714836
-0.0399  2.653379
-0.0398  2.583794
-0.0397  2.552935
-0.0396  2.502731
-0.0395  2.475320
-0.0394  2.450669
-0.0393  2.419185
-0.0392  2.399990
-0.0391  2.383903
-0.0390  2.360665
-0.0389  2.337629
-0.0388  2.322624
-0.0387  2.306939
-0.0386  2.292226
-0.0385  2.275153
-0.0384  2.262650
-0.0383  2.253397
-0.0382  2.239911
-0.0381  2.235259
-0.0380  2.216694
-0.0379  2.208487
-0.0378  2.198415
-0.0377  2.187003
-0.0376  2.182140
-0.0375  2.167382
-0.0374  2.158822
-0.0373  2.150103
-0.0372  2.145185
-0.0371  2.140287
-0.0370  2.130145
-0.0369  2.122560
-0.0368  2.112761
-0.0367  2.104842
-0.0366  2.099954
-0.0365  2.090140
-0.0364  2.088789
-0.0363  2.081790
-0.0362  2.076427
-0.0361  2.064649
-0.0360  2.062201
-0.0359  2.055126
-0.0358  2.047657
-0.0357  2.044118
-0.0356  2.038162
-0.0355  2.038407
-0.0354  2.025144
-0.0353  2.026305
-0.0352  2.012855
-0.0351  2.011791
-0.0350  2.001979
-0.0349  2.006739
-0.0348  1.998449
-0.0347  1.996324
-0.0346  1.986084
-0.0345  1.978717
-0.0344  1.976021
-0.0343  1.977569
-0.0342  1.973437
-0.0341  1.966274
-0.0340  1.951725
-0.0339  1.951393
-0.0338  1.959349
-0.0337  1.952249
-0.0336  1.934632
-0.0335  1.934697
-0.0334  1.949574
-0.0333  1.921998
-0.0332  1.945013
-0.0331  1.898951
-0.0330  1.734346
-0.0329  1.098527
-0.0328  1.096883
-0.0327  1.095533
-0.0326  1.094023
-0.0325  1.092883
-0.0324  1.092409
-0.0323  1.091272
-0.0322  1.089983
-0.0321  1.088538
-0.0320  1.087097
-0.0319  1.085819
-0.0318  1.084244
-0.0317  1.083159
-0.0316  1.081960
-0.0315  1.080731
-0.0314  1.079435
-0.0313  1.078880
-0.0312  1.077846
-0.0311  1.076575
-0.0310  1.075436
-0.0309  1.074613
-0.0308  1.073464
-0.0307  1.072353
-0.0306  1.070962
-0.0305  1.069603
-0.0304  1.068167
-0.0303  1.067127
-0.0302  1.066616
-0.0301  1.065662
-0.0300  1.064912
-0.0299  1.063686
-0.0298  1.062286
-0.0297  1.060848
-0.0296  1.060136
-0.0295  1.060691
-0.0294  1.059128
-0.0293  1.056991
-0.0292  1.055497
-0.0291  1.054703
-0.0290  1.053924
-0.0289  1.053032
-0.0288  1.057566
-0.0287  1.053453
-0.0286  1.049186
-0.0285  1.044729
-0.0284  1.049612
-0.0283  1.052076
-0.0282  0.995333
-0.0281  0.975649
-0.0280  0.977258
-0.0279  0.978492
-0.0278  0.979694
-0.0277  0.980897
-0.0276  0.982018
-0.0275  0.983206
-0.0274  0.984353
-0.0273  0.985239
-0.0272  0.986084
-0.0271  0.987956
-0.0270  0.989451
-0.0269  0.990796
-0.0268  0.992020
-0.0267  0.993298
-0.0266  0.994557
-0.0265  0.995825
-0.0264  0.996965
-0.0263  0.998070
-0.0262  0.999159
-0.0261  1.001690
-0.0260  1.003587
-0.0259  1.005211
-0.0258  1.006743
-0.0257  1.007952
-0.0256  1.009071
-0.0255  1.010135
-0.0254  1.011201
-0.0253  1.012268
-0.0252  1.014684
-0.0251  1.016571
-0.0250  1.018453
-0.0249  1.020068
-0.0248  1.021646
-0.0247  1.023137
-0.0246  1.024572
-0.0245  1.025971
-0.0244  1.027368
-0.0243  1.030690
-0.0242  1.032882
-0.0241  1.034652
-0.0240  1.036286
-0.0239  1.037822
-0.0238  1.039322
-0.0237  1.040704
-0.0236  1.042058
-0.0235  1.044681
-0.0234  1.047639
-0.0233  1.049949
-0.0232  1.051950
-0.0231  1.054008
-0.0230  1.055864
-0.0229  1.057634
-0.0228  1.059539
-0.0227  1.063061
-0.0226  1.066051
-0.0225  1.068484
-0.0224  1.140835
-0.0223  1.161661
-0.0222  1.175074
-0.0221  1.174920
-0.0220  1.180610
-0.0219  1.188543
-0.0218  1.198771
-0.0217  1.205399
-0.0216  1.210859
-0.0215  1.216712
-0.0214  1.224132
-0.0213  1.232335
-0.0212  1.243330
-0.0211  1.251403
-0.0210  1.258139
-0.0209  1.266160
-0.0208  1.274092
-0.0207  1.281188
-0.0206  1.292311
-0.0205  1.301944
-0.0204  1.313933
-0.0203  1.322533
-0.0202  1.331310
-0.0201  1.340320
-0.0200  1.353489
-0.0199  1.367818
-0.0198  1.381360
-0.0197  1.391798
-0.0196  1.401931
-0.0195  1.418957
-0.0194  1.437236
-0.0193  1.451501
-0.0192  1.464082
-0.0191  1.485041
-0.0190  1.510295
-0.0189  1.529697
-0.0188  1.545276
-0.0187  1.585004
-0.0186  1.618276
-0.0185  1.645036
-0.0184  1.715372
-0.0183  1.759016
-0.0182  1.905800
-0.0181  2.193774
-0.0180  1.853276
-0.0179  1.783855
-0.0178  1.732954
-0.0177  1.685078
-0.0176  1.665867
-0.0175  1.646505
-0.0174  1.626963
-0.0173  1.605351
-0.0172  1.596086
-0.0171  1.587734
-0.0170  1.580411
-0.0169  1.572092
-0.0168  1.561420
-0.0167  1.553431
-0.0166  1.548484
-0.0165  1.543849
-0.0164  1.539647
-0.0163  1.535304
-0.0162  1.530597
-0.0161  1.525748
-0.0160  1.522598
-0.0159  1.519855
-0.0158  1.517550
-0.0157  1.516066
-0.0156  1.515044
-0.0155  1.512753
-0.0154  1.509940
-0.0153  1.508050
-0.0152  1.506489
-0.0151  1.505071
-0.0150  1.504123
-0.0149  1.503805
-0.0148  1.502246
-0.0147  1.500702
-0.0146  1.499757
-0.0145  1.499379
-0.0144  1.499967
-0.0143  1.501664
-0.0142  1.500691
-0.0141  1.499430
-0.0140  1.498754
-0.0139  1.498257
-0.0138  1.498212
-0.0137  1.499359
-0.0136  1.499513
-0.0135  1.499526
-0.0134  1.499324
-0.0133  1.499320
-0.0132  1.499930
-0.0131  1.503056
-0.0130  1.503465
-0.0129  1.502474
-0.0128  1.502587
-0.0127  1.503207
-0.0126  1.503992
-0.0125  1.507675
-0.0124  1.506405
-0.0123  1.505906
-0.0122  1.505816
-0.0121  1.506842
-0.0120  1.511751
-0.0119  1.514824
-0.0118  1.514036
-0.0117  1.512782
-0.0116  1.513138
-0.0115  1.516847
-0.0114  1.516222
-0.0113  1.517276
-0.0112  1.517489
-0.0111  1.519425
-0.0110  1.524231
-0.0109  1.522577
-0.0108  1.522378
-0.0107  1.526791
-0.0106  1.532566
-0.0105  1.530275
-0.0104  1.529647
-0.0103  1.538464
-0.0102  1.532460
-0.0101  1.530223
-0.0100  1.543248
-0.0099  1.536381
-0.0098  1.540539
-0.0097  1.540878
-0.0096  1.554167
-0.0095  1.534526
-0.0094  1.518987
-0.0093  1.306166
-0.0092  1.308181
-0.0091  1.309296
-0.0090  1.310469
-0.0089  1.312159
-0.0088  1.314816
-0.0087  1.317940
-0.0086  1.323026
-0.0085  1.324101
-0.0084  1.324705
-0.0083  1.325903
-0.0082  1.327432
-0.0081  1.329511
-0.0080  1.331717
-0.0079  1.333560
-0.0078  1.335964
-0.0077  1.338750
-0.0076  1.344410
-0.0075  1.344533
-0.0074  1.345583
-0.0073  1.347457
-0.0072  1.348337
-0.0071  1.350305
-0.0070  1.351233
-0.0069  1.351198
-0.0068  1.353770
-0.0067  1.358141
-0.0066  1.364019
-0.0065  1.363889
-0.0064  1.362653
-0.0063  1.361535
-0.0062  1.363980
-0.0061  1.368084
-0.0060  1.367387
-0.0059  1.367022
-0.0058  1.367623
-0.0057  1.371785
-0.0056  1.376734
-0.0055  1.374417
-0.0054  1.372047
-0.0053  1.370690
-0.0052  1.370598
-0.0051  1.374033
-0.0050  1.372171
-0.0049  1.372368
-0.0048  1.375402
-0.0047  1.375751
-0.0046  1.374979
-0.0045  1.372598
-0.0044  1.369058
-0.0043  1.367626
-0.0042  1.366769
-0.0041  1.363302
-0.0040  1.362289
-0.0039  1.362556
-0.0038  1.362706
-0.0037  1.360951
-0.0036  1.357863
-0.0035  1.351751
-0.0034  1.349708
-0.0033  1.346313
-0.0032  1.340012
-0.0031  1.338021
-0.0030  1.334354
-0.0029  1.328812
-0.0028  1.327331
-0.0027  1.324212
-0.0026  1.319748
-0.0025  1.316535
-0.0024  1.310130
-0.0023  1.304029
-0.0022  1.300642
-0.0021  1.293674
-0.0020  1.288624
-0.0019  1.284910
-0.0018  1.277869
-0.0017  1.273294
-0.0016  1.269761
-0.0015  1.263438
-0.0014  1.257171
-0.0013  1.254274
-0.0012  1.248165
-0.0011  1.240939
-0.0010  1.237442
-0.0009  1.232514
-0.0008  1.224024
-0.0007  1.221074
-0.0006  1.217138
-0.0005  1.208551
-0.0004  1.204198
-0.0003  1.200534
-0.0002  1.195648
-0.0001  1.187402
 0.0000  1.184839
 0.0001  1.181423
 0.0002  1.176044
 0.0003  1.168640
 0.0004  1.166274
 0.0005  1.162437
 0.0006  1.157183
 0.0007  1.149802
 0.0008  1.147130
 0.0009  1.144076
 0.0010  1.140050
 0.0011  1.132564
 0.0012  1.129964
 0.0013  1.127580
 0.0014  1.124713
 0.0015  1.120039
 0.0016  1.112248
 0.0017  1.109776
 0.0018  1.107106
 0.0019  1.104005
 0.0020  1.100447
 0.0021  1.094092
 0.0022  1.091859
 0.0023  1.090038
 0.0024  1.087957
 0.0025  1.084498
 0.0026  1.079770
 0.0027  1.073269
 0.0028  1.071407
 0.0029  1.069391
 0.0030  1.067207
 0.0031  1.064891
 0.0032  1.062255
 0.0033  1.059178
 0.0034  1.054028
 0.0035  1.050721
 0.0036  1.048463
 0.0037  1.046585
 0.0038  1.044556
 0.0039  1.042386
 0.0040  1.040033
 0.0041  1.037374
 0.0042  1.034659
 0.0043  1.032014
 0.0044  1.029534
 0.0045  1.027103
 0.0046  1.024426
 0.0047  1.022211
 0.0048  1.020063
 0.0049  1.017895
 0.0050  1.015719
 0.0051  1.013918
 0.0052  1.012149
 0.0053  1.010196
 0.0054  1.008136
 0.0055  1.006109
 0.0056  1.004024
 0.0057  1.001782
 0.0058  0.999998
 0.0059  0.998205
 0.0060  0.996424
 0.0061  0.994654
 0.0062  0.992888
 0.0063  0.991133
 0.0064  0.989390
 0.0065  0.987688
 0.0066  0.986266
 0.0067  0.984739
 0.0068  0.983086
 0.0069  0.981705
 0.0070  0.980304
 0.0071  0.978890
 0.0072  0.977473
 0.0073  0.976033
 0.0074  0.974582
 0.0075  0.973140
 0.0076  0.971691
 0.0077  0.970244
 0.0078  0.968714
 0.0079  0.967116
 0.0080  0.965787
 0.0081  0.965082
 0.0082  0.964065
 0.0083  0.962991
 0.0084  0.961905
 0.0085  0.960782
 0.0086  0.959648
 0.0087  0.958493
 0.0088  0.957317
 0.0089  0.956086
 0.0090  0.954824
 0.0091  0.953772
 0.0092  0.952711
 0.0093  0.951653
 0.0094  0.950593
 0.0095  0.950193
 0.0096  0.949566
 0.0097  0.948831
 0.0098  0.948049
 0.0099  0.947173
 0.0100  0.946251
 0.0101  0.945214
 0.0102  0.944453
 0.0103  0.943667
 0.0104  0.942862
 0.0105  0.942042
 0.0106  0.941203
 0.0107  0.940360
 0.0108  0.939541
 0.0109  0.939577
 0.0110  0.939071
 0.0111  0.938511
 0.0112  0.937790
 0.0113  0.937253
 0.0114  0.936731
 0.0115  0.936182
 0.0116  0.935625
 0.0117  0.935051
 0.0118  0.934463
 0.0119  0.933865
 0.0120  0.933251
 0.0121  0.932623
 0.0122  0.932991
 0.0123  0.932786
 0.0124  0.932515
 0.0125  0.932368
 0.0126  0.932124
 0.0127  0.931843
 0.0128  0.931544
 0.0129  0.931243
 0.0130  0.930898
 0.0131  0.930528
 0.0132  0.930144
 0.0133  0.929737
 0.0134  0.929928
 0.0135  0.930293
 0.0136  0.930500
 0.0137  0.930596
 0.0138  0.930570
 0.0139  0.930523
 0.0140  0.930476
 0.0141  0.930426
 0.0142  0.930356
 0.0143  0.930258
 0.0144  0.930140
 0.0145  0.929983
 0.0146  0.930673
 0.0147  0.931528
 0.0148  0.932065
 0.0149  0.932512
 0.0150  0.932852
 0.0151  0.933149
 0.0152  0.933390
 0.0153  0.933668
 0.0154  0.933943
 0.0155  0.934184
 0.0156  0.934375
 0.0157  0.935351
 0.0158  0.936767
 0.0159  0.937803
 0.0160  0.938688
 0.0161  0.939471
 0.0162  0.940191
 0.0163  0.940844
 0.0164  0.941437
 0.0165  0.942063
 0.0166  0.942685
 0.0167  0.943216
 0.0168  0.945990
 0.0169  0.947632
 0.0170  0.949035
 0.0171  0.950442
 0.0172  0.951747
 0.0173  0.953030
 0.0174  0.954268
 0.0175  0.955451
 0.0176  0.956650
 0.0177  0.959343
 0.0178  0.962483
 0.0179  0.964954
 0.0180  0.967118
 0.0181  0.969183
 0.0182  0.971379
 0.0183  0.973552
 0.0184  0.975685
 0.0185  0.977861
 0.0186  0.982870
 0.0187  0.987166
 0.0188  0.990889
 0.0189  0.994449
 0.0190  0.998109
 0.0191  1.001702
 0.0192  1.005305
 0.0193  1.008952
 0.0194  1.017375
 0.0195  1.024038
 0.0196  1.030318
 0.0197  1.036581
 0.0198  1.043281
 0.0199  1.050064
 0.0200  1.057402
 0.0201  1.072450
 0.0202  1.084477
 0.0203  1.096651
 0.0204  1.110598
 0.0205  1.125399
 0.0206  1.147873
 0.0207  1.177010
 0.0208  1.209566
 0.0209  1.250383
 0.0210  1.311990
 0.0211  1.434337
 0.0212  1.811176
 0.0213  1.241481
 0.0214  1.145901
 0.0215  1.074435
 0.0216  1.039185
 0.0217  1.007394
 0.0218  0.998442
 0.0219  0.975720
 0.0220  0.963348
 0.0221  0.948750
 0.0222  0.940399
 0.0223  0.926148
 0.0224  0.920570
 0.0225  0.910995
 0.0226  0.902557
 0.0227  0.897943
 0.0228  0.890559
 0.0229  0.882662
 0.0230  0.879135
 0.0231  0.874522
 0.0232  0.865300
 0.0233  0.862681
 0.0234  0.859445
 0.0235  0.855754
 0.0236  0.850231
 0.0237  0.845095
 0.0238  0.842453
 0.0239  0.839778
 0.0240  0.836230
 0.0241  0.831538
 0.0242  0.827556
 0.0243  0.825345
 0.0244  0.823087
 0.0245  0.820298
 0.0246  0.817105
 0.0247  0.812007
 0.0248  0.810104
 0.0249  0.808215
 0.0250  0.806137
 0.0251  0.803788
 0.0252  0.801096
 0.0253  0.797765
 0.0254  0.794537
 0.0255  0.792928
 0.0256  0.791288
 0.0257  0.789425
 0.0258  0.787512
 0.0259  0.785278
 0.0260  0.782624
 0.0261  0.779203
 0.0262  0.777782
 0.0263  0.776319
 0.0264  0.774694
 0.0265  0.773095
 0.0266  0.771350
 0.0267  0.769539
 0.0268  0.767368
 0.0269  0.764153
 0.0270  0.762904
 0.0271  0.761622
 0.0272  0.760240
 0.0273  0.758857
 0.0274  0.757390
 0.0275  0.755817
 0.0276  0.754096
 0.0277  0.752212
 0.0278  0.749242
 0.0279  0.748107
 0.0280  0.746895
 0.0281  0.745702
 0.0282  0.744479
 0.0283  0.743172
 0.0284  0.741852
 0.0285  0.740497
 0.0286  0.739010
 0.0287  0.737291
 0.0288  0.734738
 0.0289  0.733588
 0.0290  0.732561
 0.0291  0.731501
 0.0292  0.730426
 0.0293  0.729295
 0.0294  0.728110
 0.0295  0.726909
 0.0296  0.725673
 0.0297  0.724421
 0.0298  0.722958
 0.0299  0.721002
 0.0300  0.719545
 0.0301  0.718617
 0.0302  0.717660
 0.0303  0.716697
 0.0304  0.715687
 0.0305  0.714643
 0.0306  0.713574
 0.0307  0.712448
 0.0308  0.711308
 0.0309  0.710071
 0.0310  0.708789
 0.0311  0.707177
 0.0312  0.705632
 0.0313  0.704770
 0.0314  0.703906
 0.0315  0.703036
 0.0316  0.702128
 0.0317  0.701188
 0.0318  0.700233
 0.0319  0.699283
 0.0320  0.698311
 0.0321  0.697297
 0.0322  0.696220
 0.0323  0.695026
 0.0324  0.693731
 0.0325  0.692158
 0.0326  0.691402
 0.0327  0.690636
 0.0328  0.689836
 0.0329  0.688980
 0.0330  0.688150
 0.0331  0.687321
 0.0332  0.686459
 0.0333  0.685573
 0.0334  0.684673
 0.0335  0.683693
 0.0336  0.682747
 0.0337  0.681652
 0.0338  0.680551
 0.0339  0.678924
 0.0340  0.678169
 0.0341  0.677432
 0.0342  0.676707
 0.0343  0.675956
 0.0344  0.675195
 0.0345  0.674426
 0.0346  0.673633
 0.0347  0.672826
 0.0348  0.672031
 0.0349  0.671203
 0.0350  0.670359
 0.0351  0.669475
 0.0352  0.668559
 0.0353  0.667590
 0.0354  0.666541
 0.0355  0.665386
 0.0356  0.664718
 0.0357  0.664038
 0.0358  0.663332
 0.0359  0.662632
 0.0360  0.661920
 0.0361  0.661194
 0.0362  0.660452
 0.0363  0.659702
 0.0364  0.658927
 0.0365  0.658137
 0.0366  0.657367
 0.0367  0.656580
 0.0368  0.655786
 0.0369  0.654920
 0.0370  0.653983
 0.0371  0.652701
 0.0372  0.652062
 0.0373  0.651404
 0.0374  0.650744
 0.0375  0.650099
 0.0376  0.649450
 0.0377  0.648789
 0.0378  0.648125
 0.0379  0.647453
 0.0380  0.646771
 0.0381  0.646079
 0.0382  0.645383
 0.0383  0.644705
 0.0384  0.644004
 0.0385  0.643281
 0.0386  0.642522
 0.0387  0.641716
 0.0388  0.640808
 0.0389  0.639808
 0.0390  0.639195
 0.0391  0.638583
 0.0392  0.637971
 0.0393  0.637331
 0.0394  0.636657
 0.0395  0.636024
 0.0396  0.635409
 0.0397  0.634789
 0.0398  0.634160
 0.0399  0.633532
 0.0400  0.632895
