-0.0400  1.047689
-0.0399  1.049537
-0.0398  1.052449
-0.0397  1.056119
-0.0396  1.058933
-0.0395  1.061289
-0.0394  1.063569
-0.0393  1.065674
-0.0392  1.067684
-0.0391  1.072298
-0.0390  1.075753
-0.0389  1.078596
-0.0388  1.081219
-0.0387  1.083652
-0.0386  1.085970
-0.0385  1.090856
-0.0384  1.094785
-0.0383  1.097981
-0.0382  1.100975
-0.0381  1.103661
-0.0380  1.106185
-0.0379  1.112135
-0.0378  1.116208
-0.0377  1.119816
-0.0376  1.122968
-0.0375  1.125974
-0.0374  1.130935
-0.0373  1.136654
-0.0372  1.140858
-0.0371  1.144672
-0.0370  1.148095
-0.0369  1.152368
-0.0368  1.159973
-0.0367  1.164997
-0.0366  1.169320
-0.0365  1.173159
-0.0364  1.179807
-0.0363  1.187219
-0.0362  1.192757
-0.0361  1.197433
-0.0360  1.202006
-0.0359  1.212194
-0.0358  1.219430
-0.0357  1.225339
-0.0356  1.230642
-0.0355  1.241874
-0.0354  1.250455
-0.0353  1.257532
-0.0352  1.263513
-0.0351  1.277875
-0.0350  1.287529
-0.0349  1.295210
-0.0348  1.308657
-0.0347  1.322307
-0.0346  1.331619
-0.0345  1.346417
-0.0344  1.363531
-0.0343  1.375598
-0.0342  1.396680
-0.0341  1.415112
-0.0340  1.428455
-0.0339  1.460947
-0.0338  1.479431
-0.0337  1.518979
-0.0336  1.541097
-0.0335  1.593497
-0.0334  1.647974
-0.0333  1.695651
-0.0332  1.786670
-0.0331  1.960909
-0.0330  2.288453
-0.0329  3.049336
-0.0328  2.372150
-0.0327  2.158642
-0.0326  2.055507
-0.0325  1.961228
-0.0324  1.894472
-0.0323  1.852470
-0.0322  1.808415
-0.0321  1.773254
-0.0320  1.751526
-0.0319  1.715082
-0.0318  1.690825
-0.0317  1.673331
-0.0316  1.656774
-0.0315  1.640993
-0.0314  1.626184
-0.0313  1.606586
-0.0312  1.592455
-0.0311  1.581084
-0.0310  1.569927
-0.0309  1.566051
-0.0308  1.549353
-0.0307  1.540780
-0.0306  1.530983
-0.0305  1.521414
-0.0304  1.513189
-0.0303  1.505641
-0.0302  1.497649
-0.0301  1.499500
-0.0300  1.482874
-0.0299  1.471669
-0.0298  1.491856
-0.0297  1.047657
-0.0296  1.045050
-0.0295  1.041363
-0.0294  1.039647
-0.0293  1.036556
-0.0292  1.034394
-0.0291  1.032468
-0.0290  1.030728
-0.0289  1.029052
-0.0288  1.027385
-0.0287  1.025661
-0.0286  1.023696
-0.0285  1.020908
-0.0284  1.019032
-0.0283  1.017609
-0.0282  1.016317
-0.0281  1.015083
-0.0280  1.013892
-0.0279  1.012710
-0.0278  1.011505
-0.0277  1.010322
-0.0276  1.008872
-0.0275  1.006298
-0.0274  1.005123
-0.0273  1.004116
-0.0272  1.003169
-0.0271  1.002257
-0.0270  1.001379
-0.0269  1.000588
-0.0268  0.999742
-0.0267  0.998841
-0.0266  0.997860
-0.0265  0.995803
-0.0264  0.994664
-0.0263  0.993839
-0.0262  0.993116
-0.0261  0.992427
-0.0260  0.991751
-0.0259  0.991072
-0.0258  0.990396
-0.0257  0.989692
-0.0256  0.988948
-0.0255  0.988096
-0.0254  0.986497
-0.0253  0.985849
-0.0252  0.985289
-0.0251  0.984778
-0.0250  0.984313
-0.0249  0.983844
-0.0248  0.983342
-0.0247  0.982845
-0.0246  0.982339
-0.0245  0.981747
-0.0244  0.981064
-0.0243  0.979821
-0.0242  0.979205
-0.0241  0.978713
-0.0240  0.978255
-0.0239  0.977892
-0.0238  0.977495
-0.0237  0.977060
-0.0236  0.976603
-0.0235  0.976180
-0.0234  0.975726
-0.0233  0.975215
-0.0232  0.974501
-0.0231  0.973802
-0.0230  0.973394
-0.0229  0.973042
-0.0228  0.972702
-0.0227  0.972381
-0.0226  0.972062
-0.0225  0.971698
-0.0224  0.971413
-0.0223  0.971164
-0.0222  0.970805
-0.0221  0.970340
-0.0220  0.969724
-0.0219  0.969415
-0.0218  0.969095
-0.0217  0.968813
-0.0216  0.968538
-0.0215  0.968262
-0.0214  0.967980
-0.0213  0.967683
-0.0212  0.967362
-0.0211  0.967019
-0.0210  0.966631
-0.0209  0.966157
-0.0208  0.965835
-0.0207  0.965723
-0.0206  0.965464
-0.0205  0.965244
-0.0204  0.965025
-0.0203  0.964806
-0.0202  0.964578
-0.0201  0.964336
-0.0200  0.964074
-0.0199  0.963791
-0.0198  0.963448
-0.0197  0.962918
-0.0196  0.962831
-0.0195  0.962736
-0.0194  0.962625
-0.0193  0.962504
-0.0192  0.962369
-0.0191  0.962217
-0.0190  0.962060
-0.0189  0.961879
-0.0188  0.961688
-0.0187  0.961479
-0.0186  0.961153
-0.0185  0.960742
-0.0184  0.960618
-0.0183  0.960468
-0.0182  0.960293
-0.0181  0.960074
-0.0180  0.959913
-0.0179  0.959859
-0.0178  0.959755
-0.0177  0.959623
-0.0176  0.959459
-0.0175  0.959263
-0.0174  0.958977
-0.0173  0.958709
-0.0172  0.958633
-0.0171  0.958552
-0.0170  0.958467
-0.0169  0.958456
-0.0168  0.958382
-0.0167  0.958287
-0.0166  0.958161
-0.0165  0.958013
-0.0164  0.957956
-0.0163  0.957820
-0.0162  0.957542
-0.0161  0.957401
-0.0160  0.957348
-0.0159  0.957284
-0.0158  0.957202
-0.0157  0.957108
-0.0156  0.957005
-0.0155  0.956896
-0.0154  0.956746
-0.0153  0.956582
-0.0152  0.956446
-0.0151  0.956278
-0.0150  0.955961
-0.0149  0.956052
-0.0148  0.956102
-0.0147  0.956077
-0.0146  0.956036
-0.0145  0.955980
-0.0144  0.955911
-0.0143  0.955847
-0.0142  0.955826
-0.0141  0.955782
-0.0140  0.955680
-0.0139  0.955530
-0.0138  0.955249
-0.0137  0.955218
-0.0136  0.955180
-0.0135  0.955201
-0.0134  0.955260
-0.0133  0.955259
-0.0132  0.955239
-0.0131  0.955201
-0.0130  0.955173
-0.0129  0.955161
-0.0128  0.955053
-0.0127  0.954862
-0.0126  0.954581
-0.0125  0.954550
-0.0124  0.954525
-0.0123  0.954485
-0.0122  0.954440
-0.0121  0.954386
-0.0120  0.954442
-0.0119  0.954481
-0.0118  0.954467
-0.0117  0.954448
-0.0116  0.954414
-0.0115  0.954378
-0.0114  0.954243
-0.0113  0.954280
-0.0112  0.954304
-0.0111  0.954325
-0.0110  0.954347
-0.0109  0.954336
-0.0108  0.954288
-0.0107  0.954228
-0.0106  0.954213
-0.0105  0.954270
-0.0104  0.954258
-0.0103  0.954194
-0.0102  0.954085
-0.0101  0.954103
-0.0100  0.954103
-0.0099  0.954070
-0.0098  0.954023
-0.0097  0.954018
-0.0096  0.954004
-0.0095  0.953982
-0.0094  0.953944
-0.0093  0.953894
-0.0092  0.953824
-0.0091  0.953843
-0.0090  0.953949
-0.0089  0.954030
-0.0088  0.954111
-0.0087  0.954202
-0.0086  0.954268
-0.0085  0.954290
-0.0084  0.954297
-0.0083  0.954291
-0.0082  0.954271
-0.0081  0.954235
-0.0080  0.954163
-0.0079  0.953955
-0.0078  0.953940
-0.0077  0.954130
-0.0076  0.954314
-0.0075  0.954417
-0.0074  0.954490
-0.0073  0.954544
-0.0072  0.954565
-0.0071  0.954559
-0.0070  0.954531
-0.0069  0.954500
-0.0068  0.954433
-0.0067  0.954244
-0.0066  0.954268
-0.0065  0.954287
-0.0064  0.954372
-0.0063  0.954526
-0.0062  0.954723
-0.0061  0.954835
-0.0060  0.954990
-0.0059  0.955073
-0.0058  0.955128
-0.0057  0.955154
-0.0056  0.955141
-0.0055  0.955021
-0.0054  0.955096
-0.0053  0.955182
-0.0052  0.955242
-0.0051  0.955331
-0.0050  0.955378
-0.0049  0.955546
-0.0048  0.955744
-0.0047  0.955838
-0.0046  0.955886
-0.0045  0.955903
-0.0044  0.955862
-0.0043  0.955695
-0.0042  0.955783
-0.0041  0.955863
-0.0040  0.955934
-0.0039  0.955997
-0.0038  0.956117
-0.0037  0.956196
-0.0036  0.956258
-0.0035  0.956554
-0.0034  0.956782
-0.0033  0.956912
-0.0032  0.956975
-0.0031  0.956990
-0.0030  0.957113
-0.0029  0.957223
-0.0028  0.957324
-0.0027  0.957414
-0.0026  0.957494
-0.0025  0.957625
-0.0024  0.957710
-0.0023  0.957764
-0.0022  0.957941
-0.0021  0.958182
-0.0020  0.958258
-0.0019  0.958337
-0.0018  0.958508
-0.0017  0.958643
-0.0016  0.958756
-0.0015  0.958881
-0.0014  0.958976
-0.0013  0.959064
-0.0012  0.959193
-0.0011  0.959292
-0.0010  0.959355
-0.0009  0.959491
-0.0008  0.959695
-0.0007  0.959921
-0.0006  0.960153
-0.0005  0.960441
-0.0004  0.960652
-0.0003  0.960845
-0.0002  0.961019
-0.0001  0.961179
 0.0000  0.961311
 0.0001  0.961476
 0.0002  0.961622
 0.0003  0.961739
 0.0004  0.961821
 0.0005  0.962273
 0.0006  0.962595
 0.0007  0.962861
 0.0008  0.963079
 0.0009  0.963276
 0.0010  0.963447
 0.0011  0.963606
 0.0012  0.963726
 0.0013  0.963817
 0.0014  0.963990
 0.0015  0.964123
 0.0016  0.964112
 0.0017  0.964599
 0.0018  0.965118
 0.0019  0.965494
 0.0020  0.965827
 0.0021  0.966138
 0.0022  0.966491
 0.0023  0.966764
 0.0024  0.967010
 0.0025  0.967212
 0.0026  0.967387
 0.0027  0.967562
 0.0028  0.967632
 0.0029  0.968138
 0.0030  0.968766
 0.0031  0.969227
 0.0032  0.969615
 0.0033  0.969969
 0.0034  0.970295
 0.0035  0.970603
 0.0036  0.970886
 0.0037  0.971149
 0.0038  0.971388
 0.0039  0.971556
 0.0040  0.971700
 0.0041  0.972314
 0.0042  0.973061
 0.0043  0.973598
 0.0044  0.974071
 0.0045  0.974509
 0.0046  0.974909
 0.0047  0.975294
 0.0048  0.975650
 0.0049  0.975989
 0.0050  0.976384
 0.0051  0.976668
 0.0052  0.977081
 0.0053  0.978056
 0.0054  0.978825
 0.0055  0.979478
 0.0056  0.980065
 0.0057  0.980633
 0.0058  0.981203
 0.0059  0.981682
 0.0060  0.982129
 0.0061  0.982552
 0.0062  0.982952
 0.0063  0.983565
 0.0064  0.984480
 0.0065  0.985323
 0.0066  0.986088
 0.0067  0.986808
 0.0068  0.987455
 0.0069  0.988060
 0.0070  0.988694
 0.0071  0.989307
 0.0072  0.989901
 0.0073  0.990473
 0.0074  0.991855
 0.0075  0.992965
 0.0076  0.993857
 0.0077  0.994821
 0.0078  0.995737
 0.0079  0.996639
 0.0080  0.997498
 0.0081  0.998322
 0.0082  0.999118
 0.0083  1.000006
 0.0084  1.001849
 0.0085  1.003273
 0.0086  1.004483
 0.0087  1.005561
 0.0088  1.006525
 0.0089  1.007638
 0.0090  1.008727
 0.0091  1.009799
 0.0092  1.010867
 0.0093  1.013350
 0.0094  1.015335
 0.0095  1.016954
 0.0096  1.018463
 0.0097  1.019917
 0.0098  1.021355
 0.0099  1.022723
 0.0100  1.023995
 0.0101  1.026514
 0.0102  1.029492
 0.0103  1.031905
 0.0104  1.034144
 0.0105  1.036390
 0.0106  1.038560
 0.0107  1.040681
 0.0108  1.042775
 0.0109  1.047506
 0.0110  1.051261
 0.0111  1.054581
 0.0112  1.057685
 0.0113  1.060876
 0.0114  1.064058
 0.0115  1.069233
 0.0116  1.075698
 0.0117  1.081266
 0.0118  1.086598
 0.0119  1.091876
 0.0120  1.097211
 0.0121  1.109503
 0.0122  1.120173
 0.0123  1.130328
 0.0124  1.140615
 0.0125  1.165159
 0.0126  1.192715
 0.0127  1.242525
 0.0128  1.300950
 0.0129  1.239937
 0.0130  1.185979
 0.0131  1.159355
 0.0132  1.137914
 0.0133  1.125212
 0.0134  1.109938
 0.0135  1.102041
 0.0136  1.089874
 0.0137  1.082853
 0.0138  1.076170
 0.0139  1.067256
 0.0140  1.062438
 0.0141  1.057352
 0.0142  1.049845
 0.0143  1.045466
 0.0144  1.041780
 0.0145  1.037294
 0.0146  1.031555
 0.0147  1.028024
 0.0148  1.025025
 0.0149  1.021317
 0.0150  1.016166
 0.0151  1.012890
 0.0152  1.010543
 0.0153  1.007793
 0.0154  1.004331
 0.0155  1.000195
 0.0156  0.997865
 0.0157  0.995736
 0.0158  0.993404
 0.0159  0.990482
 0.0160  0.986824
 0.0161  0.984501
 0.0162  0.982723
 0.0163  0.980810
 0.0164  0.978661
 0.0165  0.975939
 0.0166  0.972810
 0.0167  0.971231
 0.0168  0.969582
 0.0169  0.967770
 0.0170  0.965838
 0.0171  0.963494
 0.0172  0.960515
 0.0173  0.958886
 0.0174  0.957378
 0.0175  0.955853
 0.0176  0.954194
 0.0177  0.952303
 0.0178  0.949500
 0.0179  0.947756
 0.0180  0.946450
 0.0181  0.945139
 0.0182  0.943715
 0.0183  0.942133
 0.0184  0.940399
 0.0185  0.938068
 0.0186  0.936057
 0.0187  0.934923
 0.0188  0.933796
 0.0189  0.932551
 0.0190  0.931228
 0.0191  0.929779
 0.0192  0.928140
 0.0193  0.925973
 0.0194  0.924644
 0.0195  0.923575
 0.0196  0.922430
 0.0197  0.921264
 0.0198  0.919960
 0.0199  0.918574
 0.0200  0.917076
 0.0201  0.915076
 0.0202  0.913773
 0.0203  0.912739
 0.0204  0.911672
 0.0205  0.910585
 0.0206  0.909400
 0.0207  0.908157
 0.0208  0.906804
 0.0209  0.905282
 0.0210  0.903535
 0.0211  0.902341
 0.0212  0.901414
 0.0213  0.900472
 0.0214  0.899501
 0.0215  0.898475
 0.0216  0.897460
 0.0217  0.896304
 0.0218  0.894990
 0.0219  0.893351
 0.0220  0.892256
 0.0221  0.891367
 0.0222  0.890406
 0.0223  0.889414
 0.0224  0.888403
 0.0225  0.887401
 0.0226  0.886377
 0.0227  0.885240
 0.0228  0.883942
 0.0229  0.882525
 0.0230  0.881625
 0.0231  0.880805
 0.0232  0.879898
 0.0233  0.878976
 0.0234  0.878006
 0.0235  0.877010
 0.0236  0.875905
 0.0237  0.874791
 0.0238  0.873646
 0.0239  0.872237
 0.0240  0.871267
 0.0241  0.870474
 0.0242  0.869678
 0.0243  0.868893
 0.0244  0.868097
 0.0245  0.867290
 0.0246  0.866407
 0.0247  0.865547
 0.0248  0.864519
 0.0249  0.863315
 0.0250  0.862016
 0.0251  0.861172
 0.0252  0.860431
 0.0253  0.859662
 0.0254  0.858864
 0.0255  0.858056
 0.0256  0.857221
 0.0257  0.856365
 0.0258  0.855487
 0.0259  0.854540
 0.0260  0.853518
 0.0261  0.852201
 0.0262  0.851268
 0.0263  0.850593
 0.0264  0.849804
 0.0265  0.849026
 0.0266  0.848268
 0.0267  0.847486
 0.0268  0.846697
 0.0269  0.845880
 0.0270  0.845021
 0.0271  0.844222
 0.0272  0.843291
 0.0273  0.842072
 0.0274  0.841237
 0.0275  0.840543
 0.0276  0.839883
 0.0277  0.839215
 0.0278  0.838538
 0.0279  0.837899
 0.0280  0.837147
 0.0281  0.836361
 0.0282  0.835566
 0.0283  0.834736
 0.0284  0.833870
 0.0285  0.832880
 0.0286  0.831740
 0.0287  0.831017
 0.0288  0.830316
 0.0289  0.829627
 0.0290  0.828940
 0.0291  0.828246
 0.0292  0.827518
 0.0293  0.826773
 0.0294  0.826096
 0.0295  0.825405
 0.0296  0.824614
 0.0297  0.823775
 0.0298  0.822863
 0.0299  0.821863
 0.0300  0.821188
 0.0301  0.820562
 0.0302  0.819928
 0.0303  0.819294
 0.0304  0.818652
 0.0305  0.817995
 0.0306  0.817340
 0.0307  0.816679
 0.0308  0.815997
 0.0309  0.815311
 0.0310  0.814625
 0.0311  0.813805
 0.0312  0.812856
 0.0313  0.811893
 0.0314  0.811257
 0.0315  0.810628
 0.0316  0.809998
 0.0317  0.809359
 0.0318  0.808694
 0.0319  0.808010
 0.0320  0.807320
 0.0321  0.806629
 0.0322  0.805966
 0.0323  0.805288
 0.0324  0.804599
 0.0325  0.803929
 0.0326  0.803098
 0.0327  0.802248
 0.0328  0.801606
 0.0329  0.801036
 0.0330  0.800459
 0.0331  0.799872
 0.0332  0.799282
 0.0333  0.798677
 0.0334  0.798055
 0.0335  0.797424
 0.0336  0.796797
 0.0337  0.796152
 0.0338  0.795504
 0.0339  0.794843
 0.0340  0.794216
 0.0341  0.793405
 0.0342  0.792485
 0.0343  0.791866
 0.0344  0.791264
 0.0345  0.790661
 0.0346  0.790058
 0.0347  0.789451
 0.0348  0.788750
 0.0349  0.788154
 0.0350  0.787558
 0.0351  0.786952
 0.0352  0.786340
 0.0353  0.785729
 0.0354  0.785161
 0.0355  0.784625
 0.0356  0.783946
 0.0357  0.783054
 0.0358  0.782399
 0.0359  0.781850
 0.0360  0.781301
 0.0361  0.780750
 0.0362  0.780189
 0.0363  0.779626
 0.0364  0.779065
 0.0365  0.778496
 0.0366  0.777914
 0.0367  0.777335
 0.0368  0.776764
 0.0369  0.776202
 0.0370  0.775610
 0.0371  0.774934
 0.0372  0.774227
 0.0373  0.773355
 0.0374  0.772665
 0.0375  0.772080
 0.0376  0.771490
 0.0377  0.770920
 0.0378  0.770377
 0.0379  0.769836
 0.0380  0.769299
 0.0381  0.768759
 0.0382  0.768317
 0.0383  0.767829
 0.0384  0.767332
 0.0385  0.766758
 0.0386  0.766176
 0.0387  0.765571
 0.0388  0.764939
 0.0389  0.764261
 0.0390  0.763463
 0.0391  0.762884
 0.0392  0.762368
 0.0393  0.761856
 0.0394  0.761346
 0.0395  0.760837
 0.0396  0.760332
 0.0397  0.759843
 0.0398  0.759348
 0.0399  0.758772
 0.0400  0.758186
