-0.400  0.000000
-0.399  0.000000
-0.398  0.000000
-0.397  0.000000
-0.396  0.000000
-0.395  0.000000
-0.394  0.000000
-0.393  0.000000
-0.392  0.000000
-0.391  0.000000
-0.390  0.000000
-0.389  0.000000
-0.388  0.000000
-0.387  0.000000
-0.386  0.000000
-0.385  0.000000
-0.384  0.000000
-0.383  0.000000
-0.382  0.000000
-0.381  0.000000
-0.380  0.000000
-0.379  0.000000
-0.378  0.000000
-0.377  0.000000
-0.376  0.000000
-0.375  0.000000
-0.374  0.000000
-0.373  0.000000
-0.372  0.000000
-0.371  0.000000
-0.370  0.000000
-0.369  0.000000
-0.368  0.000000
-0.367  0.000000
-0.366  0.000000
-0.365  0.000000
-0.364  0.000000
-0.363  0.000000
-0.362  0.000000
-0.361  0.000000
-0.360  0.000000
-0.359  0.000000
-0.358  0.000000
-0.357  0.000000
-0.356  0.000000
-0.355  0.000000
-0.354  0.000000
-0.353  0.000000
-0.352  0.000000
-0.351  0.000000
-0.350  0.000000
-0.349  0.000000
-0.348  0.000000
-0.347  0.000000
-0.346  0.000000
-0.345  0.000000
-0.344  0.000000
-0.343  0.000000
-0.342  0.000000
-0.341  0.000000
-0.340  0.000000
-0.339  0.000000
-0.338  0.000000
-0.337  0.000000
-0.336  0.000000
-0.335  0.000000
-0.334  0.000000
-0.333  0.000000
-0.332  0.000000
-0.331  0.000000
-0.330  0.000000
-0.329  0.000000
-0.328  0.000000
-0.327  0.000000
-0.326  0.000000
-0.325  0.000000
-0.324  0.000000
-0.323  0.000000
-0.322  0.000000
-0.321  0.000000
-0.320  0.000000
-0.319  0.000000
-0.318  0.000000
-0.317  0.000000
-0.316  0.000000
-0.315  0.000000
-0.314  0.000000
-0.313  0.000000
-0.312  0.000000
-0.311  0.000000
-0.310  0.000000
-0.309  0.000000
-0.308  0.000000
-0.307  0.000000
-0.306  0.000000
-0.305  0.000000
-0.304  0.000000
-0.303  0.000000
-0.302  0.000000
-0.301  0.000000
-0.300  0.000000
-0.299  0.000000
-0.298  0.000000
-0.297  0.000000
-0.296  0.000000
-0.295  0.000000
-0.294  0.000000
-0.293  0.000000
-0.292  0.000000
-0.291  0.000000
-0.290  0.000000
-0.289  0.000000
-0.288  0.000000
-0.287  0.000000
-0.286  0.000000
-0.285  0.000000
-0.284  0.000000
-0.283  0.000000
-0.282  0.000000
-0.281  0.000000
-0.280  0.000000
-0.279  0.000000
-0.278  0.000000
-0.277  0.000000
-0.276  0.000000
-0.275  0.000000
-0.274  0.000000
-0.273  0.000000
-0.272  0.000000
-0.271  0.000000
-0.270  0.000000
-0.269  0.000000
-0.268  0.000000
-0.267  0.000000
-0.266  0.000000
-0.265  0.000000
-0.264  3.152394
-0.263  0.856128
-0.262  0.510637
-0.261  0.456056
-0.260  0.426213
-0.259  0.406208
-0.258  0.392663
-0.257  0.381835
-0.256  0.921188
-0.255  0.914115
-0.254  0.912176
-0.253  0.912529
-0.252  0.920336
-0.251  0.933416
-0.250  0.949150
-0.249  0.967520
-0.248  0.986498
-0.247  1.003615
-0.246  1.017796
-0.245  1.028816
-0.244  1.037112
-0.243  1.044825
-0.242  1.047997
-0.241  1.051362
-0.240  1.053550
-0.239  1.056550
-0.238  1.056860
-0.237  1.059244
-0.236  1.061599
-0.235  1.062324
-0.234  1.064999
-0.233  1.067760
-0.232  1.071397
-0.231  1.074027
-0.230  1.077869
-0.229  1.081880
-0.228  1.086647
-0.227  1.091213
-0.226  1.097119
-0.225  1.102569
-0.224  1.109033
-0.223  1.115141
-0.222  1.122563
-0.221  1.847016
-0.220  1.658725
-0.219  1.636722
-0.218  1.625086
-0.217  1.627114
-0.216  1.635811
-0.215  1.649164
-0.214  1.655047
-0.213  1.670351
-0.212  1.685167
-0.211  1.700784
-0.210  1.716580
-0.209  1.733948
-0.208  1.750127
-0.207  1.825994
-0.206  1.848368
-0.205  1.870734
-0.204  1.893897
-0.203  1.918454
-0.202  1.943566
-0.201  1.970508
-0.200  1.998545
-0.199  2.027880
-0.198  2.056822
-0.197  2.088401
-0.196  2.122196
-0.195  2.157601
-0.194  2.195059
-0.193  2.234529
-0.192  2.276548
-0.191  2.321082
-0.190  2.369216
-0.189  2.421432
-0.188  2.477120
-0.187  2.538113
-0.186  2.604537
-0.185  2.678180
-0.184  2.759919
-0.183  2.852885
-0.182  2.958048
-0.181  3.080385
-0.180  3.227628
-0.179  3.411827
-0.178  3.650613
-0.177  3.992623
-0.176  4.603794
-0.175  5.963470
-0.174  4.461711
-0.173  4.022495
-0.172  3.752301
-0.171  3.570642
-0.170  3.427049
-0.169  3.308337
-0.168  3.210495
-0.167  3.128801
-0.166  3.054335
-0.165  2.988765
-0.164  2.930492
-0.163  2.878819
-0.162  2.829599
-0.161  2.784644
-0.160  2.742855
-0.159  2.703255
-0.158  2.667875
-0.157  2.633466
-0.156  2.601146
-0.155  2.570879
-0.154  2.541885
-0.153  2.515178
-0.152  2.490014
-0.151  2.465512
-0.150  2.441758
-0.149  2.418893
-0.148  2.396802
-0.147  2.377525
-0.146  2.356235
-0.145  2.337899
-0.144  2.318448
-0.143  2.195462
-0.142  2.188438
-0.141  2.181115
-0.140  2.174661
-0.139  2.168768
-0.138  2.163160
-0.137  2.157146
-0.136  2.152106
-0.135  2.148274
-0.134  2.143669
-0.133  2.139079
-0.132  2.136199
-0.131  2.133249
-0.130  2.131046
-0.129  2.128833
-0.128  2.126974
-0.127  2.128114
-0.126  2.128198
-0.125  2.129718
-0.124  2.132815
-0.123  2.142455
-0.122  2.159661
-0.121  2.220609
-0.120  2.152926
-0.119  2.064183
-0.118  2.041019
-0.117  2.021645
-0.116  2.026846
-0.115  2.021565
-0.114  2.017123
-0.113  2.013415
-0.112  2.008758
-0.111  2.007159
-0.110  2.005359
-0.109  2.002412
-0.108  2.019451
-0.107  1.896692
-0.106  1.906855
-0.105  1.920004
-0.104  1.934054
-0.103  1.951375
-0.102  1.971385
-0.101  2.000094
-0.100  2.046768
-0.099  2.082895
-0.098  2.048808
-0.097  2.034942
-0.096  2.033833
-0.095  2.031348
-0.094  2.031592
-0.093  2.033582
-0.092  2.037454
-0.091  2.042941
-0.090  2.050234
-0.089  2.056067
-0.088  2.063910
-0.087  2.074961
-0.086  2.086843
-0.085  2.100854
-0.084  2.114926
-0.083  2.132558
-0.082  2.153873
-0.081  2.178608
-0.080  2.200249
-0.079  2.235146
-0.078  2.269658
-0.077  2.302181
-0.076  2.331002
-0.075  1.681596
-0.074  1.711133
-0.073  1.744825
-0.072  1.782726
-0.071  1.827133
-0.070  1.881581
-0.069  1.956984
-0.068  2.098379
-0.067  2.114569
-0.066  2.002502
-0.065  1.968244
-0.064  1.958949
-0.063  1.964783
-0.062  1.978925
-0.061  2.000460
-0.060  2.030102
-0.059  2.070393
-0.058  2.118705
-0.057  2.177220
-0.056  2.248710
-0.055  2.341447
-0.054  2.463421
-0.053  2.661421
-0.052  2.932083
-0.051  3.586875
-0.050  4.131699
-0.049  3.421484
-0.048  1.453661
-0.047  1.374629
-0.046  1.318020
-0.045  1.280070
-0.044  1.248188
-0.043  1.231426
-0.042  0.978400
-0.041  0.993145
-0.040  1.010278
-0.039  1.027436
-0.038  1.048003
-0.037  1.074072
-0.036  1.102474
-0.035  1.141926
-0.034  1.190480
-0.033  1.260486
-0.032  1.386353
-0.031  2.653006
-0.030  1.685059
-0.029  1.559417
-0.028  1.501158
-0.027  1.065907
-0.026  1.057726
-0.025  1.053495
-0.024  1.051034
-0.023  1.050852
-0.022  1.051741
-0.021  1.052401
-0.020  1.054308
-0.019  1.055835
-0.018  1.057545
-0.017  1.059317
-0.016  1.060201
-0.015  1.060975
-0.014  1.061154
-0.013  1.059937
-0.012  1.058692
-0.011  1.056531
-0.010  1.053271
-0.009  1.049023
-0.008  1.044475
-0.007  1.039392
-0.006  1.033737
-0.005  1.027564
-0.004  1.021187
-0.003  1.014212
-0.002  1.007295
-0.001  1.000639
 0.000  0.993445
 0.001  0.986603
 0.002  0.980166
 0.003  0.973588
 0.004  0.967194
 0.005  0.961366
 0.006  0.955514
 0.007  0.950196
 0.008  0.945139
 0.009  0.940365
 0.010  0.936036
 0.011  0.932345
 0.012  0.929008
 0.013  0.925824
 0.014  0.923669
 0.015  0.922047
 0.016  0.920835
 0.017  0.920096
 0.018  0.920954
 0.019  0.922838
 0.020  0.926125
 0.021  0.931030
 0.022  0.938364
 0.023  0.949503
 0.024  0.967654
 0.025  0.999357
 0.026  1.071477
 0.027  1.084388
 0.028  0.969566
 0.029  0.916882
 0.030  0.881508
 0.031  0.854642
 0.032  0.832104
 0.033  0.813301
 0.034  0.796433
 0.035  0.782151
 0.036  0.768969
 0.037  0.756823
 0.038  0.745401
 0.039  0.734757
 0.040  0.724640
 0.041  0.714868
 0.042  0.706888
 0.043  0.698356
 0.044  0.689862
 0.045  0.682469
 0.046  0.675098
 0.047  0.667557
 0.048  0.661024
 0.049  0.654283
 0.050  0.647340
 0.051  0.641572
 0.052  0.635238
 0.053  0.629650
 0.054  0.623582
 0.055  0.617974
 0.056  0.612706
 0.057  0.607348
 0.058  0.601535
 0.059  0.596513
 0.060  0.592761
 0.061  0.588685
 0.062  0.429343
 0.063  0.428905
 0.064  0.428284
 0.065  0.428324
 0.066  0.427933
 0.067  0.428189
 0.068  0.428428
 0.069  0.428862
 0.070  0.429528
 0.071  0.430267
 0.072  0.431471
 0.073  0.432534
 0.074  0.434418
 0.075  0.436336
 0.076  0.438570
 0.077  0.441430
 0.078  0.444405
 0.079  0.448349
 0.080  0.452772
 0.081  0.457854
 0.082  0.464137
 0.083  0.471262
 0.084  0.480091
 0.085  0.490734
 0.086  0.503283
 0.087  0.520631
 0.088  0.543883
 0.089  0.569515
 0.090  0.609579
 0.091  0.671064
 0.092  1.937909
 0.093  3.582695
 0.094  1.808579
 0.095  1.500104
 0.096  1.341540
 0.097  1.239487
 0.098  1.169947
 0.099  1.112868
 0.100  1.072670
 0.101  1.038178
 0.102  1.011197
 0.103  0.992402
 0.104  0.975610
 0.105  0.965018
 0.106  0.961276
 0.107  0.960961
 0.108  0.969312
 0.109  0.989422
 0.110  1.027566
 0.111  1.108890
 0.112  1.359189
 0.113  1.133881
 0.114  0.790239
 0.115  2.633141
 0.116  2.026570
 0.117  1.231623
 0.118  1.067231
 0.119  0.949961
 0.120  1.096950
 0.121  1.029243
 0.122  0.986755
 0.123  0.954437
 0.124  0.936903
 0.125  0.918867
 0.126  0.908720
 0.127  0.901940
 0.128  0.897797
 0.129  0.895926
 0.130  0.895744
 0.131  0.897370
 0.132  0.900385
 0.133  0.904789
 0.134  0.910646
 0.135  0.917199
 0.136  0.925190
 0.137  0.935865
 0.138  0.947356
 0.139  0.961027
 0.140  0.975923
 0.141  1.219803
 0.142  1.269053
 0.143  1.331512
 0.144  1.428210
 0.145  1.691276
 0.146  1.543269
 0.147  1.422669
 0.148  1.365089
 0.149  1.327783
 0.150  1.299865
 0.151  1.279940
 0.152  1.262274
 0.153  1.249003
 0.154  1.238879
 0.155  1.229544
 0.156  1.222464
 0.157  1.215551
 0.158  1.212690
 0.159  1.208804
 0.160  1.208143
 0.161  1.208146
 0.162  1.209607
 0.163  1.215315
 0.164  1.221737
 0.165  1.234916
 0.166  1.256423
 0.167  1.301801
 0.168  1.619075
 0.169  1.276615
 0.170  1.208095
 0.171  1.170550
 0.172  1.137495
 0.173  1.112532
 0.174  1.087911
 0.175  1.067098
 0.176  1.048401
 0.177  1.032619
 0.178  1.015016
 0.179  1.000422
 0.180  0.985060
 0.181  0.970751
 0.182  0.957068
 0.183  0.943732
 0.184  0.931749
 0.185  0.920315
 0.186  0.907314
 0.187  0.898118
 0.188  0.885421
 0.189  0.874318
 0.190  0.866924
 0.191  0.853211
 0.192  0.844194
 0.193  0.834461
 0.194  0.907310
 0.195  0.906528
 0.196  0.903517
 0.197  0.900776
 0.198  0.897310
 0.199  0.891480
 0.200  0.889112
 0.201  0.885951
 0.202  0.883071
 0.203  0.878469
 0.204  0.875949
 0.205  0.871995
 0.206  0.866436
 0.207  0.865567
 0.208  0.858394
 0.209  0.860225
 0.210  0.856702
 0.211  0.852461
 0.212  0.848653
 0.213  0.847185
 0.214  0.843995
 0.215  0.848256
 0.216  0.784482
 0.217  0.792401
 0.218  0.795707
 0.219  0.798904
 0.220  0.805807
 0.221  0.812892
 0.222  0.820414
 0.223  0.827743
 0.224  0.848985
 0.225  0.863349
 0.226  0.889147
 0.227  0.910568
 0.228  0.843391
 0.229  0.829284
 0.230  0.814381
 0.231  0.813227
 0.232  0.811971
 0.233  0.816230
 0.234  0.817032
 0.235  0.827917
 0.236  0.844110
 0.237  0.857301
 0.238  0.879936
 0.239  0.924239
 0.240  1.036698
 0.241  1.004107
 0.242  0.927218
 0.243  0.927006
 0.244  0.922259
 0.245  0.886610
 0.246  0.445840
 0.247  0.444654
 0.248  0.446795
 0.249  0.453523
 0.250  0.454230
 0.251  0.457320
 0.252  0.465621
 0.253  0.468726
 0.254  0.471685
 0.255  0.482534
 0.256  0.486280
 0.257  0.494527
 0.258  0.501953
 0.259  0.508424
 0.260  0.517562
 0.261  0.527186
 0.262  0.540390
 0.263  0.548830
 0.264  0.561339
 0.265  0.578295
 0.266  0.589797
 0.267  0.612745
 0.268  0.645526
 0.269  0.655358
 0.270  0.711676
 0.271  0.764864
 0.272  1.764606
 0.273  1.120893
 0.274  0.995029
 0.275  0.932365
 0.276  0.892703
 0.277  0.864413
 0.278  0.843175
 0.279  0.826061
 0.280  0.812323
 0.281  0.800126
 0.282  0.790098
 0.283  0.781253
 0.284  0.773226
 0.285  0.766154
 0.286  0.759671
 0.287  0.753567
 0.288  0.748338
 0.289  0.743085
 0.290  0.738491
 0.291  0.733853
 0.292  0.729753
 0.293  0.725675
 0.294  0.721965
 0.295  0.718408
 0.296  0.714864
 0.297  0.711511
 0.298  0.708380
 0.299  0.705319
 0.300  0.702155
 0.301  0.699418
 0.302  0.696607
 0.303  0.693866
 0.304  0.691300
 0.305  0.688581
 0.306  0.686130
 0.307  0.683778
 0.308  0.681230
 0.309  0.679037
 0.310  0.676502
 0.311  0.674503
 0.312  0.672238
 0.313  0.670058
 0.314  0.668016
 0.315  0.665437
 0.316  0.663889
 0.317  0.661731
 0.318  0.659839
 0.319  0.657830
 0.320  0.655800
 0.321  0.654001
 0.322  0.651966
 0.323  0.650304
 0.324  0.648435
 0.325  0.646537
 0.326  0.644938
 0.327  0.642765
 0.328  0.641410
 0.329  0.639600
 0.330  0.637837
 0.331  0.636361
 0.332  0.634185
 0.333  0.632991
 0.334  0.630875
 0.335  0.629672
 0.336  0.628014
 0.337  0.626308
 0.338  0.624955
 0.339  0.622953
 0.340  0.621886
 0.341  0.619907
 0.342  0.618762
 0.343  0.617205
 0.344  0.615722
 0.345  0.614312
 0.346  0.612483
 0.347  0.611449
 0.348  0.609593
 0.349  0.608545
 0.350  0.606771
 0.351  0.605465
 0.352  0.604301
 0.353  0.602565
 0.354  0.601461
 0.355  0.599882
 0.356  0.598843
 0.357  0.597109
 0.358  0.596130
 0.359  0.594443
 0.360  0.593184
 0.361  0.591829
 0.362  0.590555
 0.363  0.589378
 0.364  0.588051
 0.365  0.586901
 0.366  0.585455
 0.367  0.584426
 0.368  0.583026
 0.369  0.581610
 0.370  0.580630
 0.371  0.579147
 0.372  0.578070
 0.373  0.576751
 0.374  0.575943
 0.375  0.574240
 0.376  0.573255
 0.377  0.572070
 0.378  0.570807
 0.379  0.569470
 0.380  0.568840
 0.381  0.567140
 0.382  0.566372
 0.383  0.565271
 0.384  0.553455
 0.385  0.553414
 0.386  0.552888
 0.387  0.552881
 0.388  0.552328
 0.389  0.552357
 0.390  0.551892
 0.391  0.552064
 0.392  0.551539
 0.393  0.551768
 0.394  0.551347
 0.395  0.551835
 0.396  0.551398
 0.397  0.552128
 0.398  0.552586
 0.399  0.553263
 0.400  0.555265
 0.401  0.558657
 0.402  0.575582
 0.403  0.555605
 0.404  0.549640
 0.405  0.545393
 0.406  0.542200
 0.407  0.538817
 0.408  0.536973
 0.409  0.534993
 0.410  0.531821
 0.411  0.530410
 0.412  0.528204
 0.413  0.526466
 0.414  0.524071
 0.415  0.531432
 0.416  0.529998
 0.417  0.528980
 0.418  0.528484
 0.419  0.527012
 0.420  0.527026
 0.421  0.525303
 0.422  0.524339
 0.423  0.524273
 0.424  0.521927
 0.425  0.521905
 0.426  0.520851
 0.427  0.520156
 0.428  0.518730
 0.429  0.518093
 0.430  0.517740
 0.431  0.515548
 0.432  0.515533
 0.433  0.514340
 0.434  0.513840
 0.435  0.512537
 0.436  0.512086
 0.437  0.511370
 0.438  0.509555
 0.439  0.509600
 0.440  0.508001
 0.441  0.507119
 0.442  0.506680
 0.443  0.505552
 0.444  0.505107
 0.445  0.504121
 0.446  0.503072
 0.447  0.501671
 0.448  0.501791
 0.449  0.500658
 0.450  0.499322
 0.451  0.499019
 0.452  0.498454
 0.453  0.497045
 0.454  0.496372
 0.455  0.496104
 0.456  0.494741
 0.457  0.493854
 0.458  0.493540
 0.459  0.492366
 0.460  0.490819
 0.461  0.490805
 0.462  0.490271
 0.463  0.489051
 0.464  0.488008
 0.465  0.488455
 0.466  0.487472
 0.467  0.485386
 0.468  0.484807
 0.469  0.484566
 0.470  0.483197
 0.471  0.483461
 0.472  0.481460
 0.473  0.481010
 0.474  0.482751
 0.475  0.478188
 0.476  0.477688
 0.477  0.479788
 0.478  0.477363
 0.479  0.477725
 0.480  0.476669
 0.481  0.474423
 0.482  0.474479
 0.483  0.473884
 0.484  0.473662
 0.485  0.472135
 0.486  0.472166
 0.487  0.469320
 0.488  0.471218
 0.489  0.468937
 0.490  0.469428
 0.491  0.467433
 0.492  0.466675
 0.493  0.468094
 0.494  0.465555
 0.495  0.465709
 0.496  0.462863
 0.497  0.463278
 0.498  0.464742
 0.499  0.461554
 0.500  0.463425
 0.501  0.460347
 0.502  0.462888
 0.503  0.459014
 0.504  0.459704
 0.505  0.457633
 0.506  0.456901
 0.507  0.458703
 0.508  0.454159
 0.509  0.456810
 0.510  0.454880
 0.511  0.453173
 0.512  0.452672
 0.513  0.461460
 0.514  0.449702
 0.515  0.451086
 0.516  0.450267
 0.517  0.449017
 0.518  0.456078
 0.519  0.457464
 0.520  0.458969
 0.521  0.463589
 0.522  0.444040
 0.523  0.445295
 0.524  0.442795
 0.525  0.440586
 0.526  0.447886
 0.527  0.459078
 0.528  0.432338
 0.529  0.379737
 0.530  0.385379
 0.531  0.400544
 0.532  0.391362
 0.533  0.394827
 0.534  0.398849
 0.535  0.403542
 0.536  0.408081
 0.537  0.413335
 0.538  0.419460
 0.539  0.428119
 0.540  0.439046
 0.541  0.464518
 0.542  0.501203
 0.543  0.464852
 0.544  0.455428
 0.545  0.449880
 0.546  0.446054
 0.547  0.443322
 0.548  0.441243
 0.549  0.439606
 0.550  0.437809
 0.551  0.436318
 0.552  0.435586
 0.553  0.433915
 0.554  0.433255
 0.555  0.432659
 0.556  0.431524
 0.557  0.430132
 0.558  0.430056
 0.559  0.332294
 0.560  0.331629
 0.561  0.331143
 0.562  0.330740
 0.563  0.330117
 0.564  0.329693
 0.565  0.329335
 0.566  0.328766
 0.567  0.328365
 0.568  0.328007
 0.569  0.327714
 0.570  0.327125
 0.571  0.326754
 0.572  0.326418
 0.573  0.326126
 0.574  0.325874
 0.575  0.325299
 0.576  0.324901
 0.577  0.324545
 0.578  0.324227
 0.579  0.323884
 0.580  0.323539
 0.581  0.323204
 0.582  0.322874
 0.583  0.322593
 0.584  0.322679
 0.585  0.322100
 0.586  0.321571
 0.587  0.321675
 0.588  0.320948
 0.589  0.320573
 0.590  0.320331
 0.591  0.319666
 0.592  0.316368
 0.593  0.228327
 0.594  0.228256
 0.595  0.228195
 0.596  0.228159
 0.597  0.228088
 0.598  0.228025
 0.599  0.227979
 0.600  0.227935
 0.601  0.227872
 0.602  0.227819
 0.603  0.227795
 0.604  0.227731
 0.605  0.227676
 0.606  0.227637
 0.607  0.227604
 0.608  0.227547
 0.609  0.227502
 0.610  0.227487
 0.611  0.227430
 0.612  0.227381
 0.613  0.227349
 0.614  0.227323
 0.615  0.227273
 0.616  0.227234
 0.617  0.227226
 0.618  0.227175
 0.619  0.227133
 0.620  0.227109
 0.621  0.227087
 0.622  0.227043
 0.623  0.227011
 0.624  0.227008
 0.625  0.226962
 0.626  0.226926
 0.627  0.226913
 0.628  0.226891
 0.629  0.226852
 0.630  0.226828
 0.631  0.226828
 0.632  0.226788
 0.633  0.226759
 0.634  0.226773
 0.635  0.226731
 0.636  0.226700
 0.637  0.226686
 0.638  0.226683
 0.639  0.226649
 0.640  0.226630
 0.641  0.226643
 0.642  0.226607
 0.643  0.226584
 0.644  0.226589
 0.645  0.226573
 0.646  0.226547
 0.647  0.226539
 0.648  0.226547
 0.649  0.226518
 0.650  0.226505
 0.651  0.226527
 0.652  0.226497
 0.653  0.226480
 0.654  0.226497
 0.655  0.226484
 0.656  0.226464
 0.657  0.226466
 0.658  0.226477
 0.659  0.226456
 0.660  0.226452
 0.661  0.226478
 0.662  0.226455
 0.663  0.226447
 0.664  0.226485
 0.665  0.226461
 0.666  0.226451
 0.667  0.226472
 0.668  0.226474
 0.669  0.226462
 0.670  0.226473
 0.671  0.226494
 0.672  0.226481
 0.673  0.226487
 0.674  0.226520
 0.675  0.226506
 0.676  0.226509
 0.677  0.226553
 0.678  0.226538
 0.679  0.226539
 0.680  0.226593
 0.681  0.226577
 0.682  0.226577
 0.683  0.226618
 0.684  0.226623
 0.685  0.226621
 0.686  0.226652
 0.687  0.226675
 0.688  0.226673
 0.689  0.226699
 0.690  0.226733
 0.691  0.226731
 0.692  0.226754
 0.693  0.226797
 0.694  0.226796
 0.695  0.226818
 0.696  0.226868
 0.697  0.226868
 0.698  0.226889
 0.699  0.226946
 0.700  0.226946
 0.701  0.226968
 0.702  0.227030
 0.703  0.227030
 0.704  0.227054
 0.705  0.227119
 0.706  0.227122
 0.707  0.227147
 0.708  0.227216
 0.709  0.227220
 0.710  0.227247
 0.711  0.227319
 0.712  0.227324
 0.713  0.227354
 0.714  0.227428
 0.715  0.227436
 0.716  0.227469
 0.717  0.227544
 0.718  0.227554
 0.719  0.227592
 0.720  0.227666
 0.721  0.227680
 0.722  0.227723
 0.723  0.227795
 0.724  0.227812
 0.725  0.227863
 0.726  0.227931
 0.727  0.227953
 0.728  0.228014
 0.729  0.228074
 0.730  0.228101
 0.731  0.228178
 0.732  0.228225
 0.733  0.228258
 0.734  0.228369
 0.735  0.228383
 0.736  0.228423
 0.737  0.228529
 0.738  0.228549
 0.739  0.228599
 0.740  0.228698
 0.741  0.228724
 0.742  0.228786
 0.743  0.228874
 0.744  0.228908
 0.745  0.228991
 0.746  0.229059
 0.747  0.229102
 0.748  0.229229
 0.749  0.229253
 0.750  0.229308
 0.751  0.229424
 0.752  0.229457
 0.753  0.229530
 0.754  0.229628
 0.755  0.229671
 0.756  0.229779
 0.757  0.229842
 0.758  0.229899
 0.759  0.230031
 0.760  0.230068
 0.761  0.230145
 0.762  0.230257
 0.763  0.230306
 0.764  0.230426
 0.765  0.230493
 0.766  0.230560
 0.767  0.230698
 0.768  0.230743
 0.769  0.230838
 0.770  0.230947
 0.771  0.231009
 0.772  0.231166
 0.773  0.231209
 0.774  0.231297
 0.775  0.231428
 0.776  0.231489
 0.777  0.231651
 0.778  0.231704
 0.779  0.231791
 0.780  0.231936
 0.781  0.231999
 0.782  0.232150
 0.783  0.232228
 0.784  0.232319
 0.785  0.232472
 0.786  0.232539
 0.787  0.232714
 0.788  0.232780
 0.789  0.232882
 0.790  0.233035
 0.791  0.233112
 0.792  0.233303
 0.793  0.233363
 0.794  0.233484
 0.795  0.233629
 0.796  0.233721
 0.797  0.233908
 0.798  0.233980
 0.799  0.234143
 0.800  0.234256
 0.801  0.234372
 0.802  0.234543
 0.803  0.234636
 0.804  0.234842
 0.805  0.234919
 0.806  0.235088
 0.807  0.235215
 0.808  0.235343
 0.809  0.235523
 0.810  0.235628
 0.811  0.235840
 0.812  0.235931
 0.813  0.236168
 0.814  0.236246
 0.815  0.236410
 0.816  0.236572
 0.817  0.236709
 0.818  0.236908
 0.819  0.237028
 0.820  0.237253
 0.821  0.237360
 0.822  0.237606
 0.823  0.237704
 0.824  0.237958
 0.825  0.238057
 0.826  0.238252
 0.827  0.238420
 0.828  0.238593
 0.829  0.238792
 0.830  0.238951
 0.831  0.239171
 0.832  0.239322
 0.833  0.239559
 0.834  0.239704
 0.835  0.239955
 0.836  0.240096
 0.837  0.240358
 0.838  0.240498
 0.839  0.240769
 0.840  0.240909
 0.841  0.241187
 0.842  0.241330
 0.843  0.241613
 0.844  0.241760
 0.845  0.242046
 0.846  0.242200
 0.847  0.242487
 0.848  0.242651
 0.849  0.242937
 0.850  0.243114
 0.851  0.243396
 0.852  0.243591
 0.853  0.243863
 0.854  0.244085
 0.855  0.244341
 0.856  0.244607
 0.857  0.244830
 0.858  0.245190
 0.859  0.245332
 0.860  0.245682
 0.861  0.245852
 0.862  0.246186
 0.863  0.246393
 0.864  0.246703
 0.865  0.246972
 0.866  0.247236
 0.867  0.247625
 0.868  0.247791
 0.869  0.248158
 0.870  0.248378
 0.871  0.248710
 0.872  0.249043
 0.873  0.249285
 0.874  0.249683
 0.875  0.249900
 0.876  0.250258
 0.877  0.250616
 0.878  0.250865
 0.879  0.251274
 0.880  0.251530
 0.881  0.251882
 0.882  0.252327
 0.883  0.252542
 0.884  0.252938
 0.885  0.253380
 0.886  0.253605
 0.887  0.254028
 0.888  0.254426
 0.889  0.254709
 0.890  0.255148
 0.891  0.255585
 0.892  0.255855
 0.893  0.256300
 0.894  0.256807
 0.895  0.257048
 0.896  0.257484
 0.897  0.257988
 0.898  0.258319
 0.899  0.258716
 0.900  0.259204
 0.901  0.259743
 0.902  0.260033
 0.903  0.260477
 0.904  0.260990
 0.905  0.261544
 0.906  0.261885
 0.907  0.262325
 0.908  0.262837
 0.909  0.263390
 0.910  0.263974
 0.911  0.264328
 0.912  0.264794
 0.913  0.265322
 0.914  0.265883
 0.915  0.266467
 0.916  0.267070
 0.917  0.267686
 0.918  0.268062
 0.919  0.268578
 0.920  0.269133
 0.921  0.269711
 0.922  0.270305
 0.923  0.270908
 0.924  0.271520
 0.925  0.272138
 0.926  0.272764
 0.927  0.273392
 0.928  0.274027
 0.929  0.274675
 0.930  0.275339
 0.931  0.276033
 0.932  0.276812
 0.933  0.277685
 0.934  0.278280
 0.935  0.278895
 0.936  0.279560
 0.937  0.280359
 0.938  0.281317
 0.939  0.281887
 0.940  0.282619
 0.941  0.283675
 0.942  0.284223
 0.943  0.285461
 0.944  0.285894
 0.945  0.287109
 0.946  0.287575
 0.947  0.288579
 0.948  0.289750
 0.949  0.290721
 0.950  0.291333
 0.951  0.292361
 0.952  0.293721
 0.953  0.294247
 0.954  0.295175
 0.955  0.296032
 0.956  0.296988
 0.957  0.299148
 0.958  0.299522
 0.959  0.302702
 0.960  0.000000
 0.961  0.000000
 0.962  0.000000
 0.963  0.000000
 0.964  0.000000
 0.965  0.000000
 0.966  0.000000
 0.967  0.000000
 0.968  0.000000
 0.969  0.000000
 0.970  0.000000
 0.971  0.000000
 0.972  0.000000
 0.973  0.000000
 0.974  0.000000
 0.975  0.000000
 0.976  0.000000
 0.977  0.000000
 0.978  0.000000
 0.979  0.000000
 0.980  0.000000
 0.981  0.000000
 0.982  0.000000
 0.983  0.000000
 0.984  0.000000
 0.985  0.000000
 0.986  0.000000
 0.987  0.000000
 0.988  0.000000
 0.989  0.000000
 0.990  0.000000
 0.991  0.000000
 0.992  0.000000
 0.993  0.000000
 0.994  0.000000
 0.995  0.000000
 0.996  0.000000
 0.997  0.000000
 0.998  0.000000
 0.999  0.000000
 1.000  0.000000
