-0.400  0.000000
-0.399  0.000000
-0.398  0.000000
-0.397  0.000000
-0.396  0.000000
-0.395  0.000000
-0.394  0.000000
-0.393  0.000000
-0.392  0.000000
-0.391  0.000000
-0.390  0.000000
-0.389  0.000000
-0.388  0.000000
-0.387  0.000000
-0.386  0.000000
-0.385  0.000000
-0.384  0.000000
-0.383  0.000000
-0.382  0.000000
-0.381  0.000000
-0.380  0.000000
-0.379  0.000000
-0.378  0.000000
-0.377  0.000000
-0.376  0.000000
-0.375  0.000000
-0.374  0.000000
-0.373  0.000000
-0.372  0.000000
-0.371  0.000000
-0.370  0.000000
-0.369  0.000000
-0.368  0.000000
-0.367  0.000000
-0.366  0.000000
-0.365  0.000000
-0.364  0.000000
-0.363  0.000000
-0.362  0.000000
-0.361  0.000000
-0.360  0.000000
-0.359  0.000000
-0.358  0.000000
-0.357  0.000000
-0.356  0.000000
-0.355  0.000000
-0.354  0.000000
-0.353  0.000000
-0.352  0.000000
-0.351  0.000000
-0.350  0.000000
-0.349  0.000000
-0.348  0.000000
-0.347  0.000000
-0.346  0.000000
-0.345  0.000000
-0.344  0.000000
-0.343  0.000000
-0.342  0.000000
-0.341  0.000000
-0.340  0.000000
-0.339  0.000000
-0.338  0.000000
-0.337  0.000000
-0.336  0.000000
-0.335  0.000000
-0.334  0.000000
-0.333  0.000000
-0.332  0.000000
-0.331  0.000000
-0.330  0.000000
-0.329  0.000000
-0.328  0.000000
-0.327  0.000000
-0.326  0.000000
-0.325  0.000000
-0.324  0.000000
-0.323  0.000000
-0.322  0.000000
-0.321  0.000000
-0.320  0.000000
-0.319  0.000000
-0.318  0.000000
-0.317  0.000000
-0.316  0.000000
-0.315  0.000000
-0.314  0.000000
-0.313  0.000000
-0.312  0.000000
-0.311  0.000000
-0.310  0.000000
-0.309  0.000000
-0.308  0.000000
-0.307  0.000000
-0.306  0.000000
-0.305  0.000000
-0.304  0.000000
-0.303  0.000000
-0.302  0.000000
-0.301  0.000000
-0.300  0.000000
-0.299  0.000000
-0.298  0.000000
-0.297  0.000000
-0.296  0.000000
-0.295  0.000000
-0.294  0.000000
-0.293  0.000000
-0.292  0.000000
-0.291  0.000000
-0.290  0.000000
-0.289  0.000000
-0.288  0.000000
-0.287  0.000000
-0.286  0.000000
-0.285  0.000000
-0.284  0.000000
-0.283  0.000000
-0.282  0.000000
-0.281  0.000000
-0.280  0.000000
-0.279  0.000000
-0.278  0.000000
-0.277  0.000000
-0.276  0.000000
-0.275  0.000000
-0.274  0.000000
-0.273  0.000000
-0.272  0.000000
-0.271  0.000000
-0.270  0.000000
-0.269  0.000000
-0.268  0.000000
-0.267  0.000000
-0.266  0.000000
-0.265  0.000000
-0.264  0.000000
-0.263  0.000000
-0.262  0.000000
-0.261  0.000000
-0.260  0.000000
-0.259  0.000000
-0.258  0.000000
-0.257  0.000000
-0.256  1.331621
-0.255  0.778698
-0.254  0.603197
-0.253  0.518709
-0.252  1.389990
-0.251  1.840421
-0.250  0.937254
-0.249  0.809012
-0.248  1.242941
-0.247  1.319004
-0.246  1.613199
-0.245  1.226616
-0.244  1.161377
-0.243  1.121547
-0.242  1.096866
-0.241  1.178472
-0.240  1.186039
-0.239  1.206855
-0.238  1.225625
-0.237  1.340883
-0.236  1.343029
-0.235  1.355200
-0.234  1.360817
-0.233  1.366568
-0.232  1.377769
-0.231  1.384935
-0.230  1.395410
-0.229  1.404445
-0.228  1.412051
-0.227  1.423181
-0.226  1.434025
-0.225  1.441544
-0.224  1.451456
-0.223  1.462204
-0.222  1.474398
-0.221  1.484975
-0.220  1.494500
-0.219  1.504957
-0.218  1.519066
-0.217  1.530170
-0.216  1.542664
-0.215  1.553518
-0.214  1.567019
-0.213  1.578830
-0.212  1.591914
-0.211  1.604818
-0.210  1.618229
-0.209  1.633705
-0.208  1.648371
-0.207  1.662662
-0.206  1.678950
-0.205  1.694488
-0.204  1.711011
-0.203  1.727116
-0.202  1.744321
-0.201  1.762369
-0.200  1.781261
-0.199  1.799412
-0.198  1.819067
-0.197  1.839420
-0.196  1.861125
-0.195  1.882316
-0.194  1.904438
-0.193  1.928691
-0.192  1.953081
-0.191  1.978550
-0.190  2.005569
-0.189  2.033470
-0.188  2.061907
-0.187  2.092789
-0.186  2.123784
-0.185  2.157755
-0.184  2.194234
-0.183  2.231793
-0.182  2.272809
-0.181  2.315401
-0.180  2.361042
-0.179  2.409179
-0.178  2.463531
-0.177  2.520013
-0.176  2.583631
-0.175  2.652203
-0.174  2.728767
-0.173  2.815393
-0.172  2.912330
-0.171  3.025113
-0.170  3.156904
-0.169  3.318479
-0.168  3.525870
-0.167  3.810689
-0.166  4.280371
-0.165  5.906924
-0.164  4.502213
-0.163  3.971964
-0.162  3.687844
-0.161  3.485261
-0.160  3.335210
-0.159  3.214282
-0.158  3.108762
-0.157  3.024001
-0.156  2.945392
-0.155  2.881717
-0.154  2.821787
-0.153  2.765704
-0.152  2.717960
-0.151  2.673356
-0.150  2.630462
-0.149  2.591001
-0.148  2.556930
-0.147  2.524716
-0.146  2.492849
-0.145  2.463283
-0.144  2.435925
-0.143  2.410819
-0.142  2.384493
-0.141  2.361233
-0.140  2.338575
-0.139  2.316985
-0.138  2.299161
-0.137  2.278763
-0.136  2.260267
-0.135  2.244143
-0.134  2.225717
-0.133  2.212530
-0.132  2.196061
-0.131  2.182650
-0.130  2.165157
-0.129  2.155063
-0.128  2.142018
-0.127  2.129520
-0.126  2.117922
-0.125  2.107379
-0.124  2.095703
-0.123  2.085180
-0.122  2.076631
-0.121  2.065193
-0.120  2.058270
-0.119  2.050586
-0.118  2.038754
-0.117  2.033547
-0.116  2.026549
-0.115  2.017977
-0.114  2.008253
-0.113  2.003450
-0.112  1.992097
-0.111  1.990562
-0.110  1.997823
-0.109  1.987293
-0.108  1.974410
-0.107  1.965345
-0.106  1.968859
-0.105  1.964729
-0.104  1.963665
-0.103  1.957824
-0.102  1.957943
-0.101  1.954407
-0.100  1.951796
-0.099  1.951589
-0.098  1.947247
-0.097  1.946154
-0.096  1.945994
-0.095  1.949441
-0.094  1.948121
-0.093  1.949579
-0.092  1.949725
-0.091  1.953808
-0.090  1.955075
-0.089  1.958942
-0.088  1.959927
-0.087  1.920571
-0.086  1.954200
-0.085  2.003198
-0.084  1.993042
-0.083  1.997770
-0.082  2.006221
-0.081  2.016908
-0.080  2.029454
-0.079  2.051456
-0.078  2.072870
-0.077  2.099927
-0.076  2.130276
-0.075  2.179565
-0.074  2.263114
-0.073  2.437117
-0.072  2.332578
-0.071  2.259338
-0.070  2.164279
-0.069  2.105545
-0.068  2.060761
-0.067  2.025208
-0.066  1.993390
-0.065  1.966924
-0.064  1.942896
-0.063  1.919778
-0.062  1.900500
-0.061  1.881879
-0.060  1.865793
-0.059  1.848490
-0.058  1.834328
-0.057  1.820319
-0.056  1.805691
-0.055  1.794126
-0.054  1.781792
-0.053  1.767859
-0.052  1.758646
-0.051  1.745676
-0.050  1.736736
-0.049  1.723956
-0.048  1.714795
-0.047  1.705290
-0.046  1.694650
-0.045  1.558693
-0.044  1.566756
-0.043  1.575269
-0.042  1.583571
-0.041  1.595408
-0.040  1.607129
-0.039  1.620237
-0.038  1.636349
-0.037  1.655002
-0.036  1.687988
-0.035  1.735852
-0.034  2.022825
-0.033  1.727281
-0.032  1.671391
-0.031  1.633066
-0.030  1.602956
-0.029  1.577084
-0.028  1.552190
-0.027  1.531173
-0.026  1.510144
-0.025  1.488968
-0.024  1.470149
-0.023  1.450519
-0.022  1.432035
-0.021  1.518375
-0.020  1.512101
-0.019  1.509391
-0.018  1.508344
-0.017  1.495143
-0.016  1.490642
-0.015  1.486378
-0.014  1.472523
-0.013  1.417442
-0.012  1.418654
-0.011  1.128487
-0.010  1.145178
-0.009  1.161637
-0.008  1.180910
-0.007  1.199895
-0.006  1.219664
-0.005  1.241042
-0.004  1.264280
-0.003  1.291770
-0.002  1.325410
-0.001  1.395592
 0.000  1.382174
 0.001  1.363731
 0.002  1.361283
 0.003  1.365137
 0.004  1.375062
 0.005  1.388336
 0.006  1.408029
 0.007  1.430953
 0.008  1.464520
 0.009  1.529045
 0.010  1.648033
 0.011  1.822581
 0.012  1.884667
 0.013  1.692427
 0.014  1.612469
 0.015  1.533047
 0.016  1.305616
 0.017  1.032632
 0.018  1.055265
 0.019  1.098288
 0.020  1.191855
 0.021  1.388329
 0.022  1.157820
 0.023  0.729577
 0.024  0.675319
 0.025  0.732672
 0.026  0.738799
 0.027  0.751903
 0.028  0.757367
 0.029  0.771785
 0.030  0.780224
 0.031  0.795937
 0.032  0.808774
 0.033  0.822422
 0.034  0.838304
 0.035  0.854064
 0.036  0.872207
 0.037  0.889925
 0.038  0.908697
 0.039  0.930784
 0.040  0.951402
 0.041  0.975052
 0.042  1.002852
 0.043  1.036960
 0.044  1.079966
 0.045  1.145874
 0.046  1.378788
 0.047  1.119753
 0.048  1.055836
 0.049  1.013494
 0.050  0.988421
 0.051  0.962664
 0.052  0.944966
 0.053  1.355240
 0.054  1.557276
 0.055  1.958267
 0.056  1.585388
 0.057  1.440552
 0.058  1.434665
 0.059  1.390747
 0.060  1.350653
 0.061  1.323183
 0.062  1.298198
 0.063  1.280178
 0.064  1.264517
 0.065  1.249012
 0.066  1.235889
 0.067  1.184713
 0.068  1.181255
 0.069  1.172025
 0.070  1.168280
 0.071  1.172188
 0.072  1.163993
 0.073  1.159827
 0.074  1.164923
 0.075  1.163117
 0.076  1.165619
 0.077  1.168166
 0.078  1.168140
 0.079  1.187471
 0.080  1.181975
 0.081  1.134533
 0.082  1.126040
 0.083  1.124392
 0.084  1.114970
 0.085  1.106866
 0.086  1.100353
 0.087  1.103092
 0.088  1.094876
 0.089  1.087288
 0.090  1.079660
 0.091  0.885100
 0.092  0.900080
 0.093  0.917270
 0.094  0.934455
 0.095  0.959692
 0.096  0.977159
 0.097  1.033077
 0.098  1.058755
 0.099  1.128154
 0.100  1.160200
 0.101  1.106228
 0.102  1.084567
 0.103  1.072931
 0.104  1.061413
 0.105  1.053977
 0.106  1.046904
 0.107  1.040745
 0.108  1.037204
 0.109  1.030771
 0.110  1.026572
 0.111  1.021849
 0.112  1.018196
 0.113  1.014024
 0.114  1.008861
 0.115  1.007678
 0.116  1.001090
 0.117  0.999748
 0.118  0.995060
 0.119  0.992364
 0.120  0.989089
 0.121  0.985190
 0.122  0.982896
 0.123  0.979974
 0.124  0.973796
 0.125  0.972383
 0.126  0.968567
 0.127  0.964850
 0.128  0.952399
 0.129  0.928036
 0.130  0.927474
 0.131  0.928097
 0.132  0.929813
 0.133  0.929619
 0.134  0.932343
 0.135  0.933039
 0.136  0.936319
 0.137  0.936068
 0.138  0.937727
 0.139  0.942312
 0.140  0.945966
 0.141  0.954225
 0.142  0.973580
 0.143  0.960273
 0.144  0.939414
 0.145  0.926684
 0.146  0.915536
 0.147  0.906192
 0.148  0.896948
 0.149  0.890817
 0.150  0.880665
 0.151  0.898725
 0.152  0.899017
 0.153  0.893560
 0.154  0.891470
 0.155  0.888802
 0.156  0.886385
 0.157  0.881145
 0.158  0.880766
 0.159  0.877558
 0.160  0.874680
 0.161  0.873642
 0.162  0.869622
 0.163  0.866700
 0.164  0.865675
 0.165  0.860988
 0.166  0.860601
 0.167  0.858365
 0.168  0.855442
 0.169  0.851272
 0.170  0.851772
 0.171  0.846978
 0.172  0.846802
 0.173  0.842918
 0.174  0.843365
 0.175  0.836941
 0.176  0.838727
 0.177  0.831739
 0.178  0.829536
 0.179  0.828152
 0.180  0.824424
 0.181  0.825243
 0.182  0.822083
 0.183  0.825880
 0.184  0.816341
 0.185  0.820959
 0.186  0.813508
 0.187  0.810804
 0.188  0.813652
 0.189  0.804663
 0.190  0.806954
 0.191  0.802113
 0.192  0.796043
 0.193  0.802909
 0.194  0.794601
 0.195  0.793236
 0.196  0.792907
 0.197  0.784935
 0.198  0.787983
 0.199  0.784638
 0.200  0.786566
 0.201  0.780675
 0.202  0.782383
 0.203  0.772151
 0.204  0.769215
 0.205  0.796341
 0.206  0.796456
 0.207  0.780798
 0.208  0.763872
 0.209  0.765791
 0.210  0.746276
 0.211  0.748678
 0.212  0.759712
 0.213  0.767678
 0.214  0.754500
 0.215  0.754138
 0.216  0.756555
 0.217  0.751042
 0.218  0.746560
 0.219  0.739922
 0.220  0.715147
 0.221  0.712415
 0.222  0.723068
 0.223  0.726192
 0.224  0.757904
 0.225  0.753229
 0.226  0.798450
 0.227  0.773115
 0.228  0.736810
 0.229  0.727889
 0.230  0.709841
 0.231  0.709438
 0.232  0.689277
 0.233  0.754749
 0.234  0.538181
 0.235  0.543564
 0.236  0.597136
 0.237  0.592632
 0.238  0.619634
 0.239  0.679238
 0.240  0.727279
 0.241  0.951856
 0.242  0.789337
 0.243  0.756412
 0.244  0.740209
 0.245  0.729962
 0.246  0.723398
 0.247  0.717754
 0.248  0.713439
 0.249  0.710043
 0.250  0.706484
 0.251  0.703653
 0.252  0.701353
 0.253  0.698270
 0.254  0.696580
 0.255  0.693919
 0.256  0.691532
 0.257  0.689969
 0.258  0.687583
 0.259  0.685648
 0.260  0.684044
 0.261  0.681840
 0.262  0.680352
 0.263  0.678750
 0.264  0.676560
 0.265  0.675349
 0.266  0.673119
 0.267  0.671680
 0.268  0.670422
 0.269  0.668274
 0.270  0.667235
 0.271  0.665206
 0.272  0.663475
 0.273  0.662348
 0.274  0.660457
 0.275  0.658791
 0.276  0.657614
 0.277  0.655679
 0.278  0.654723
 0.279  0.652915
 0.280  0.651434
 0.281  0.650316
 0.282  0.648325
 0.283  0.647333
 0.284  0.645534
 0.285  0.644255
 0.286  0.643157
 0.287  0.641271
 0.288  0.640155
 0.289  0.639206
 0.290  0.637293
 0.291  0.636321
 0.292  0.634454
 0.293  0.633146
 0.294  0.632383
 0.295  0.630493
 0.296  0.629650
 0.297  0.627770
 0.298  0.626465
 0.299  0.625741
 0.300  0.623904
 0.301  0.623123
 0.302  0.621209
 0.303  0.619963
 0.304  0.619262
 0.305  0.617506
 0.306  0.616760
 0.307  0.614876
 0.308  0.613636
 0.309  0.612932
 0.310  0.611290
 0.311  0.610506
 0.312  0.608657
 0.313  0.607470
 0.314  0.606854
 0.315  0.605213
 0.316  0.604371
 0.317  0.602542
 0.318  0.601443
 0.319  0.600574
 0.320  0.599274
 0.321  0.598379
 0.322  0.596509
 0.323  0.595658
 0.324  0.594247
 0.325  0.593286
 0.326  0.592478
 0.327  0.590668
 0.328  0.590052
 0.329  0.588655
 0.330  0.587467
 0.331  0.586655
 0.332  0.584950
 0.333  0.584623
 0.334  0.583227
 0.335  0.581707
 0.336  0.580894
 0.337  0.579568
 0.338  0.579331
 0.339  0.577846
 0.340  0.577103
 0.341  0.575169
 0.342  0.574439
 0.343  0.573180
 0.344  0.572270
 0.345  0.571472
 0.346  0.569755
 0.347  0.569501
 0.348  0.568247
 0.349  0.566650
 0.350  0.565877
 0.351  0.564757
 0.352  0.563533
 0.353  0.563117
 0.354  0.562280
 0.355  0.560460
 0.356  0.560171
 0.357  0.559053
 0.358  0.557498
 0.359  0.556731
 0.360  0.555670
 0.361  0.554476
 0.362  0.554120
 0.363  0.553240
 0.364  0.551505
 0.365  0.551376
 0.366  0.550254
 0.367  0.548465
 0.368  0.547663
 0.369  0.547182
 0.370  0.546141
 0.371  0.545142
 0.372  0.544206
 0.373  0.542989
 0.374  0.541945
 0.375  0.541607
 0.376  0.540846
 0.377  0.539176
 0.378  0.537891
 0.379  0.537919
 0.380  0.535786
 0.381  0.535658
 0.382  0.534766
 0.383  0.533949
 0.384  0.531683
 0.385  0.529904
 0.386  0.529501
 0.387  0.529946
 0.388  0.529486
 0.389  0.534916
 0.390  0.528730
 0.391  0.528357
 0.392  0.524430
 0.393  0.522244
 0.394  0.524601
 0.395  0.522694
 0.396  0.522431
 0.397  0.522420
 0.398  0.520499
 0.399  0.519891
 0.400  0.519019
 0.401  0.518777
 0.402  0.517162
 0.403  0.516433
 0.404  0.515652
 0.405  0.515145
 0.406  0.514184
 0.407  0.513051
 0.408  0.512217
 0.409  0.511519
 0.410  0.511495
 0.411  0.509680
 0.412  0.508827
 0.413  0.508302
 0.414  0.507122
 0.415  0.506329
 0.416  0.505231
 0.417  0.505281
 0.418  0.503842
 0.419  0.503081
 0.420  0.503349
 0.421  0.502925
 0.422  0.500636
 0.423  0.499810
 0.424  0.500087
 0.425  0.498199
 0.426  0.497376
 0.427  0.496613
 0.428  0.497691
 0.429  0.494980
 0.430  0.494184
 0.431  0.495399
 0.432  0.492595
 0.433  0.491824
 0.434  0.491153
 0.435  0.490246
 0.436  0.489483
 0.437  0.488773
 0.438  0.491315
 0.439  0.487141
 0.440  0.486454
 0.441  0.489548
 0.442  0.484873
 0.443  0.484145
 0.444  0.484114
 0.445  0.482650
 0.446  0.481849
 0.447  0.481195
 0.448  0.480406
 0.449  0.479598
 0.450  0.478928
 0.451  0.478974
 0.452  0.477347
 0.453  0.476743
 0.454  0.477378
 0.455  0.475135
 0.456  0.474604
 0.457  0.475327
 0.458  0.472956
 0.459  0.472468
 0.460  0.472586
 0.461  0.470785
 0.462  0.473413
 0.463  0.469421
 0.464  0.468717
 0.465  0.474422
 0.466  0.467256
 0.467  0.466649
 0.468  0.466448
 0.469  0.465124
 0.470  0.466686
 0.471  0.468602
 0.472  0.463116
 0.473  0.462827
 0.474  0.461671
 0.475  0.461532
 0.476  0.460662
 0.477  0.459689
 0.478  0.459227
 0.479  0.458462
 0.480  0.477629
 0.481  0.457133
 0.482  0.456764
 0.483  0.455683
 0.484  0.455241
 0.485  0.454275
 0.486  0.454161
 0.487  0.452911
 0.488  0.452332
 0.489  0.451539
 0.490  0.450922
 0.491  0.450079
 0.492  0.449591
 0.493  0.448852
 0.494  0.448330
 0.495  0.447556
 0.496  0.447120
 0.497  0.446202
 0.498  0.445877
 0.499  0.444884
 0.500  0.461412
 0.501  0.443739
 0.502  0.443875
 0.503  0.442578
 0.504  0.442031
 0.505  0.440044
 0.506  0.440799
 0.507  0.440234
 0.508  0.438059
 0.509  0.447159
 0.510  0.436941
 0.511  0.436342
 0.512  0.435671
 0.513  0.442039
 0.514  0.435200
 0.515  0.435694
 0.516  0.434592
 0.517  0.432838
 0.518  0.439082
 0.519  0.442272
 0.520  0.436866
 0.521  0.437761
 0.522  0.440797
 0.523  0.426908
 0.524  0.401513
 0.525  0.413632
 0.526  0.420117
 0.527  0.437603
 0.528  0.459100
 0.529  0.437691
 0.530  0.433030
 0.531  0.431422
 0.532  0.429998
 0.533  0.429147
 0.534  0.428336
 0.535  0.427497
 0.536  0.426962
 0.537  0.426321
 0.538  0.425493
 0.539  0.424982
 0.540  0.424584
 0.541  0.423821
 0.542  0.423209
 0.543  0.422644
 0.544  0.422207
 0.545  0.421582
 0.546  0.420890
 0.547  0.420335
 0.548  0.419820
 0.549  0.419310
 0.550  0.418798
 0.551  0.418234
 0.552  0.417635
 0.553  0.417040
 0.554  0.416617
 0.555  0.416164
 0.556  0.415803
 0.557  0.415276
 0.558  0.414831
 0.559  0.413658
 0.560  0.413013
 0.561  0.413860
 0.562  0.411752
 0.563  0.226834
 0.564  0.226794
 0.565  0.226751
 0.566  0.226694
 0.567  0.226645
 0.568  0.226623
 0.569  0.226564
 0.570  0.226512
 0.571  0.226470
 0.572  0.226443
 0.573  0.226388
 0.574  0.226341
 0.575  0.226310
 0.576  0.226274
 0.577  0.226224
 0.578  0.226182
 0.579  0.226168
 0.580  0.226115
 0.581  0.226070
 0.582  0.226037
 0.583  0.226015
 0.584  0.225966
 0.585  0.225926
 0.586  0.225913
 0.587  0.225871
 0.588  0.225828
 0.589  0.225796
 0.590  0.225784
 0.591  0.225737
 0.592  0.225700
 0.593  0.225680
 0.594  0.225655
 0.595  0.225614
 0.596  0.225583
 0.597  0.225580
 0.598  0.225536
 0.599  0.225501
 0.600  0.225482
 0.601  0.225466
 0.602  0.225427
 0.603  0.225399
 0.604  0.225402
 0.605  0.225361
 0.606  0.225329
 0.607  0.225313
 0.608  0.225302
 0.609  0.225267
 0.610  0.225243
 0.611  0.225251
 0.612  0.225213
 0.613  0.225184
 0.614  0.225173
 0.615  0.225165
 0.616  0.225133
 0.617  0.225114
 0.618  0.225125
 0.619  0.225090
 0.620  0.225066
 0.621  0.225063
 0.622  0.225054
 0.623  0.225026
 0.624  0.225013
 0.625  0.225025
 0.626  0.224994
 0.627  0.224975
 0.628  0.224990
 0.629  0.224969
 0.630  0.224946
 0.631  0.224941
 0.632  0.224951
 0.633  0.224925
 0.634  0.224913
 0.635  0.224938
 0.636  0.224911
 0.637  0.224894
 0.638  0.224903
 0.639  0.224903
 0.640  0.224883
 0.641  0.224881
 0.642  0.224901
 0.643  0.224880
 0.644  0.224872
 0.645  0.224906
 0.646  0.224882
 0.647  0.224871
 0.648  0.224887
 0.649  0.224892
 0.650  0.224877
 0.651  0.224883
 0.652  0.224907
 0.653  0.224891
 0.654  0.224890
 0.655  0.224929
 0.656  0.224910
 0.657  0.224906
 0.658  0.224950
 0.659  0.224936
 0.660  0.224930
 0.661  0.224949
 0.662  0.224969
 0.663  0.224960
 0.664  0.224972
 0.665  0.225007
 0.666  0.224997
 0.667  0.225005
 0.668  0.225051
 0.669  0.225040
 0.670  0.225044
 0.671  0.225101
 0.672  0.225089
 0.673  0.225092
 0.674  0.225136
 0.675  0.225144
 0.676  0.225145
 0.677  0.225178
 0.678  0.225205
 0.679  0.225206
 0.680  0.225232
 0.681  0.225272
 0.682  0.225272
 0.683  0.225296
 0.684  0.225345
 0.685  0.225345
 0.686  0.225367
 0.687  0.225424
 0.688  0.225424
 0.689  0.225444
 0.690  0.225508
 0.691  0.225509
 0.692  0.225529
 0.693  0.225599
 0.694  0.225600
 0.695  0.225621
 0.696  0.225695
 0.697  0.225697
 0.698  0.225719
 0.699  0.225798
 0.700  0.225800
 0.701  0.225823
 0.702  0.225906
 0.703  0.225910
 0.704  0.225935
 0.705  0.226020
 0.706  0.226026
 0.707  0.226053
 0.708  0.226140
 0.709  0.226148
 0.710  0.226178
 0.711  0.226267
 0.712  0.226277
 0.713  0.226311
 0.714  0.226399
 0.715  0.226412
 0.716  0.226451
 0.717  0.226538
 0.718  0.226554
 0.719  0.226599
 0.720  0.226684
 0.721  0.226704
 0.722  0.226756
 0.723  0.226836
 0.724  0.226861
 0.725  0.226923
 0.726  0.226995
 0.727  0.227025
 0.728  0.227104
 0.729  0.227162
 0.730  0.227198
 0.731  0.227318
 0.732  0.227336
 0.733  0.227381
 0.734  0.227494
 0.735  0.227518
 0.736  0.227573
 0.737  0.227678
 0.738  0.227709
 0.739  0.227779
 0.740  0.227870
 0.741  0.227909
 0.742  0.228006
 0.743  0.228071
 0.744  0.228121
 0.745  0.228250
 0.746  0.228280
 0.747  0.228345
 0.748  0.228461
 0.749  0.228501
 0.750  0.228588
 0.751  0.228681
 0.752  0.228734
 0.753  0.228879
 0.754  0.228912
 0.755  0.228981
 0.756  0.229110
 0.757  0.229155
 0.758  0.229252
 0.759  0.229351
 0.760  0.229412
 0.761  0.229564
 0.762  0.229605
 0.763  0.229689
 0.764  0.229818
 0.765  0.229874
 0.766  0.230011
 0.767  0.230084
 0.768  0.230163
 0.769  0.230310
 0.770  0.230366
 0.771  0.230487
 0.772  0.230590
 0.773  0.230670
 0.774  0.230829
 0.775  0.230887
 0.776  0.231009
 0.777  0.231124
 0.778  0.231208
 0.779  0.231375
 0.780  0.231438
 0.781  0.231572
 0.782  0.231686
 0.783  0.231779
 0.784  0.231948
 0.785  0.232020
 0.786  0.232190
 0.787  0.232279
 0.788  0.232388
 0.789  0.232551
 0.790  0.232636
 0.791  0.232835
 0.792  0.232903
 0.793  0.233044
 0.794  0.233185
 0.795  0.233292
 0.796  0.233479
 0.797  0.233566
 0.798  0.233783
 0.799  0.233855
 0.800  0.234005
 0.801  0.234157
 0.802  0.234276
 0.803  0.234470
 0.804  0.234570
 0.805  0.234793
 0.806  0.234879
 0.807  0.235077
 0.808  0.235200
 0.809  0.235351
 0.810  0.235531
 0.811  0.235660
 0.812  0.235871
 0.813  0.235985
 0.814  0.236220
 0.815  0.236323
 0.816  0.236578
 0.817  0.236672
 0.818  0.236891
 0.819  0.237030
 0.820  0.237212
 0.821  0.237396
 0.822  0.237562
 0.823  0.237772
 0.824  0.237926
 0.825  0.238155
 0.826  0.238302
 0.827  0.238547
 0.828  0.238688
 0.829  0.238945
 0.830  0.239084
 0.831  0.239352
 0.832  0.239490
 0.833  0.239766
 0.834  0.239905
 0.835  0.240187
 0.836  0.240329
 0.837  0.240616
 0.838  0.240763
 0.839  0.241052
 0.840  0.241207
 0.841  0.241497
 0.842  0.241662
 0.843  0.241949
 0.844  0.242129
 0.845  0.242410
 0.846  0.242611
 0.847  0.242881
 0.848  0.243112
 0.849  0.243362
 0.850  0.243649
 0.851  0.243855
 0.852  0.244214
 0.853  0.244363
 0.854  0.244709
 0.855  0.244888
 0.856  0.245217
 0.857  0.245439
 0.858  0.245738
 0.859  0.246043
 0.860  0.246277
 0.861  0.246660
 0.862  0.246841
 0.863  0.247197
 0.864  0.247444
 0.865  0.247756
 0.866  0.248171
 0.867  0.248343
 0.868  0.248728
 0.869  0.248978
 0.870  0.249311
 0.871  0.249743
 0.872  0.249935
 0.873  0.250327
 0.874  0.250641
 0.875  0.250949
 0.876  0.251378
 0.877  0.251640
 0.878  0.252005
 0.879  0.252461
 0.880  0.252703
 0.881  0.253097
 0.882  0.253570
 0.883  0.253814
 0.884  0.254220
 0.885  0.254703
 0.886  0.254978
 0.887  0.255380
 0.888  0.255864
 0.889  0.256214
 0.890  0.256582
 0.891  0.257056
 0.892  0.257583
 0.893  0.257855
 0.894  0.258294
 0.895  0.258802
 0.896  0.259353
 0.897  0.259625
 0.898  0.260085
 0.899  0.260605
 0.900  0.261164
 0.901  0.261546
 0.902  0.261971
 0.903  0.262479
 0.904  0.263028
 0.905  0.263604
 0.906  0.264202
 0.907  0.264530
 0.908  0.265025
 0.909  0.265565
 0.910  0.266133
 0.911  0.266717
 0.912  0.267317
 0.913  0.267926
 0.914  0.268542
 0.915  0.269162
 0.916  0.269787
 0.917  0.270411
 0.918  0.270980
 0.919  0.271625
 0.920  0.272278
 0.921  0.272896
 0.922  0.273512
 0.923  0.274126
 0.924  0.274742
 0.925  0.275367
 0.926  0.276009
 0.927  0.276696
 0.928  0.277509
 0.929  0.278401
 0.930  0.278973
 0.931  0.279627
 0.932  0.280597
 0.933  0.281324
 0.934  0.281953
 0.935  0.283101
 0.936  0.283593
 0.937  0.284799
 0.938  0.285249
 0.939  0.286324
 0.940  0.287383
 0.941  0.287868
 0.942  0.288783
 0.943  0.289738
 0.944  0.290639
 0.945  0.291587
 0.946  0.293194
 0.947  0.293505
 0.948  0.294668
 0.949  0.295502
 0.950  0.297431
 0.951  0.297214
 0.952  0.300030
 0.953  0.000000
 0.954  0.000000
 0.955  0.000000
 0.956  0.000000
 0.957  0.000000
 0.958  0.000000
 0.959  0.000000
 0.960  0.000000
 0.961  0.000000
 0.962  0.000000
 0.963  0.000000
 0.964  0.000000
 0.965  0.000000
 0.966  0.000000
 0.967  0.000000
 0.968  0.000000
 0.969  0.000000
 0.970  0.000000
 0.971  0.000000
 0.972  0.000000
 0.973  0.000000
 0.974  0.000000
 0.975  0.000000
 0.976  0.000000
 0.977  0.000000
 0.978  0.000000
 0.979  0.000000
 0.980  0.000000
 0.981  0.000000
 0.982  0.000000
 0.983  0.000000
 0.984  0.000000
 0.985  0.000000
 0.986  0.000000
 0.987  0.000000
 0.988  0.000000
 0.989  0.000000
 0.990  0.000000
 0.991  0.000000
 0.992  0.000000
 0.993  0.000000
 0.994  0.000000
 0.995  0.000000
 0.996  0.000000
 0.997  0.000000
 0.998  0.000000
 0.999  0.000000
 1.000  0.000000
