-0.400  0.000000
-0.399  0.000000
-0.398  0.000000
-0.397  0.000000
-0.396  0.000000
-0.395  0.000000
-0.394  0.000000
-0.393  0.000000
-0.392  0.000000
-0.391  0.000000
-0.390  0.000000
-0.389  0.000000
-0.388  0.000000
-0.387  0.000000
-0.386  0.000000
-0.385  0.000000
-0.384  0.000000
-0.383  0.000000
-0.382  0.000000
-0.381  0.000000
-0.380  0.000000
-0.379  0.000000
-0.378  0.000000
-0.377  0.000000
-0.376  0.000000
-0.375  0.000000
-0.374  0.000000
-0.373  0.000000
-0.372  0.000000
-0.371  0.000000
-0.370  0.000000
-0.369  0.000000
-0.368  0.000000
-0.367  0.000000
-0.366  0.000000
-0.365  0.000000
-0.364  0.000000
-0.363  0.000000
-0.362  0.000000
-0.361  0.000000
-0.360  0.000000
-0.359  0.000000
-0.358  0.000000
-0.357  0.000000
-0.356  0.000000
-0.355  0.000000
-0.354  0.000000
-0.353  0.000000
-0.352  0.000000
-0.351  0.000000
-0.350  0.000000
-0.349  0.000000
-0.348  0.000000
-0.347  0.000000
-0.346  0.000000
-0.345  0.000000
-0.344  0.000000
-0.343  0.000000
-0.342  0.000000
-0.341  0.000000
-0.340  0.000000
-0.339  0.000000
-0.338  0.000000
-0.337  0.000000
-0.336  0.000000
-0.335  0.000000
-0.334  0.000000
-0.333  0.000000
-0.332  0.000000
-0.331  0.000000
-0.330  0.000000
-0.329  0.000000
-0.328  0.000000
-0.327  0.000000
-0.326  0.000000
-0.325  0.000000
-0.324  0.000000
-0.323  0.000000
-0.322  0.000000
-0.321  0.000000
-0.320  0.000000
-0.319  0.000000
-0.318  0.000000
-0.317  0.000000
-0.316  0.000000
-0.315  0.000000
-0.314  0.000000
-0.313  0.000000
-0.312  0.000000
-0.311  0.000000
-0.310  0.000000
-0.309  0.000000
-0.308  0.000000
-0.307  0.000000
-0.306  0.000000
-0.305  0.000000
-0.304  0.000000
-0.303  0.000000
-0.302  0.000000
-0.301  0.000000
-0.300  0.000000
-0.299  0.000000
-0.298  0.000000
-0.297  0.000000
-0.296  0.000000
-0.295  0.000000
-0.294  0.000000
-0.293  0.000000
-0.292  0.000000
-0.291  0.000000
-0.290  0.000000
-0.289  0.000000
-0.288  0.000000
-0.287  0.000000
-0.286  0.000000
-0.285  0.000000
-0.284  0.000000
-0.283  0.000000
-0.282  0.000000
-0.281  0.000000
-0.280  0.000000
-0.279  0.000000
-0.278  0.000000
-0.277  0.000000
-0.276  0.000000
-0.275  0.000000
-0.274  0.000000
-0.273  0.000000
-0.272  0.000000
-0.271  0.000000
-0.270  0.000000
-0.269  0.000000
-0.268  0.000000
-0.267  0.000000
-0.266  0.000000
-0.265  0.000000
-0.264  0.000000
-0.263  0.000000
-0.262  0.000000
-0.261  0.000000
-0.260  0.000000
-0.259  0.000000
-0.258  0.000000
-0.257  0.000000
-0.256  1.215175
-0.255  0.763263
-0.254  0.600926
-0.253  0.522852
-0.252  1.191726
-0.251  1.225739
-0.250  1.309353
-0.249  1.299973
-0.248  1.356690
-0.247  1.542562
-0.246  1.257067
-0.245  1.184675
-0.244  1.142966
-0.243  1.110587
-0.242  1.088696
-0.241  1.179584
-0.240  1.220741
-0.239  1.269234
-0.238  1.285462
-0.237  1.300727
-0.236  1.306052
-0.235  1.354757
-0.234  1.361184
-0.233  1.367501
-0.232  1.378458
-0.231  1.384887
-0.230  1.395942
-0.229  1.403720
-0.228  1.412910
-0.227  1.423970
-0.226  1.433831
-0.225  1.441907
-0.224  1.452768
-0.223  1.463416
-0.222  1.474993
-0.221  1.484832
-0.220  1.492290
-0.219  1.506208
-0.218  1.517485
-0.217  1.529557
-0.216  1.541927
-0.215  1.554090
-0.214  1.565753
-0.213  1.579316
-0.212  1.592281
-0.211  1.604346
-0.210  1.619231
-0.209  1.635086
-0.208  1.648727
-0.207  1.663112
-0.206  1.679049
-0.205  1.695456
-0.204  1.710669
-0.203  1.728034
-0.202  1.745003
-0.201  1.762453
-0.200  1.780661
-0.199  1.799540
-0.198  1.819307
-0.197  1.840005
-0.196  1.860903
-0.195  1.882522
-0.194  1.905307
-0.193  1.928504
-0.192  1.953012
-0.191  1.978906
-0.190  2.005874
-0.189  2.033744
-0.188  2.062215
-0.187  2.092250
-0.186  2.124220
-0.185  2.158426
-0.184  2.194791
-0.183  2.232604
-0.182  2.273535
-0.181  2.316012
-0.180  2.361496
-0.179  2.410790
-0.178  2.464316
-0.177  2.521174
-0.176  2.583453
-0.175  2.652047
-0.174  2.728218
-0.173  2.815836
-0.172  2.911908
-0.171  3.024718
-0.170  3.158184
-0.169  3.319409
-0.168  3.528385
-0.167  3.814128
-0.166  4.290104
-0.165  6.016757
-0.164  4.485941
-0.163  3.962804
-0.162  3.680787
-0.161  3.478728
-0.160  3.329887
-0.159  3.210525
-0.158  3.106048
-0.157  3.022670
-0.156  2.943841
-0.155  2.879443
-0.154  2.820782
-0.153  2.764138
-0.152  2.715507
-0.151  2.670343
-0.150  2.629603
-0.149  2.591307
-0.148  2.554851
-0.147  2.523445
-0.146  2.491403
-0.145  2.463054
-0.144  2.435833
-0.143  2.407821
-0.142  2.384179
-0.141  2.359856
-0.140  2.336624
-0.139  2.317268
-0.138  2.298035
-0.137  2.278284
-0.136  2.260739
-0.135  2.241185
-0.134  2.226402
-0.133  2.210158
-0.132  2.196012
-0.131  2.181728
-0.130  2.166575
-0.129  2.154594
-0.128  2.141384
-0.127  2.127314
-0.126  2.118847
-0.125  2.106270
-0.124  2.095737
-0.123  2.085068
-0.122  2.075627
-0.121  2.066015
-0.120  2.057369
-0.119  2.049351
-0.118  2.039342
-0.117  2.031127
-0.116  2.025798
-0.115  2.018344
-0.114  2.010119
-0.113  2.006284
-0.112  1.993165
-0.111  1.996770
-0.110  2.002566
-0.109  1.985941
-0.108  1.974142
-0.107  1.965114
-0.106  1.954821
-0.105  1.966723
-0.104  1.962765
-0.103  1.958027
-0.102  1.957182
-0.101  1.954094
-0.100  1.952052
-0.099  1.951570
-0.098  1.946167
-0.097  1.947468
-0.096  1.945943
-0.095  1.946949
-0.094  1.947698
-0.093  1.950496
-0.092  1.948753
-0.091  1.952456
-0.090  1.954358
-0.089  1.959349
-0.088  1.961117
-0.087  1.924733
-0.086  1.963932
-0.085  1.992696
-0.084  1.987120
-0.083  1.996068
-0.082  2.006034
-0.081  2.017569
-0.080  2.033815
-0.079  2.050876
-0.078  2.075329
-0.077  2.101278
-0.076  2.135185
-0.075  2.186307
-0.074  2.263349
-0.073  2.440119
-0.072  2.422764
-0.071  2.256814
-0.070  2.162921
-0.069  2.104233
-0.068  2.060295
-0.067  2.024213
-0.066  1.993465
-0.065  1.965922
-0.064  1.941221
-0.063  1.919996
-0.062  1.897657
-0.061  1.880807
-0.060  1.863113
-0.059  1.847486
-0.058  1.830966
-0.057  1.818354
-0.056  1.804268
-0.055  1.791694
-0.054  1.779585
-0.053  1.768056
-0.052  1.755905
-0.051  1.745807
-0.050  1.733769
-0.049  1.722215
-0.048  1.717586
-0.047  1.703816
-0.046  1.693381
-0.045  1.690584
-0.044  1.568232
-0.043  1.576572
-0.042  1.585437
-0.041  1.596153
-0.040  1.609272
-0.039  1.622297
-0.038  1.641230
-0.037  1.667105
-0.036  1.700564
-0.035  1.784211
-0.034  1.773502
-0.033  1.692800
-0.032  1.652077
-0.031  1.618362
-0.030  1.589617
-0.029  1.565876
-0.028  1.543729
-0.027  1.521947
-0.026  1.502532
-0.025  1.480157
-0.024  1.462830
-0.023  1.441582
-0.022  1.425854
-0.021  1.514973
-0.020  1.511241
-0.019  1.505781
-0.018  1.503489
-0.017  1.496995
-0.016  1.489516
-0.015  1.484861
-0.014  1.476547
-0.013  1.419149
-0.012  1.425107
-0.011  1.437632
-0.010  1.144747
-0.009  1.164297
-0.008  1.181555
-0.007  1.201401
-0.006  1.221206
-0.005  1.244168
-0.004  1.267475
-0.003  1.295371
-0.002  1.337626
-0.001  1.421592
 0.000  1.377020
 0.001  1.362213
 0.002  1.356994
 0.003  1.363508
 0.004  1.372053
 0.005  1.385929
 0.006  1.406163
 0.007  1.429037
 0.008  1.465262
 0.009  1.512401
 0.010  1.631178
 0.011  1.839806
 0.012  1.848007
 0.013  1.685035
 0.014  1.591625
 0.015  1.532200
 0.016  0.993052
 0.017  0.997166
 0.018  1.012542
 0.019  1.046891
 0.020  1.099746
 0.021  1.199550
 0.022  1.515327
 0.023  0.907514
 0.024  0.704674
 0.025  0.757668
 0.026  0.751255
 0.027  0.762076
 0.028  0.768780
 0.029  0.778715
 0.030  0.790913
 0.031  0.799939
 0.032  0.816361
 0.033  0.828075
 0.034  0.842964
 0.035  0.858849
 0.036  0.872966
 0.037  0.890141
 0.038  0.909375
 0.039  0.925359
 0.040  0.949362
 0.041  0.969821
 0.042  0.996755
 0.043  1.024936
 0.044  1.060295
 0.045  1.105329
 0.046  1.198704
 0.047  1.170274
 0.048  1.074297
 0.049  1.025360
 0.050  0.996598
 0.051  1.176497
 0.052  1.303706
 0.053  1.392336
 0.054  1.685525
 0.055  1.637100
 0.056  1.466550
 0.057  1.464980
 0.058  1.390844
 0.059  1.354481
 0.060  1.325263
 0.061  1.300838
 0.062  1.280492
 0.063  1.267303
 0.064  1.251729
 0.065  1.239215
 0.066  1.227294
 0.067  1.218410
 0.068  1.208111
 0.069  1.176685
 0.070  1.170130
 0.071  1.171617
 0.072  1.174619
 0.073  1.174158
 0.074  1.181396
 0.075  1.226853
 0.076  1.194052
 0.077  1.170760
 0.078  1.157324
 0.079  1.139450
 0.080  1.122378
 0.081  1.112971
 0.082  1.103365
 0.083  1.089506
 0.084  1.079041
 0.085  1.066014
 0.086  1.099705
 0.087  1.099856
 0.088  1.098840
 0.089  1.115696
 0.090  1.089742
 0.091  0.891189
 0.092  0.904148
 0.093  0.918783
 0.094  0.937671
 0.095  0.961989
 0.096  0.985445
 0.097  1.009496
 0.098  1.057034
 0.099  1.122114
 0.100  1.186997
 0.101  1.117306
 0.102  1.091808
 0.103  1.074476
 0.104  1.064793
 0.105  1.055481
 0.106  1.049079
 0.107  1.042497
 0.108  1.036935
 0.109  1.031697
 0.110  1.026704
 0.111  1.022258
 0.112  1.017507
 0.113  1.015002
 0.114  1.009184
 0.115  1.007524
 0.116  1.001713
 0.117  1.000099
 0.118  0.994725
 0.119  0.991920
 0.120  0.988186
 0.121  0.984665
 0.122  0.983471
 0.123  0.976733
 0.124  0.976930
 0.125  0.970589
 0.126  0.970952
 0.127  0.963204
 0.128  0.962856
 0.129  0.959750
 0.130  0.958227
 0.131  0.933158
 0.132  0.933235
 0.133  0.937749
 0.134  0.936533
 0.135  0.943546
 0.136  0.944374
 0.137  0.951628
 0.138  0.956518
 0.139  0.977263
 0.140  0.975727
 0.141  0.949381
 0.142  0.940146
 0.143  0.927011
 0.144  0.918597
 0.145  0.911394
 0.146  0.902862
 0.147  0.895023
 0.148  0.889450
 0.149  0.882709
 0.150  0.874254
 0.151  0.868606
 0.152  0.862526
 0.153  0.892668
 0.154  0.889161
 0.155  0.889443
 0.156  0.883041
 0.157  0.881382
 0.158  0.878910
 0.159  0.877631
 0.160  0.873808
 0.161  0.873943
 0.162  0.868566
 0.163  0.863757
 0.164  0.864202
 0.165  0.860456
 0.166  0.860540
 0.167  0.858570
 0.168  0.854858
 0.169  0.850802
 0.170  0.850948
 0.171  0.843475
 0.172  0.848425
 0.173  0.842949
 0.174  0.842608
 0.175  0.837803
 0.176  0.838587
 0.177  0.831084
 0.178  0.829237
 0.179  0.827933
 0.180  0.824477
 0.181  0.823674
 0.182  0.822323
 0.183  0.824361
 0.184  0.816437
 0.185  0.819653
 0.186  0.813749
 0.187  0.810654
 0.188  0.812571
 0.189  0.804667
 0.190  0.808335
 0.191  0.804379
 0.192  0.796955
 0.193  0.802383
 0.194  0.794700
 0.195  0.794785
 0.196  0.795320
 0.197  0.786470
 0.198  0.790304
 0.199  0.785354
 0.200  0.786580
 0.201  0.778160
 0.202  0.783305
 0.203  0.773665
 0.204  0.774038
 0.205  0.806576
 0.206  0.792698
 0.207  0.780736
 0.208  0.760334
 0.209  0.762546
 0.210  0.750699
 0.211  0.747132
 0.212  0.752388
 0.213  0.763571
 0.214  0.753368
 0.215  0.756163
 0.216  0.753859
 0.217  0.744789
 0.218  0.752318
 0.219  0.739871
 0.220  0.713154
 0.221  0.722932
 0.222  0.725569
 0.223  0.728860
 0.224  0.768112
 0.225  0.763364
 0.226  0.796827
 0.227  0.762169
 0.228  0.741368
 0.229  0.718160
 0.230  0.712525
 0.231  0.697770
 0.232  0.679378
 0.233  0.719785
 0.234  0.520703
 0.235  0.567411
 0.236  0.578818
 0.237  0.595010
 0.238  0.621282
 0.239  0.679997
 0.240  0.726633
 0.241  0.958858
 0.242  0.792263
 0.243  0.757592
 0.244  0.741342
 0.245  0.731101
 0.246  0.724090
 0.247  0.718517
 0.248  0.714085
 0.249  0.710314
 0.250  0.706874
 0.251  0.703847
 0.252  0.700983
 0.253  0.698628
 0.254  0.696041
 0.255  0.693835
 0.256  0.691727
 0.257  0.689963
 0.258  0.687806
 0.259  0.685706
 0.260  0.683936
 0.261  0.681997
 0.262  0.680308
 0.263  0.678434
 0.264  0.676712
 0.265  0.675198
 0.266  0.673137
 0.267  0.671605
 0.268  0.669734
 0.269  0.668390
 0.270  0.667052
 0.271  0.665026
 0.272  0.663450
 0.273  0.662250
 0.274  0.660559
 0.275  0.658710
 0.276  0.657394
 0.277  0.655724
 0.278  0.654624
 0.279  0.652974
 0.280  0.651361
 0.281  0.650093
 0.282  0.648396
 0.283  0.647229
 0.284  0.645568
 0.285  0.644255
 0.286  0.642943
 0.287  0.641297
 0.288  0.640047
 0.289  0.638465
 0.290  0.637349
 0.291  0.636129
 0.292  0.634389
 0.293  0.633065
 0.294  0.631603
 0.295  0.630541
 0.296  0.629456
 0.297  0.627645
 0.298  0.626392
 0.299  0.624923
 0.300  0.623986
 0.301  0.622933
 0.302  0.621059
 0.303  0.619896
 0.304  0.618413
 0.305  0.617588
 0.306  0.616558
 0.307  0.614724
 0.308  0.613574
 0.309  0.612067
 0.310  0.611368
 0.311  0.610270
 0.312  0.608530
 0.313  0.607409
 0.314  0.605990
 0.315  0.605227
 0.316  0.604164
 0.317  0.602473
 0.318  0.601375
 0.319  0.600072
 0.320  0.599189
 0.321  0.598179
 0.322  0.596543
 0.323  0.595619
 0.324  0.594327
 0.325  0.593203
 0.326  0.592273
 0.327  0.590751
 0.328  0.590014
 0.329  0.588734
 0.330  0.587392
 0.331  0.586457
 0.332  0.585035
 0.333  0.584582
 0.334  0.583306
 0.335  0.581596
 0.336  0.580697
 0.337  0.579569
 0.338  0.578328
 0.339  0.577758
 0.340  0.576898
 0.341  0.575194
 0.342  0.574432
 0.343  0.573292
 0.344  0.572167
 0.345  0.571271
 0.346  0.569821
 0.347  0.569492
 0.348  0.568248
 0.349  0.566520
 0.350  0.565686
 0.351  0.564782
 0.352  0.563670
 0.353  0.562986
 0.354  0.562073
 0.355  0.560544
 0.356  0.560190
 0.357  0.559042
 0.358  0.557349
 0.359  0.556531
 0.360  0.555703
 0.361  0.554634
 0.362  0.553976
 0.363  0.553022
 0.364  0.551568
 0.365  0.550085
 0.366  0.550203
 0.367  0.548256
 0.368  0.547635
 0.369  0.547237
 0.370  0.546198
 0.371  0.544903
 0.372  0.543994
 0.373  0.543057
 0.374  0.542080
 0.375  0.541425
 0.376  0.540625
 0.377  0.539073
 0.378  0.537973
 0.379  0.537728
 0.380  0.537210
 0.381  0.535314
 0.382  0.534076
 0.383  0.533886
 0.384  0.533940
 0.385  0.529826
 0.386  0.530463
 0.387  0.531183
 0.388  0.532450
 0.389  0.528962
 0.390  0.527845
 0.391  0.525861
 0.392  0.523860
 0.393  0.521636
 0.394  0.520972
 0.395  0.522927
 0.396  0.522151
 0.397  0.521412
 0.398  0.521303
 0.399  0.519712
 0.400  0.518939
 0.401  0.516914
 0.402  0.517824
 0.403  0.516320
 0.404  0.515596
 0.405  0.515227
 0.406  0.514533
 0.407  0.512944
 0.408  0.512162
 0.409  0.512000
 0.410  0.509933
 0.411  0.509590
 0.412  0.508775
 0.413  0.508931
 0.414  0.507017
 0.415  0.506251
 0.416  0.505292
 0.417  0.505903
 0.418  0.503745
 0.419  0.503005
 0.420  0.503583
 0.421  0.501241
 0.422  0.500545
 0.423  0.499730
 0.424  0.500767
 0.425  0.498095
 0.426  0.497293
 0.427  0.496770
 0.428  0.495954
 0.429  0.494886
 0.430  0.494112
 0.431  0.496142
 0.432  0.492490
 0.433  0.491742
 0.434  0.491901
 0.435  0.490144
 0.436  0.489394
 0.437  0.488701
 0.438  0.489191
 0.439  0.487050
 0.440  0.486374
 0.441  0.490411
 0.442  0.484781
 0.443  0.484057
 0.444  0.485540
 0.445  0.482550
 0.446  0.481760
 0.447  0.482535
 0.448  0.480506
 0.449  0.479506
 0.450  0.479789
 0.451  0.479024
 0.452  0.477251
 0.453  0.477505
 0.454  0.477341
 0.455  0.475048
 0.456  0.475871
 0.457  0.475260
 0.458  0.472870
 0.459  0.475379
 0.460  0.472577
 0.461  0.470707
 0.462  0.476599
 0.463  0.469324
 0.464  0.468682
 0.465  0.468684
 0.466  0.467158
 0.467  0.466649
 0.468  0.466486
 0.469  0.465050
 0.470  0.472563
 0.471  0.467725
 0.472  0.463053
 0.473  0.462847
 0.474  0.461605
 0.475  0.469961
 0.476  0.464332
 0.477  0.459820
 0.478  0.459234
 0.479  0.458315
 0.480  0.457833
 0.481  0.471440
 0.482  0.459588
 0.483  0.455701
 0.484  0.455277
 0.485  0.454284
 0.486  0.454205
 0.487  0.452904
 0.488  0.477847
 0.489  0.451535
 0.490  0.451079
 0.491  0.450056
 0.492  0.449742
 0.493  0.448769
 0.494  0.448460
 0.495  0.447474
 0.496  0.447280
 0.497  0.446115
 0.498  0.446045
 0.499  0.444908
 0.500  0.443596
 0.501  0.443778
 0.502  0.458742
 0.503  0.442621
 0.504  0.442077
 0.505  0.440050
 0.506  0.445828
 0.507  0.446024
 0.508  0.438108
 0.509  0.442212
 0.510  0.451642
 0.511  0.436438
 0.512  0.435720
 0.513  0.445668
 0.514  0.433480
 0.515  0.432879
 0.516  0.432030
 0.517  0.431301
 0.518  0.438755
 0.519  0.442721
 0.520  0.444181
 0.521  0.445373
 0.522  0.437113
 0.523  0.421013
 0.524  0.403354
 0.525  0.407306
 0.526  0.423257
 0.527  0.434801
 0.528  0.457583
 0.529  0.437225
 0.530  0.432797
 0.531  0.431370
 0.532  0.429951
 0.533  0.429122
 0.534  0.428369
 0.535  0.427477
 0.536  0.426925
 0.537  0.426366
 0.538  0.425491
 0.539  0.424951
 0.540  0.424536
 0.541  0.423822
 0.542  0.423199
 0.543  0.422623
 0.544  0.422162
 0.545  0.421657
 0.546  0.420891
 0.547  0.420306
 0.548  0.419778
 0.549  0.419256
 0.550  0.418737
 0.551  0.418167
 0.552  0.417577
 0.553  0.417035
 0.554  0.416692
 0.555  0.416234
 0.556  0.415667
 0.557  0.415113
 0.558  0.414794
 0.559  0.413670
 0.560  0.412986
 0.561  0.414016
 0.562  0.409897
 0.563  0.226850
 0.564  0.226814
 0.565  0.226766
 0.566  0.226709
 0.567  0.226662
 0.568  0.226637
 0.569  0.226579
 0.570  0.226527
 0.571  0.226487
 0.572  0.226458
 0.573  0.226403
 0.574  0.226357
 0.575  0.226332
 0.576  0.226288
 0.577  0.226239
 0.578  0.226199
 0.579  0.226181
 0.580  0.226130
 0.581  0.226085
 0.582  0.226055
 0.583  0.226029
 0.584  0.225981
 0.585  0.225943
 0.586  0.225935
 0.587  0.225885
 0.588  0.225843
 0.589  0.225813
 0.590  0.225797
 0.591  0.225752
 0.592  0.225715
 0.593  0.225703
 0.594  0.225669
 0.595  0.225629
 0.596  0.225600
 0.597  0.225593
 0.598  0.225550
 0.599  0.225516
 0.600  0.225503
 0.601  0.225480
 0.602  0.225442
 0.603  0.225416
 0.604  0.225416
 0.605  0.225375
 0.606  0.225344
 0.607  0.225333
 0.608  0.225316
 0.609  0.225282
 0.610  0.225259
 0.611  0.225264
 0.612  0.225227
 0.613  0.225199
 0.614  0.225194
 0.615  0.225179
 0.616  0.225148
 0.617  0.225131
 0.618  0.225139
 0.619  0.225105
 0.620  0.225082
 0.621  0.225088
 0.622  0.225068
 0.623  0.225042
 0.624  0.225031
 0.625  0.225039
 0.626  0.225009
 0.627  0.224992
 0.628  0.225015
 0.629  0.224984
 0.630  0.224962
 0.631  0.224961
 0.632  0.224965
 0.633  0.224941
 0.634  0.224931
 0.635  0.224953
 0.636  0.224926
 0.637  0.224911
 0.638  0.224931
 0.639  0.224918
 0.640  0.224900
 0.641  0.224901
 0.642  0.224916
 0.643  0.224896
 0.644  0.224890
 0.645  0.224921
 0.646  0.224898
 0.647  0.224889
 0.648  0.224916
 0.649  0.224907
 0.650  0.224894
 0.651  0.224904
 0.652  0.224922
 0.653  0.224907
 0.654  0.224910
 0.655  0.224944
 0.656  0.224927
 0.657  0.224925
 0.658  0.224971
 0.659  0.224953
 0.660  0.224948
 0.661  0.224976
 0.662  0.224985
 0.663  0.224978
 0.664  0.224995
 0.665  0.225023
 0.666  0.225014
 0.667  0.225026
 0.668  0.225067
 0.669  0.225057
 0.670  0.225065
 0.671  0.225117
 0.672  0.225106
 0.673  0.225112
 0.674  0.225172
 0.675  0.225161
 0.676  0.225165
 0.677  0.225207
 0.678  0.225222
 0.679  0.225225
 0.680  0.225258
 0.681  0.225289
 0.682  0.225291
 0.683  0.225320
 0.684  0.225362
 0.685  0.225364
 0.686  0.225390
 0.687  0.225441
 0.688  0.225443
 0.689  0.225467
 0.690  0.225525
 0.691  0.225528
 0.692  0.225552
 0.693  0.225616
 0.694  0.225619
 0.695  0.225643
 0.696  0.225712
 0.697  0.225716
 0.698  0.225742
 0.699  0.225815
 0.700  0.225820
 0.701  0.225846
 0.702  0.225923
 0.703  0.225929
 0.704  0.225958
 0.705  0.226038
 0.706  0.226046
 0.707  0.226077
 0.708  0.226158
 0.709  0.226168
 0.710  0.226203
 0.711  0.226285
 0.712  0.226297
 0.713  0.226336
 0.714  0.226418
 0.715  0.226433
 0.716  0.226477
 0.717  0.226557
 0.718  0.226576
 0.719  0.226627
 0.720  0.226703
 0.721  0.226726
 0.722  0.226786
 0.723  0.226856
 0.724  0.226884
 0.725  0.226957
 0.726  0.227016
 0.727  0.227049
 0.728  0.227154
 0.729  0.227183
 0.730  0.227224
 0.731  0.227337
 0.732  0.227358
 0.733  0.227408
 0.734  0.227514
 0.735  0.227541
 0.736  0.227603
 0.737  0.227699
 0.738  0.227733
 0.739  0.227814
 0.740  0.227892
 0.741  0.227935
 0.742  0.228068
 0.743  0.228093
 0.744  0.228149
 0.745  0.228271
 0.746  0.228305
 0.747  0.228377
 0.748  0.228483
 0.749  0.228527
 0.750  0.228629
 0.751  0.228704
 0.752  0.228762
 0.753  0.228900
 0.754  0.228937
 0.755  0.229013
 0.756  0.229132
 0.757  0.229182
 0.758  0.229296
 0.759  0.229375
 0.760  0.229442
 0.761  0.229587
 0.762  0.229632
 0.763  0.229725
 0.764  0.229842
 0.765  0.229904
 0.766  0.230067
 0.767  0.230110
 0.768  0.230197
 0.769  0.230334
 0.770  0.230396
 0.771  0.230547
 0.772  0.230616
 0.773  0.230704
 0.774  0.230854
 0.775  0.230917
 0.776  0.231064
 0.777  0.231151
 0.778  0.231243
 0.779  0.231400
 0.780  0.231469
 0.781  0.231641
 0.782  0.231714
 0.783  0.231817
 0.784  0.231974
 0.785  0.232052
 0.786  0.232247
 0.787  0.232308
 0.788  0.232430
 0.789  0.232578
 0.790  0.232671
 0.791  0.232860
 0.792  0.232935
 0.793  0.233103
 0.794  0.233215
 0.795  0.233333
 0.796  0.233506
 0.797  0.233602
 0.798  0.233809
 0.799  0.233888
 0.800  0.234065
 0.801  0.234188
 0.802  0.234320
 0.803  0.234499
 0.804  0.234609
 0.805  0.234821
 0.806  0.234915
 0.807  0.235151
 0.808  0.235233
 0.809  0.235407
 0.810  0.235563
 0.811  0.235706
 0.812  0.235902
 0.813  0.236028
 0.814  0.236250
 0.815  0.236363
 0.816  0.236606
 0.817  0.236709
 0.818  0.236971
 0.819  0.237066
 0.820  0.237286
 0.821  0.237432
 0.822  0.237621
 0.823  0.237807
 0.824  0.237980
 0.825  0.238189
 0.826  0.238353
 0.827  0.238580
 0.828  0.238738
 0.829  0.238979
 0.830  0.239134
 0.831  0.239385
 0.832  0.239538
 0.833  0.239799
 0.834  0.239954
 0.835  0.240221
 0.836  0.240379
 0.837  0.240650
 0.838  0.240814
 0.839  0.241087
 0.840  0.241260
 0.841  0.241532
 0.842  0.241719
 0.843  0.241987
 0.844  0.242191
 0.845  0.242450
 0.846  0.242682
 0.847  0.242923
 0.848  0.243204
 0.849  0.243406
 0.850  0.243760
 0.851  0.243903
 0.852  0.244248
 0.853  0.244416
 0.854  0.244746
 0.855  0.244950
 0.856  0.245257
 0.857  0.245518
 0.858  0.245783
 0.859  0.246171
 0.860  0.246330
 0.861  0.246697
 0.862  0.246905
 0.863  0.247241
 0.864  0.247537
 0.865  0.247806
 0.866  0.248207
 0.867  0.248405
 0.868  0.248770
 0.869  0.249071
 0.870  0.249364
 0.871  0.249780
 0.872  0.250004
 0.873  0.250373
 0.874  0.250811
 0.875  0.251010
 0.876  0.251421
 0.877  0.251743
 0.878  0.252063
 0.879  0.252502
 0.880  0.252797
 0.881  0.253153
 0.882  0.253610
 0.883  0.253911
 0.884  0.254280
 0.885  0.254746
 0.886  0.255090
 0.887  0.255445
 0.888  0.255910
 0.889  0.256431
 0.890  0.256662
 0.891  0.257111
 0.892  0.257622
 0.893  0.257975
 0.894  0.258366
 0.895  0.258854
 0.896  0.259390
 0.897  0.259754
 0.898  0.260164
 0.899  0.260663
 0.900  0.261206
 0.901  0.261783
 0.902  0.262085
 0.903  0.262559
 0.904  0.263087
 0.905  0.263650
 0.906  0.264236
 0.907  0.264777
 0.908  0.265154
 0.909  0.265662
 0.910  0.266210
 0.911  0.266783
 0.912  0.267370
 0.913  0.267971
 0.914  0.268578
 0.915  0.269194
 0.916  0.269811
 0.917  0.270434
 0.918  0.271053
 0.919  0.271677
 0.920  0.272298
 0.921  0.272915
 0.922  0.273534
 0.923  0.274157
 0.924  0.274789
 0.925  0.275436
 0.926  0.276121
 0.927  0.276904
 0.928  0.277831
 0.929  0.278404
 0.930  0.279030
 0.931  0.279804
 0.932  0.280800
 0.933  0.281349
 0.934  0.282196
 0.935  0.283063
 0.936  0.283744
 0.937  0.284727
 0.938  0.285520
 0.939  0.286301
 0.940  0.287431
 0.941  0.288635
 0.942  0.289043
 0.943  0.289907
 0.944  0.290970
 0.945  0.292371
 0.946  0.292821
 0.947  0.294609
 0.948  0.294821
 0.949  0.296879
 0.950  0.296589
 0.951  0.297719
 0.952  0.296909
 0.953  0.000000
 0.954  0.000000
 0.955  0.000000
 0.956  0.000000
 0.957  0.000000
 0.958  0.000000
 0.959  0.000000
 0.960  0.000000
 0.961  0.000000
 0.962  0.000000
 0.963  0.000000
 0.964  0.000000
 0.965  0.000000
 0.966  0.000000
 0.967  0.000000
 0.968  0.000000
 0.969  0.000000
 0.970  0.000000
 0.971  0.000000
 0.972  0.000000
 0.973  0.000000
 0.974  0.000000
 0.975  0.000000
 0.976  0.000000
 0.977  0.000000
 0.978  0.000000
 0.979  0.000000
 0.980  0.000000
 0.981  0.000000
 0.982  0.000000
 0.983  0.000000
 0.984  0.000000
 0.985  0.000000
 0.986  0.000000
 0.987  0.000000
 0.988  0.000000
 0.989  0.000000
 0.990  0.000000
 0.991  0.000000
 0.992  0.000000
 0.993  0.000000
 0.994  0.000000
 0.995  0.000000
 0.996  0.000000
 0.997  0.000000
 0.998  0.000000
 0.999  0.000000
 1.000  0.000000
