-0.0400  0.867234
-0.0399  0.867836
-0.0398  0.868634
-0.0397  0.869280
-0.0396  0.869866
-0.0395  0.870406
-0.0394  0.870934
-0.0393  0.871438
-0.0392  0.871967
-0.0391  0.872463
-0.0390  0.872964
-0.0389  0.873460
-0.0388  0.873951
-0.0387  0.874437
-0.0386  0.875106
-0.0385  0.875965
-0.0384  0.876675
-0.0383  0.877351
-0.0382  0.877930
-0.0381  0.878481
-0.0380  0.879012
-0.0379  0.879527
-0.0378  0.880031
-0.0377  0.880527
-0.0376  0.881079
-0.0375  0.881607
-0.0374  0.882141
-0.0373  0.882978
-0.0372  0.883861
-0.0371  0.884576
-0.0370  0.885230
-0.0369  0.885860
-0.0368  0.886451
-0.0367  0.887024
-0.0366  0.887572
-0.0365  0.888097
-0.0364  0.888621
-0.0363  0.889115
-0.0362  0.889659
-0.0361  0.890204
-0.0360  0.891279
-0.0359  0.892121
-0.0358  0.892841
-0.0357  0.893514
-0.0356  0.894154
-0.0355  0.894770
-0.0354  0.895367
-0.0353  0.895953
-0.0352  0.896523
-0.0351  0.897074
-0.0350  0.897612
-0.0349  0.898148
-0.0348  0.899155
-0.0347  0.900119
-0.0346  0.900915
-0.0345  0.901650
-0.0344  0.902412
-0.0343  0.903150
-0.0342  0.903833
-0.0341  0.904446
-0.0340  0.905052
-0.0339  0.905644
-0.0338  0.906219
-0.0337  0.906773
-0.0336  0.907723
-0.0335  0.908691
-0.0334  0.909515
-0.0333  0.910276
-0.0332  0.911004
-0.0331  0.911694
-0.0330  0.912375
-0.0329  0.913036
-0.0328  0.913715
-0.0327  0.914400
-0.0326  0.915053
-0.0325  0.915690
-0.0324  0.916915
-0.0323  0.917969
-0.0322  0.918886
-0.0321  0.919698
-0.0320  0.920505
-0.0319  0.921255
-0.0318  0.921969
-0.0317  0.922667
-0.0316  0.923351
-0.0315  0.924015
-0.0314  0.924660
-0.0313  0.925579
-0.0312  0.926853
-0.0311  0.927874
-0.0310  0.928793
-0.0309  0.929623
-0.0308  0.930417
-0.0307  0.931180
-0.0306  0.931944
-0.0305  0.932697
-0.0304  0.933444
-0.0303  0.934177
-0.0302  0.934946
-0.0301  0.936410
-0.0300  0.937530
-0.0299  0.938493
-0.0298  0.939399
-0.0297  0.940259
-0.0296  0.941127
-0.0295  0.942003
-0.0294  0.942822
-0.0293  0.943675
-0.0292  0.944466
-0.0291  0.945267
-0.0290  0.946880
-0.0289  0.948113
-0.0288  0.949186
-0.0287  0.950195
-0.0286  0.951150
-0.0285  0.952052
-0.0284  0.952934
-0.0283  0.953802
-0.0282  0.954679
-0.0281  0.955468
-0.0280  0.956600
-0.0279  0.958189
-0.0278  0.959455
-0.0277  0.960621
-0.0276  0.961677
-0.0275  0.962705
-0.0274  0.963702
-0.0273  0.964641
-0.0272  0.965561
-0.0271  0.966471
-0.0270  0.967350
-0.0269  0.969143
-0.0268  0.970649
-0.0267  0.971950
-0.0266  0.973187
-0.0265  0.974333
-0.0264  0.975438
-0.0263  0.976577
-0.0262  0.977695
-0.0261  0.978699
-0.0260  0.979674
-0.0259  0.981592
-0.0258  0.983262
-0.0257  0.984656
-0.0256  0.985942
-0.0255  0.987156
-0.0254  0.988324
-0.0253  0.989438
-0.0252  0.990488
-0.0251  0.991522
-0.0250  0.992624
-0.0249  0.994973
-0.0248  0.996700
-0.0247  0.998307
-0.0246  0.999736
-0.0245  1.001100
-0.0244  1.002421
-0.0243  1.003685
-0.0242  1.004959
-0.0241  1.006141
-0.0240  1.008315
-0.0239  1.010500
-0.0238  1.012243
-0.0237  1.013842
-0.0236  1.015376
-0.0235  1.016782
-0.0234  1.018157
-0.0233  1.019513
-0.0232  1.020808
-0.0231  1.023357
-0.0230  1.025767
-0.0229  1.027732
-0.0228  1.029489
-0.0227  1.031135
-0.0226  1.032750
-0.0225  1.034280
-0.0224  1.035728
-0.0223  1.037328
-0.0222  1.040612
-0.0221  1.042958
-0.0220  1.045013
-0.0219  1.046942
-0.0218  1.048758
-0.0217  1.050472
-0.0216  1.052139
-0.0215  1.053859
-0.0214  1.057484
-0.0213  1.060324
-0.0212  1.062735
-0.0211  1.064984
-0.0210  1.067061
-0.0209  1.069042
-0.0208  1.071000
-0.0207  1.073245
-0.0206  1.077388
-0.0205  1.080313
-0.0204  1.083023
-0.0203  1.085439
-0.0202  1.087790
-0.0201  1.089989
-0.0200  1.092064
-0.0199  1.096710
-0.0198  1.100478
-0.0197  1.103501
-0.0196  1.106357
-0.0195  1.108976
-0.0194  1.111511
-0.0193  1.113992
-0.0192  1.119661
-0.0191  1.123689
-0.0190  1.127275
-0.0189  1.130511
-0.0188  1.133545
-0.0187  1.136412
-0.0186  1.141731
-0.0185  1.147277
-0.0184  1.151632
-0.0183  1.155607
-0.0182  1.159248
-0.0181  1.162673
-0.0180  1.169635
-0.0179  1.175728
-0.0178  1.180619
-0.0177  1.185129
-0.0176  1.189255
-0.0175  1.195137
-0.0174  1.203773
-0.0173  1.209875
-0.0172  1.215325
-0.0171  1.220273
-0.0170  1.227920
-0.0169  1.237904
-0.0168  1.245257
-0.0167  1.251848
-0.0166  1.257873
-0.0165  1.271588
-0.0164  1.281480
-0.0163  1.289932
-0.0162  1.297078
-0.0161  1.314745
-0.0160  1.326678
-0.0159  1.336595
-0.0158  1.353339
-0.0157  1.371685
-0.0156  1.384636
-0.0155  1.406287
-0.0154  1.429416
-0.0153  1.446540
-0.0152  1.483146
-0.0151  1.508563
-0.0150  1.554768
-0.0149  1.590855
-0.0148  1.662200
-0.0147  1.747517
-0.0146  1.874506
-0.0145  2.175626
-0.0144  2.111771
-0.0143  1.894985
-0.0142  1.793922
-0.0141  1.751506
-0.0140  1.675863
-0.0139  1.657161
-0.0138  1.639951
-0.0137  1.592316
-0.0136  1.579198
-0.0135  1.561342
-0.0134  1.538817
-0.0133  1.525559
-0.0132  1.515129
-0.0131  1.499722
-0.0130  1.489394
-0.0129  1.478736
-0.0128  1.467734
-0.0127  1.459526
-0.0126  1.450862
-0.0125  1.444862
-0.0124  1.434752
-0.0123  1.428249
-0.0122  1.423305
-0.0121  1.415658
-0.0120  1.410800
-0.0119  1.403619
-0.0118  1.398042
-0.0117  1.396174
-0.0116  1.390439
-0.0115  1.383271
-0.0114  1.378089
-0.0113  1.375038
-0.0112  1.373216
-0.0111  1.368418
-0.0110  1.363258
-0.0109  1.357089
-0.0108  1.357823
-0.0107  1.353281
-0.0106  1.348525
-0.0105  1.345201
-0.0104  1.343043
-0.0103  1.342623
-0.0102  1.336217
-0.0101  1.331578
-0.0100  1.333605
-0.0099  1.330973
-0.0098  1.324826
-0.0097  1.321721
-0.0096  1.323785
-0.0095  1.316923
-0.0094  1.313942
-0.0093  1.317385
-0.0092  1.308563
-0.0091  1.312622
-0.0090  1.303934
-0.0089  1.304365
-0.0088  1.319392
-0.0087  1.162547
-0.0086  1.058587
-0.0085  1.057505
-0.0084  1.056808
-0.0083  1.056176
-0.0082  1.055559
-0.0081  1.054912
-0.0080  1.054264
-0.0079  1.052982
-0.0078  1.052272
-0.0077  1.051716
-0.0076  1.051270
-0.0075  1.050798
-0.0074  1.050452
-0.0073  1.050124
-0.0072  1.049268
-0.0071  1.048280
-0.0070  1.047885
-0.0069  1.047519
-0.0068  1.047163
-0.0067  1.046807
-0.0066  1.046455
-0.0065  1.045772
-0.0064  1.044829
-0.0063  1.044054
-0.0062  1.043680
-0.0061  1.043298
-0.0060  1.042930
-0.0059  1.042666
-0.0058  1.042447
-0.0057  1.041687
-0.0056  1.040914
-0.0055  1.040343
-0.0054  1.040026
-0.0053  1.039708
-0.0052  1.039426
-0.0051  1.039120
-0.0050  1.038596
-0.0049  1.037962
-0.0048  1.037197
-0.0047  1.036790
-0.0046  1.036533
-0.0045  1.036264
-0.0044  1.036139
-0.0043  1.036041
-0.0042  1.035571
-0.0041  1.035048
-0.0040  1.034285
-0.0039  1.033892
-0.0038  1.033683
-0.0037  1.033460
-0.0036  1.033208
-0.0035  1.032941
-0.0034  1.032391
-0.0033  1.031805
-0.0032  1.031042
-0.0031  1.030576
-0.0030  1.030396
-0.0029  1.030418
-0.0028  1.030352
-0.0027  1.030179
-0.0026  1.029759
-0.0025  1.029187
-0.0024  1.028471
-0.0023  1.027968
-0.0022  1.027773
-0.0021  1.027638
-0.0020  1.027446
-0.0019  1.027218
-0.0018  1.026953
-0.0017  1.026317
-0.0016  1.025660
-0.0015  1.025262
-0.0014  1.025334
-0.0013  1.025290
-0.0012  1.025185
-0.0011  1.025041
-0.0010  1.024841
-0.0009  1.024424
-0.0008  1.023830
-0.0007  1.023102
-0.0006  1.022934
-0.0005  1.022746
-0.0004  1.022522
-0.0003  1.022277
-0.0002  1.021993
-0.0001  1.021951
 0.0000  1.021591
 0.0001  1.020858
 0.0002  1.020780
 0.0003  1.020641
 0.0004  1.020477
 0.0005  1.020327
 0.0006  1.020149
 0.0007  1.019962
 0.0008  1.019683
 0.0009  1.018745
 0.0010  1.018505
 0.0011  1.018351
 0.0012  1.018322
 0.0013  1.018526
 0.0014  1.018565
 0.0015  1.018467
 0.0016  1.018274
 0.0017  1.017841
 0.0018  1.017219
 0.0019  1.017115
 0.0020  1.017004
 0.0021  1.016865
 0.0022  1.016706
 0.0023  1.016497
 0.0024  1.016229
 0.0025  1.015901
 0.0026  1.015635
 0.0027  1.015796
 0.0028  1.015822
 0.0029  1.015865
 0.0030  1.015802
 0.0031  1.015684
 0.0032  1.015516
 0.0033  1.015195
 0.0034  1.014680
 0.0035  1.014462
 0.0036  1.014458
 0.0037  1.014272
 0.0038  1.014344
 0.0039  1.014740
 0.0040  1.014926
 0.0041  1.014947
 0.0042  1.014779
 0.0043  1.014268
 0.0044  1.014455
 0.0045  1.014605
 0.0046  1.014535
 0.0047  1.014475
 0.0048  1.014416
 0.0049  1.014279
 0.0050  1.014127
 0.0051  1.014268
 0.0052  1.014406
 0.0053  1.014787
 0.0054  1.015082
 0.0055  1.015320
 0.0056  1.015264
 0.0057  1.015267
 0.0058  1.015213
 0.0059  1.015050
 0.0060  1.014452
 0.0061  1.014493
 0.0062  1.014924
 0.0063  1.015893
 0.0064  1.016558
 0.0065  1.017022
 0.0066  1.017172
 0.0067  1.017312
 0.0068  1.017292
 0.0069  1.016913
 0.0070  1.017268
 0.0071  1.017569
 0.0072  1.017836
 0.0073  1.018266
 0.0074  1.019376
 0.0075  1.020201
 0.0076  1.020508
 0.0077  1.020705
 0.0078  1.020639
 0.0079  1.021194
 0.0080  1.021712
 0.0081  1.022194
 0.0082  1.022632
 0.0083  1.023029
 0.0084  1.024175
 0.0085  1.025495
 0.0086  1.025978
 0.0087  1.026253
 0.0088  1.027102
 0.0089  1.027891
 0.0090  1.028682
 0.0091  1.029369
 0.0092  1.030043
 0.0093  1.030678
 0.0094  1.032434
 0.0095  1.034105
 0.0096  1.034884
 0.0097  1.036208
 0.0098  1.037448
 0.0099  1.038637
 0.0100  1.039771
 0.0101  1.040857
 0.0102  1.041885
 0.0103  1.044488
 0.0104  1.046996
 0.0105  1.048537
 0.0106  1.050488
 0.0107  1.052299
 0.0108  1.054102
 0.0109  1.055863
 0.0110  1.057584
 0.0111  1.061342
 0.0112  1.065355
 0.0113  1.068448
 0.0114  1.070939
 0.0115  1.074090
 0.0116  1.077228
 0.0117  1.080191
 0.0118  1.086169
 0.0119  1.092899
 0.0120  1.098787
 0.0121  1.104482
 0.0122  1.110209
 0.0123  1.115831
 0.0124  1.127839
 0.0125  1.142220
 0.0126  1.156275
 0.0127  1.171984
 0.0128  1.203176
 0.0129  1.266469
 0.0130  1.296751
 0.0131  1.242116
 0.0132  1.195885
 0.0133  1.164445
 0.0134  1.145852
 0.0135  1.130774
 0.0136  1.117728
 0.0137  1.107084
 0.0138  1.099341
 0.0139  1.089380
 0.0140  1.082759
 0.0141  1.077140
 0.0142  1.068738
 0.0143  1.063344
 0.0144  1.058833
 0.0145  1.052152
 0.0146  1.047964
 0.0147  1.044557
 0.0148  1.039473
 0.0149  1.034416
 0.0150  1.031116
 0.0151  1.027737
 0.0152  1.022912
 0.0153  1.018665
 0.0154  1.015833
 0.0155  1.013323
 0.0156  1.010228
 0.0157  1.005942
 0.0158  1.003042
 0.0159  1.000870
 0.0160  0.998153
 0.0161  0.994585
 0.0162  0.990316
 0.0163  0.988054
 0.0164  0.986124
 0.0165  0.983987
 0.0166  0.981294
 0.0167  0.977834
 0.0168  0.975511
 0.0169  0.973717
 0.0170  0.971688
 0.0171  0.969093
 0.0172  0.965770
 0.0173  0.963019
 0.0174  0.961224
 0.0175  0.959659
 0.0176  0.957826
 0.0177  0.955839
 0.0178  0.953491
 0.0179  0.950692
 0.0180  0.948735
 0.0181  0.947005
 0.0182  0.944857
 0.0183  0.943070
 0.0184  0.941150
 0.0185  0.938606
 0.0186  0.936404
 0.0187  0.935057
 0.0188  0.933584
 0.0189  0.932049
 0.0190  0.930314
 0.0191  0.928329
 0.0192  0.925544
 0.0193  0.923577
 0.0194  0.922114
 0.0195  0.920761
 0.0196  0.919367
 0.0197  0.917858
 0.0198  0.916246
 0.0199  0.914450
 0.0200  0.911992
 0.0201  0.910253
 0.0202  0.908597
 0.0203  0.907328
 0.0204  0.906135
 0.0205  0.904746
 0.0206  0.903137
 0.0207  0.901509
 0.0208  0.899262
 0.0209  0.897654
 0.0210  0.896482
 0.0211  0.895226
 0.0212  0.893720
 0.0213  0.892114
 0.0214  0.890913
 0.0215  0.889626
 0.0216  0.888154
 0.0217  0.885975
 0.0218  0.884527
 0.0219  0.883398
 0.0220  0.882199
 0.0221  0.880950
 0.0222  0.879581
 0.0223  0.877861
 0.0224  0.876576
 0.0225  0.875257
 0.0226  0.873474
 0.0227  0.872088
 0.0228  0.871079
 0.0229  0.869943
 0.0230  0.868838
 0.0231  0.867649
 0.0232  0.866390
 0.0233  0.864942
 0.0234  0.863213
 0.0235  0.861932
 0.0236  0.860195
 0.0237  0.859011
 0.0238  0.858134
 0.0239  0.857229
 0.0240  0.856106
 0.0241  0.854949
 0.0242  0.853790
 0.0243  0.852528
 0.0244  0.851099
 0.0245  0.849578
 0.0246  0.848342
 0.0247  0.846841
 0.0248  0.845789
 0.0249  0.844934
 0.0250  0.844045
 0.0251  0.843127
 0.0252  0.841949
 0.0253  0.840773
 0.0254  0.839535
 0.0255  0.838103
 0.0256  0.836713
 0.0257  0.835646
 0.0258  0.834179
 0.0259  0.833150
 0.0260  0.832354
 0.0261  0.831532
 0.0262  0.830674
 0.0263  0.829808
 0.0264  0.828497
 0.0265  0.827322
 0.0266  0.826001
 0.0267  0.824686
 0.0268  0.823696
 0.0269  0.822571
 0.0270  0.821199
 0.0271  0.820249
 0.0272  0.819460
 0.0273  0.818657
 0.0274  0.817835
 0.0275  0.816969
 0.0276  0.815736
 0.0277  0.814518
 0.0278  0.813174
 0.0279  0.812318
 0.0280  0.811415
 0.0281  0.810405
 0.0282  0.809209
 0.0283  0.807939
 0.0284  0.807198
 0.0285  0.806456
 0.0286  0.805696
 0.0287  0.804861
 0.0288  0.803615
 0.0289  0.802175
 0.0290  0.801396
 0.0291  0.800573
 0.0292  0.799700
 0.0293  0.798786
 0.0294  0.797829
 0.0295  0.796782
 0.0296  0.795567
 0.0297  0.794704
 0.0298  0.793933
 0.0299  0.793128
 0.0300  0.791839
 0.0301  0.790691
 0.0302  0.789965
 0.0303  0.789217
 0.0304  0.788451
 0.0305  0.787661
 0.0306  0.786825
 0.0307  0.785952
 0.0308  0.785029
 0.0309  0.783998
 0.0310  0.782754
 0.0311  0.781836
 0.0312  0.780491
 0.0313  0.779752
 0.0314  0.779096
 0.0315  0.778409
 0.0316  0.777705
 0.0317  0.776978
 0.0318  0.776220
 0.0319  0.775430
 0.0320  0.774609
 0.0321  0.773751
 0.0322  0.772818
 0.0323  0.771793
 0.0324  0.770122
 0.0325  0.769085
 0.0326  0.768407
 0.0327  0.767765
 0.0328  0.767096
 0.0329  0.766417
 0.0330  0.765728
 0.0331  0.765025
 0.0332  0.764288
 0.0333  0.763524
 0.0334  0.762723
 0.0335  0.761869
 0.0336  0.760726
 0.0337  0.759763
 0.0338  0.758961
 0.0339  0.758098
 0.0340  0.757065
 0.0341  0.756319
 0.0342  0.755695
 0.0343  0.755028
 0.0344  0.754350
 0.0345  0.753654
 0.0346  0.752928
 0.0347  0.752169
 0.0348  0.751281
 0.0349  0.750295
 0.0350  0.749577
 0.0351  0.748831
 0.0352  0.748078
 0.0353  0.747336
 0.0354  0.746570
 0.0355  0.745746
 0.0356  0.744759
 0.0357  0.743826
 0.0358  0.743144
 0.0359  0.742433
 0.0360  0.741672
 0.0361  0.740738
 0.0362  0.740122
 0.0363  0.739498
 0.0364  0.738855
 0.0365  0.738184
 0.0366  0.737504
 0.0367  0.736805
 0.0368  0.736170
 0.0369  0.735453
 0.0370  0.734706
 0.0371  0.733921
 0.0372  0.733064
 0.0373  0.732010
 0.0374  0.731007
 0.0375  0.730409
 0.0376  0.729803
 0.0377  0.729190
 0.0378  0.728560
 0.0379  0.727921
 0.0380  0.727249
 0.0381  0.726540
 0.0382  0.725875
 0.0383  0.725194
 0.0384  0.724478
 0.0385  0.723728
 0.0386  0.722875
 0.0387  0.722215
 0.0388  0.721534
 0.0389  0.720822
 0.0390  0.720057
 0.0391  0.719096
 0.0392  0.718382
 0.0393  0.717779
 0.0394  0.717164
 0.0395  0.716545
 0.0396  0.715954
 0.0397  0.715338
 0.0398  0.714663
 0.0399  0.713961
 0.0400  0.713368
