-0.400  0.000000
-0.399  0.000000
-0.398  0.000000
-0.397  0.000000
-0.396  0.000000
-0.395  0.000000
-0.394  0.000000
-0.393  0.000000
-0.392  0.000000
-0.391  0.000000
-0.390  0.000000
-0.389  0.000000
-0.388  0.000000
-0.387  0.000000
-0.386  0.000000
-0.385  0.000000
-0.384  0.000000
-0.383  0.000000
-0.382  0.000000
-0.381  0.000000
-0.380  0.000000
-0.379  0.000000
-0.378  0.000000
-0.377  0.000000
-0.376  0.000000
-0.375  0.000000
-0.374  0.000000
-0.373  0.000000
-0.372  0.000000
-0.371  0.000000
-0.370  0.000000
-0.369  0.000000
-0.368  0.000000
-0.367  0.000000
-0.366  0.000000
-0.365  0.000000
-0.364  0.000000
-0.363  0.000000
-0.362  0.000000
-0.361  0.000000
-0.360  0.000000
-0.359  0.000000
-0.358  0.000000
-0.357  0.000000
-0.356  0.000000
-0.355  0.000000
-0.354  0.000000
-0.353  0.000000
-0.352  0.000000
-0.351  0.000000
-0.350  0.000000
-0.349  0.000000
-0.348  0.000000
-0.347  0.000000
-0.346  0.000000
-0.345  0.000000
-0.344  0.000000
-0.343  0.000000
-0.342  0.000000
-0.341  0.000000
-0.340  0.000000
-0.339  0.000000
-0.338  0.000000
-0.337  0.000000
-0.336  0.000000
-0.335  0.000000
-0.334  0.000000
-0.333  0.000000
-0.332  0.000000
-0.331  0.000000
-0.330  0.000000
-0.329  0.000000
-0.328  0.000000
-0.327  0.000000
-0.326  0.000000
-0.325  0.000000
-0.324  0.000000
-0.323  0.000000
-0.322  0.000000
-0.321  0.000000
-0.320  0.000000
-0.319  0.000000
-0.318  0.000000
-0.317  0.000000
-0.316  0.000000
-0.315  0.000000
-0.314  0.000000
-0.313  0.000000
-0.312  0.000000
-0.311  0.000000
-0.310  0.000000
-0.309  0.000000
-0.308  0.000000
-0.307  0.000000
-0.306  0.000000
-0.305  0.000000
-0.304  0.000000
-0.303  0.000000
-0.302  0.000000
-0.301  0.000000
-0.300  0.000000
-0.299  0.000000
-0.298  0.000000
-0.297  0.000000
-0.296  0.000000
-0.295  0.000000
-0.294  0.000000
-0.293  0.000000
-0.292  0.000000
-0.291  0.000000
-0.290  0.000000
-0.289  0.000000
-0.288  0.000000
-0.287  0.000000
-0.286  0.000000
-0.285  0.000000
-0.284  0.000000
-0.283  0.000000
-0.282  0.000000
-0.281  0.000000
-0.280  0.000000
-0.279  0.000000
-0.278  0.000000
-0.277  0.000000
-0.276  0.000000
-0.275  0.000000
-0.274  0.000000
-0.273  0.000000
-0.272  0.000000
-0.271  0.389823
-0.270  0.375100
-0.269  0.364704
-0.268  0.357119
-0.267  0.351763
-0.266  0.347928
-0.265  0.345996
-0.264  0.344174
-0.263  0.344134
-0.262  0.344772
-0.261  0.345226
-0.260  0.346520
-0.259  0.348252
-0.258  0.350436
-0.257  0.352354
-0.256  0.354395
-0.255  0.356557
-0.254  2.833633
-0.253  1.512763
-0.252  1.163484
-0.251  1.449212
-0.250  1.320924
-0.249  1.254545
-0.248  1.215542
-0.247  1.179406
-0.246  1.158216
-0.245  1.139938
-0.244  1.128778
-0.243  1.116943
-0.242  1.109235
-0.241  1.103673
-0.240  1.100570
-0.239  1.097345
-0.238  1.094383
-0.237  1.095298
-0.236  1.094764
-0.235  1.096678
-0.234  1.205550
-0.233  1.219575
-0.232  1.230588
-0.231  1.245037
-0.230  1.260874
-0.229  1.275141
-0.228  1.292531
-0.227  1.310269
-0.226  1.330508
-0.225  1.350414
-0.224  1.370869
-0.223  1.392631
-0.222  1.415014
-0.221  1.436661
-0.220  1.459028
-0.219  1.481345
-0.218  1.503501
-0.217  1.525444
-0.216  1.763505
-0.215  1.786796
-0.214  1.810353
-0.213  1.831021
-0.212  1.855571
-0.211  1.878703
-0.210  1.903753
-0.209  1.933237
-0.208  1.959704
-0.207  1.989647
-0.206  2.021208
-0.205  2.053271
-0.204  2.088678
-0.203  2.125895
-0.202  2.164246
-0.201  2.205684
-0.200  2.249988
-0.199  2.298206
-0.198  2.349598
-0.197  2.404952
-0.196  2.465893
-0.195  2.533444
-0.194  2.605142
-0.193  2.686705
-0.192  2.779401
-0.191  2.883773
-0.190  3.002132
-0.189  3.141919
-0.188  3.310448
-0.187  3.519138
-0.186  3.790243
-0.185  4.174819
-0.184  4.830016
-0.183  7.844231
-0.182  5.086772
-0.181  4.449859
-0.180  4.103237
-0.179  3.862920
-0.178  3.679702
-0.177  3.531306
-0.176  3.408266
-0.175  3.300345
-0.174  3.211272
-0.173  3.127543
-0.172  3.055805
-0.171  2.991415
-0.170  2.930158
-0.169  2.875254
-0.168  2.826295
-0.167  2.779494
-0.166  2.736846
-0.165  2.695963
-0.164  2.658835
-0.163  2.622628
-0.162  2.590624
-0.161  2.558645
-0.160  2.530046
-0.159  2.503725
-0.158  2.477761
-0.157  2.451364
-0.156  2.271018
-0.155  2.261529
-0.154  2.252789
-0.153  2.245667
-0.152  2.238337
-0.151  2.230663
-0.150  2.223539
-0.149  2.217112
-0.148  2.211157
-0.147  2.206647
-0.146  2.203405
-0.145  2.199437
-0.144  2.195130
-0.143  2.191655
-0.142  2.188978
-0.141  2.188077
-0.140  2.187175
-0.139  2.186659
-0.138  2.188881
-0.137  2.190643
-0.136  2.194653
-0.135  2.201007
-0.134  2.212329
-0.133  2.231397
-0.132  2.275933
-0.131  2.354431
-0.130  2.195799
-0.129  2.138214
-0.128  2.084154
-0.127  2.064279
-0.126  2.064225
-0.125  2.060142
-0.124  2.054856
-0.123  2.051769
-0.122  2.049131
-0.121  2.045100
-0.120  2.042089
-0.119  2.041391
-0.118  2.038797
-0.117  2.036390
-0.116  2.035523
-0.115  1.926484
-0.114  1.938937
-0.113  1.951583
-0.112  1.966002
-0.111  1.983229
-0.110  2.003410
-0.109  2.028245
-0.108  2.063252
-0.107  2.132958
-0.106  2.123706
-0.105  2.100948
-0.104  2.094436
-0.103  2.093445
-0.102  2.097589
-0.101  2.102926
-0.100  2.109856
-0.099  2.117881
-0.098  2.127211
-0.097  2.138292
-0.096  2.151133
-0.095  2.168295
-0.094  2.183665
-0.093  2.200634
-0.092  2.221363
-0.091  2.245865
-0.090  2.269270
-0.089  2.295534
-0.088  2.329180
-0.087  1.717450
-0.086  1.750800
-0.085  1.787569
-0.084  1.827476
-0.083  1.872100
-0.082  1.921893
-0.081  1.980275
-0.080  2.048344
-0.079  2.133958
-0.078  2.253946
-0.077  2.561615
-0.076  2.385669
-0.075  2.364465
-0.074  2.427261
-0.073  2.546204
-0.072  2.780585
-0.071  3.369268
-0.070  3.109143
-0.069  2.494983
-0.068  2.183860
-0.067  1.975229
-0.066  1.824585
-0.065  1.705262
-0.064  1.611453
-0.063  1.535010
-0.062  1.472830
-0.061  1.418488
-0.060  1.372658
-0.059  1.333261
-0.058  1.299402
-0.057  1.268475
-0.056  1.240555
-0.055  1.218523
-0.054  1.195747
-0.053  0.876476
-0.052  0.884595
-0.051  0.893102
-0.050  0.902058
-0.049  0.911657
-0.048  0.921603
-0.047  0.932437
-0.046  0.944608
-0.045  0.957980
-0.044  0.972312
-0.043  0.987782
-0.042  1.004177
-0.041  1.025650
-0.040  1.047689
-0.039  1.075753
-0.038  1.106185
-0.037  1.148095
-0.036  1.202006
-0.035  1.287529
-0.034  1.428455
-0.033  2.288453
-0.032  1.751526
-0.031  1.569927
-0.030  1.482874
-0.029  1.030728
-0.028  1.013892
-0.027  1.001379
-0.026  0.991751
-0.025  0.984313
-0.024  0.978255
-0.023  0.973394
-0.022  0.969724
-0.021  0.966631
-0.020  0.964074
-0.019  0.962060
-0.018  0.959913
-0.017  0.958467
-0.016  0.957348
-0.015  0.955961
-0.014  0.955680
-0.013  0.955173
-0.012  0.954442
-0.011  0.954347
-0.010  0.954103
-0.009  0.953949
-0.008  0.954163
-0.007  0.954531
-0.006  0.954990
-0.005  0.955378
-0.004  0.955934
-0.003  0.957113
-0.002  0.958258
-0.001  0.959355
 0.000  0.961311
 0.001  0.963447
 0.002  0.965827
 0.003  0.968766
 0.004  0.971700
 0.005  0.976384
 0.006  0.982129
 0.007  0.988694
 0.008  0.997498
 0.009  1.008727
 0.010  1.023995
 0.011  1.051261
 0.012  1.097211
 0.013  1.185979
 0.014  1.062438
 0.015  1.016166
 0.016  0.986824
 0.017  0.965838
 0.018  0.946450
 0.019  0.931228
 0.020  0.917076
 0.021  0.903535
 0.022  0.892256
 0.023  0.881625
 0.024  0.871267
 0.025  0.862016
 0.026  0.853518
 0.027  0.845021
 0.028  0.837147
 0.029  0.828940
 0.030  0.821188
 0.031  0.814625
 0.032  0.807320
 0.033  0.800459
 0.034  0.794216
 0.035  0.787558
 0.036  0.781301
 0.037  0.775610
 0.038  0.769299
 0.039  0.763463
 0.040  0.758186
 0.041  0.752264
 0.042  0.747240
 0.043  0.741621
 0.044  0.736632
 0.045  0.731428
 0.046  0.726155
 0.047  0.721318
 0.048  0.716412
 0.049  0.711351
 0.050  0.706783
 0.051  0.701915
 0.052  0.697009
 0.053  0.692443
 0.054  0.687730
 0.055  0.683000
 0.056  0.678565
 0.057  0.673479
 0.058  0.669170
 0.059  0.664375
 0.060  0.659737
 0.061  0.655196
 0.062  0.650617
 0.063  0.645868
 0.064  0.641454
 0.065  0.636823
 0.066  0.632231
 0.067  0.628150
 0.068  0.623402
 0.069  0.619519
 0.070  0.615435
 0.071  0.611096
 0.072  0.607840
 0.073  0.604220
 0.074  0.600987
 0.075  0.598305
 0.076  0.595647
 0.077  0.593603
 0.078  0.592103
 0.079  0.590964
 0.080  0.591780
 0.081  0.592037
 0.082  0.594705
 0.083  0.596662
 0.084  0.610572
 0.085  0.523737
 0.086  1.100781
 0.087  1.185763
 0.088  1.281453
 0.089  1.447032
 0.090  1.981289
 0.091  1.505821
 0.092  1.298480
 0.093  1.188768
 0.094  1.115268
 0.095  1.060204
 0.096  1.019955
 0.097  0.988549
 0.098  0.962611
 0.099  0.945212
 0.100  0.931469
 0.101  0.927477
 0.102  0.930053
 0.103  0.954824
 0.104  1.053674
 0.105  1.077287
 0.106  0.953350
 0.107  0.885747
 0.108  0.838977
 0.109  0.798408
 0.110  0.764810
 0.111  0.733478
 0.112  0.703931
 0.113  0.676062
 0.114  0.643434
 0.115  0.484277
 0.116  0.464492
 0.117  0.442788
 0.118  0.419684
 0.119  0.386452
 0.120  0.360644
 0.121  0.162286
 0.122  0.163142
 0.123  0.163791
 0.124  4.778973
 0.125  1.824193
 0.126  1.507111
 0.127  1.363871
 0.128  1.113587
 0.129  1.015570
 0.130  0.950101
 0.131  0.904024
 0.132  1.103064
 0.133  1.082679
 0.134  1.071533
 0.135  1.061542
 0.136  1.062172
 0.137  1.057674
 0.138  1.059934
 0.139  1.067381
 0.140  1.077192
 0.141  1.293622
 0.142  1.332270
 0.143  1.385594
 0.144  1.463057
 0.145  1.618713
 0.146  1.655497
 0.147  1.502856
 0.148  1.445812
 0.149  1.415659
 0.150  1.396235
 0.151  1.384012
 0.152  1.377173
 0.153  1.376650
 0.154  1.378800
 0.155  1.385496
 0.156  1.399402
 0.157  1.419719
 0.158  1.458531
 0.159  1.552851
 0.160  1.581815
 0.161  1.437659
 0.162  1.369886
 0.163  1.324335
 0.164  1.288087
 0.165  1.257199
 0.166  1.228990
 0.167  1.204562
 0.168  1.181779
 0.169  1.161032
 0.170  1.142307
 0.171  1.123772
 0.172  1.106632
 0.173  1.090188
 0.174  1.074238
 0.175  1.058773
 0.176  1.044688
 0.177  1.030868
 0.178  1.017537
 0.179  1.005283
 0.180  0.991722
 0.181  0.980642
 0.182  0.966795
 0.183  0.955847
 0.184  0.943969
 0.185  0.933271
 0.186  0.922517
 0.187  0.910003
 0.188  0.900734
 0.189  0.889299
 0.190  0.879143
 0.191  0.870492
 0.192  0.858829
 0.193  0.849093
 0.194  0.839696
 0.195  0.828830
 0.196  0.821750
 0.197  0.810221
 0.198  0.800556
 0.199  0.791686
 0.200  0.782884
 0.201  0.772571
 0.202  0.765665
 0.203  0.756887
 0.204  0.747317
 0.205  0.736275
 0.206  0.729767
 0.207  0.713895
 0.208  0.614386
 0.209  0.611704
 0.210  0.799368
 0.211  0.801095
 0.212  0.802053
 0.213  0.808245
 0.214  0.807723
 0.215  0.815828
 0.216  0.662206
 0.217  0.673576
 0.218  0.684137
 0.219  0.692017
 0.220  0.703515
 0.221  0.714887
 0.222  0.728801
 0.223  0.741422
 0.224  0.754817
 0.225  0.774672
 0.226  0.793335
 0.227  0.818202
 0.228  0.846305
 0.229  0.895198
 0.230  0.983412
 0.231  1.012898
 0.232  0.917954
 0.233  0.873615
 0.234  0.849420
 0.235  0.832594
 0.236  0.823233
 0.237  0.812874
 0.238  0.807390
 0.239  0.806966
 0.240  0.799615
 0.241  0.806169
 0.242  0.801598
 0.243  0.819875
 0.244  0.811768
 0.245  0.823625
 0.246  0.868839
 0.247  0.916481
 0.248  1.161427
 0.249  0.533061
 0.250  0.466646
 0.251  0.429712
 0.252  0.450881
 0.253  0.517237
 0.254  0.511939
 0.255  0.514981
 0.256  0.513801
 0.257  0.517848
 0.258  0.520811
 0.259  0.526573
 0.260  0.530388
 0.261  0.539504
 0.262  0.544411
 0.263  0.549267
 0.264  0.563584
 0.265  0.571697
 0.266  0.582645
 0.267  0.598871
 0.268  0.612133
 0.269  0.629447
 0.270  0.656297
 0.271  0.896424
 0.272  0.978968
 0.273  1.101006
 0.274  1.455921
 0.275  1.162128
 0.276  1.043415
 0.277  0.981320
 0.278  0.940776
 0.279  0.910988
 0.280  0.887831
 0.281  0.868831
 0.282  0.853570
 0.283  0.839851
 0.284  0.828499
 0.285  0.817924
 0.286  0.808816
 0.287  0.800568
 0.288  0.792785
 0.289  0.785746
 0.290  0.779483
 0.291  0.773329
 0.292  0.767856
 0.293  0.762373
 0.294  0.757512
 0.295  0.752677
 0.296  0.748116
 0.297  0.744006
 0.298  0.739663
 0.299  0.735945
 0.300  0.732016
 0.301  0.728282
 0.302  0.725012
 0.303  0.721358
 0.304  0.718276
 0.305  0.714838
 0.306  0.712012
 0.307  0.708894
 0.308  0.705751
 0.309  0.703215
 0.310  0.700046
 0.311  0.697669
 0.312  0.694943
 0.313  0.692210
 0.314  0.689899
 0.315  0.686941
 0.316  0.684891
 0.317  0.682288
 0.318  0.680092
 0.319  0.677696
 0.320  0.675319
 0.321  0.673204
 0.322  0.670637
 0.323  0.668853
 0.324  0.666633
 0.325  0.664580
 0.326  0.662512
 0.327  0.660371
 0.328  0.658492
 0.329  0.656191
 0.330  0.654536
 0.331  0.652512
 0.332  0.650548
 0.333  0.648803
 0.334  0.646647
 0.335  0.645084
 0.336  0.642971
 0.337  0.641439
 0.338  0.639504
 0.339  0.637879
 0.340  0.636075
 0.341  0.634224
 0.342  0.632720
 0.343  0.630735
 0.344  0.629348
 0.345  0.627462
 0.346  0.625994
 0.347  0.624300
 0.348  0.622732
 0.349  0.621047
 0.350  0.619411
 0.351  0.618045
 0.352  0.616198
 0.353  0.614926
 0.354  0.613216
 0.355  0.611869
 0.356  0.610200
 0.357  0.608860
 0.358  0.607338
 0.359  0.605804
 0.360  0.604404
 0.361  0.602807
 0.362  0.601626
 0.363  0.599917
 0.364  0.598770
 0.365  0.597044
 0.366  0.596025
 0.367  0.594317
 0.368  0.593212
 0.369  0.591654
 0.370  0.590535
 0.371  0.588956
 0.372  0.588064
 0.373  0.586304
 0.374  0.585178
 0.375  0.584013
 0.376  0.582627
 0.377  0.580923
 0.378  0.580434
 0.379  0.578406
 0.380  0.577678
 0.381  0.575754
 0.382  0.574339
 0.383  0.564773
 0.384  0.564695
 0.385  0.564183
 0.386  0.564252
 0.387  0.563633
 0.388  0.563836
 0.389  0.563316
 0.390  0.563782
 0.391  0.564001
 0.392  0.563949
 0.393  0.564964
 0.394  0.565891
 0.395  0.566549
 0.396  0.569500
 0.397  0.584933
 0.398  0.574281
 0.399  0.567508
 0.400  0.563164
 0.401  0.559194
 0.402  0.555653
 0.403  0.553423
 0.404  0.550748
 0.405  0.548198
 0.406  0.545981
 0.407  0.543625
 0.408  0.541741
 0.409  0.539167
 0.410  0.537472
 0.411  0.535286
 0.412  0.533100
 0.413  0.531135
 0.414  0.529232
 0.415  0.527267
 0.416  0.524829
 0.417  0.523535
 0.418  0.535929
 0.419  0.533512
 0.420  0.532285
 0.421  0.531568
 0.422  0.530385
 0.423  0.529271
 0.424  0.529024
 0.425  0.527140
 0.426  0.526575
 0.427  0.525713
 0.428  0.524834
 0.429  0.523478
 0.430  0.522585
 0.431  0.522193
 0.432  0.520210
 0.433  0.519950
 0.434  0.519571
 0.435  0.517328
 0.436  0.517053
 0.437  0.516625
 0.438  0.515333
 0.439  0.513905
 0.440  0.513523
 0.441  0.512879
 0.442  0.510863
 0.443  0.510890
 0.444  0.510344
 0.445  0.508171
 0.446  0.508049
 0.447  0.506943
 0.448  0.505983
 0.449  0.505209
 0.450  0.504315
 0.451  0.503222
 0.452  0.502523
 0.453  0.501694
 0.454  0.500381
 0.455  0.500410
 0.456  0.499103
 0.457  0.497670
 0.458  0.499032
 0.459  0.496550
 0.460  0.494264
 0.461  0.496305
 0.462  0.494034
 0.463  0.492077
 0.464  0.493171
 0.465  0.491612
 0.466  0.490169
 0.467  0.490023
 0.468  0.489293
 0.469  0.488759
 0.470  0.487360
 0.471  0.486233
 0.472  0.486366
 0.473  0.485010
 0.474  0.486219
 0.475  0.482975
 0.476  0.481974
 0.477  0.482198
 0.478  0.480935
 0.479  0.482594
 0.480  0.478293
 0.481  0.478589
 0.482  0.479280
 0.483  0.477549
 0.484  0.476796
 0.485  0.475765
 0.486  0.475901
 0.487  0.474437
 0.488  0.473831
 0.489  0.471067
 0.490  0.474910
 0.491  0.469880
 0.492  0.473420
 0.493  0.468918
 0.494  0.470698
 0.495  0.467270
 0.496  0.468602
 0.497  0.466946
 0.498  0.467010
 0.499  0.465169
 0.500  0.465286
 0.501  0.464631
 0.502  0.463501
 0.503  0.463872
 0.504  0.459825
 0.505  0.460523
 0.506  0.463605
 0.507  0.457222
 0.508  0.461165
 0.509  0.461617
 0.510  0.456959
 0.511  0.455309
 0.512  0.458559
 0.513  0.462659
 0.514  0.454027
 0.515  0.452265
 0.516  0.450467
 0.517  0.452062
 0.518  0.448762
 0.519  0.451522
 0.520  0.449487
 0.521  0.446629
 0.522  0.452626
 0.523  0.445532
 0.524  0.442029
 0.525  0.466172
 0.526  0.382327
 0.527  0.383728
 0.528  0.385812
 0.529  0.388398
 0.530  0.393194
 0.531  0.403036
 0.532  0.410421
 0.533  0.411514
 0.534  0.409255
 0.535  0.414174
 0.536  0.420213
 0.537  0.428410
 0.538  0.436475
 0.539  0.459454
 0.540  0.483346
 0.541  0.491071
 0.542  0.468379
 0.543  0.459136
 0.544  0.453874
 0.545  0.450314
 0.546  0.447504
 0.547  0.445051
 0.548  0.443157
 0.549  0.441683
 0.550  0.440224
 0.551  0.438762
 0.552  0.437537
 0.553  0.436404
 0.554  0.435338
 0.555  0.434404
 0.556  0.433540
 0.557  0.432757
 0.558  0.431723
 0.559  0.430828
 0.560  0.429982
 0.561  0.429216
 0.562  0.428700
 0.563  0.428084
 0.564  0.427101
 0.565  0.426884
 0.566  0.425806
 0.567  0.424903
 0.568  0.425432
 0.569  0.425487
 0.570  0.328499
 0.571  0.327958
 0.572  0.327626
 0.573  0.327398
 0.574  0.326717
 0.575  0.326450
 0.576  0.326303
 0.577  0.325574
 0.578  0.325967
 0.579  0.323819
 0.580  0.230018
 0.581  0.229912
 0.582  0.229814
 0.583  0.229736
 0.584  0.229650
 0.585  0.229556
 0.586  0.229474
 0.587  0.229413
 0.588  0.229323
 0.589  0.229241
 0.590  0.229176
 0.591  0.229112
 0.592  0.229032
 0.593  0.228962
 0.594  0.228919
 0.595  0.228841
 0.596  0.228771
 0.597  0.228715
 0.598  0.228666
 0.599  0.228596
 0.600  0.228537
 0.601  0.228507
 0.602  0.228438
 0.603  0.228376
 0.604  0.228329
 0.605  0.228292
 0.606  0.228230
 0.607  0.228179
 0.608  0.228159
 0.609  0.228097
 0.610  0.228043
 0.611  0.228005
 0.612  0.227976
 0.613  0.227921
 0.614  0.227877
 0.615  0.227865
 0.616  0.227810
 0.617  0.227763
 0.618  0.227734
 0.619  0.227709
 0.620  0.227661
 0.621  0.227625
 0.622  0.227618
 0.623  0.227568
 0.624  0.227529
 0.625  0.227512
 0.626  0.227486
 0.627  0.227444
 0.628  0.227417
 0.629  0.227412
 0.630  0.227369
 0.631  0.227338
 0.632  0.227347
 0.633  0.227303
 0.634  0.227269
 0.635  0.227254
 0.636  0.227245
 0.637  0.227209
 0.638  0.227188
 0.639  0.227196
 0.640  0.227159
 0.641  0.227133
 0.642  0.227142
 0.643  0.227116
 0.644  0.227088
 0.645  0.227079
 0.646  0.227081
 0.647  0.227051
 0.648  0.227037
 0.649  0.227054
 0.650  0.227023
 0.651  0.227005
 0.652  0.227034
 0.653  0.227002
 0.654  0.226981
 0.655  0.226985
 0.656  0.226988
 0.657  0.226966
 0.658  0.226962
 0.659  0.226982
 0.660  0.226958
 0.661  0.226951
 0.662  0.226982
 0.663  0.226958
 0.664  0.226948
 0.665  0.226989
 0.666  0.226965
 0.667  0.226953
 0.668  0.226968
 0.669  0.226979
 0.670  0.226965
 0.671  0.226974
 0.672  0.226999
 0.673  0.226985
 0.674  0.226990
 0.675  0.227026
 0.676  0.227011
 0.677  0.227014
 0.678  0.227060
 0.679  0.227045
 0.680  0.227046
 0.681  0.227100
 0.682  0.227085
 0.683  0.227085
 0.684  0.227133
 0.685  0.227132
 0.686  0.227132
 0.687  0.227167
 0.688  0.227185
 0.689  0.227185
 0.690  0.227216
 0.691  0.227245
 0.692  0.227245
 0.693  0.227274
 0.694  0.227311
 0.695  0.227312
 0.696  0.227341
 0.697  0.227384
 0.698  0.227386
 0.699  0.227415
 0.700  0.227464
 0.701  0.227467
 0.702  0.227496
 0.703  0.227550
 0.704  0.227554
 0.705  0.227586
 0.706  0.227642
 0.707  0.227648
 0.708  0.227683
 0.709  0.227741
 0.710  0.227749
 0.711  0.227787
 0.712  0.227846
 0.713  0.227857
 0.714  0.227900
 0.715  0.227958
 0.716  0.227973
 0.717  0.228022
 0.718  0.228077
 0.719  0.228095
 0.720  0.228153
 0.721  0.228203
 0.722  0.228225
 0.723  0.228296
 0.724  0.228336
 0.725  0.228363
 0.726  0.228468
 0.727  0.228477
 0.728  0.228510
 0.729  0.228611
 0.730  0.228625
 0.731  0.228665
 0.732  0.228762
 0.733  0.228781
 0.734  0.228831
 0.735  0.228920
 0.736  0.228945
 0.737  0.229009
 0.738  0.229086
 0.739  0.229119
 0.740  0.229205
 0.741  0.229260
 0.742  0.229302
 0.743  0.229422
 0.744  0.229444
 0.745  0.229497
 0.746  0.229606
 0.747  0.229637
 0.748  0.229707
 0.749  0.229800
 0.750  0.229841
 0.751  0.229945
 0.752  0.230003
 0.753  0.230057
 0.754  0.230184
 0.755  0.230217
 0.756  0.230289
 0.757  0.230398
 0.758  0.230443
 0.759  0.230551
 0.760  0.230623
 0.761  0.230684
 0.762  0.230820
 0.763  0.230860
 0.764  0.230945
 0.765  0.231057
 0.766  0.231112
 0.767  0.231269
 0.768  0.231306
 0.769  0.231384
 0.770  0.231518
 0.771  0.231571
 0.772  0.231693
 0.773  0.231780
 0.774  0.231856
 0.775  0.232005
 0.776  0.232059
 0.777  0.232176
 0.778  0.232282
 0.779  0.232360
 0.780  0.232519
 0.781  0.232576
 0.782  0.232700
 0.783  0.232812
 0.784  0.232896
 0.785  0.233061
 0.786  0.233125
 0.787  0.233268
 0.788  0.233371
 0.789  0.233468
 0.790  0.233630
 0.791  0.233705
 0.792  0.233902
 0.793  0.233961
 0.794  0.234080
 0.795  0.234230
 0.796  0.234322
 0.797  0.234511
 0.798  0.234586
 0.799  0.234756
 0.800  0.234864
 0.801  0.234984
 0.802  0.235154
 0.803  0.235252
 0.804  0.235455
 0.805  0.235536
 0.806  0.235739
 0.807  0.235835
 0.808  0.235975
 0.809  0.236144
 0.810  0.236260
 0.811  0.236463
 0.812  0.236563
 0.813  0.236791
 0.814  0.236880
 0.815  0.237098
 0.816  0.237207
 0.817  0.237370
 0.818  0.237543
 0.819  0.237685
 0.820  0.237889
 0.821  0.238016
 0.822  0.238243
 0.823  0.238359
 0.824  0.238606
 0.825  0.238714
 0.826  0.238976
 0.827  0.239077
 0.828  0.239353
 0.829  0.239450
 0.830  0.239681
 0.831  0.239831
 0.832  0.240041
 0.833  0.240220
 0.834  0.240420
 0.835  0.240617
 0.836  0.240814
 0.837  0.241022
 0.838  0.241220
 0.839  0.241436
 0.840  0.241637
 0.841  0.241856
 0.842  0.242067
 0.843  0.242286
 0.844  0.242511
 0.845  0.242724
 0.846  0.242972
 0.847  0.243171
 0.848  0.243468
 0.849  0.243628
 0.850  0.243962
 0.851  0.244095
 0.852  0.244425
 0.853  0.244575
 0.854  0.244896
 0.855  0.245069
 0.856  0.245378
 0.857  0.245583
 0.858  0.245871
 0.859  0.246128
 0.860  0.246378
 0.861  0.246752
 0.862  0.246902
 0.863  0.247259
 0.864  0.247449
 0.865  0.247780
 0.866  0.248035
 0.867  0.248321
 0.868  0.248718
 0.869  0.248887
 0.870  0.249257
 0.871  0.249493
 0.872  0.249818
 0.873  0.250238
 0.874  0.250412
 0.875  0.250799
 0.876  0.251064
 0.877  0.251390
 0.878  0.251819
 0.879  0.252032
 0.880  0.252411
 0.881  0.252836
 0.882  0.253053
 0.883  0.253465
 0.884  0.253817
 0.885  0.254116
 0.886  0.254549
 0.887  0.254896
 0.888  0.255218
 0.889  0.255661
 0.890  0.256067
 0.891  0.256357
 0.892  0.256801
 0.893  0.257305
 0.894  0.257550
 0.895  0.257976
 0.896  0.258472
 0.897  0.258842
 0.898  0.259206
 0.899  0.259677
 0.900  0.260200
 0.901  0.260557
 0.902  0.260955
 0.903  0.261441
 0.904  0.261974
 0.905  0.262532
 0.906  0.262810
 0.907  0.263280
 0.908  0.263802
 0.909  0.264357
 0.910  0.264936
 0.911  0.265320
 0.912  0.265769
 0.913  0.266283
 0.914  0.266830
 0.915  0.267397
 0.916  0.267978
 0.917  0.268573
 0.918  0.269173
 0.919  0.269782
 0.920  0.270392
 0.921  0.270873
 0.922  0.271409
 0.923  0.272002
 0.924  0.272622
 0.925  0.273316
 0.926  0.274037
 0.927  0.274633
 0.928  0.275226
 0.929  0.275820
 0.930  0.276422
 0.931  0.277039
 0.932  0.277699
 0.933  0.278470
 0.934  0.279379
 0.935  0.279923
 0.936  0.280547
 0.937  0.281475
 0.938  0.282195
 0.939  0.282797
 0.940  0.283910
 0.941  0.284379
 0.942  0.285537
 0.943  0.285973
 0.944  0.286994
 0.945  0.288210
 0.946  0.288508
 0.947  0.289363
 0.948  0.290257
 0.949  0.291119
 0.950  0.292082
 0.951  0.293474
 0.952  0.293850
 0.953  0.294858
 0.954  0.295680
 0.955  0.297156
 0.956  0.297577
 0.957  0.297724
 0.958  0.000000
 0.959  0.000000
 0.960  0.000000
 0.961  0.000000
 0.962  0.000000
 0.963  0.000000
 0.964  0.000000
 0.965  0.000000
 0.966  0.000000
 0.967  0.000000
 0.968  0.000000
 0.969  0.000000
 0.970  0.000000
 0.971  0.000000
 0.972  0.000000
 0.973  0.000000
 0.974  0.000000
 0.975  0.000000
 0.976  0.000000
 0.977  0.000000
 0.978  0.000000
 0.979  0.000000
 0.980  0.000000
 0.981  0.000000
 0.982  0.000000
 0.983  0.000000
 0.984  0.000000
 0.985  0.000000
 0.986  0.000000
 0.987  0.000000
 0.988  0.000000
 0.989  0.000000
 0.990  0.000000
 0.991  0.000000
 0.992  0.000000
 0.993  0.000000
 0.994  0.000000
 0.995  0.000000
 0.996  0.000000
 0.997  0.000000
 0.998  0.000000
 0.999  0.000000
 1.000  0.000000
