-0.400  0.000000
-0.399  0.000000
-0.398  0.000000
-0.397  0.000000
-0.396  0.000000
-0.395  0.000000
-0.394  0.000000
-0.393  0.000000
-0.392  0.000000
-0.391  0.000000
-0.390  0.000000
-0.389  0.000000
-0.388  0.000000
-0.387  0.000000
-0.386  0.000000
-0.385  0.000000
-0.384  0.000000
-0.383  0.000000
-0.382  0.000000
-0.381  0.000000
-0.380  0.000000
-0.379  0.000000
-0.378  0.000000
-0.377  0.000000
-0.376  0.000000
-0.375  0.000000
-0.374  0.000000
-0.373  0.000000
-0.372  0.000000
-0.371  0.000000
-0.370  0.000000
-0.369  0.000000
-0.368  0.000000
-0.367  0.000000
-0.366  0.000000
-0.365  0.000000
-0.364  0.000000
-0.363  0.000000
-0.362  0.000000
-0.361  0.000000
-0.360  0.000000
-0.359  0.000000
-0.358  0.000000
-0.357  0.000000
-0.356  0.000000
-0.355  0.000000
-0.354  0.000000
-0.353  0.000000
-0.352  0.000000
-0.351  0.000000
-0.350  0.000000
-0.349  0.000000
-0.348  0.000000
-0.347  0.000000
-0.346  0.000000
-0.345  0.000000
-0.344  0.000000
-0.343  0.000000
-0.342  0.000000
-0.341  0.000000
-0.340  0.000000
-0.339  0.000000
-0.338  0.000000
-0.337  0.000000
-0.336  0.000000
-0.335  0.000000
-0.334  0.000000
-0.333  0.000000
-0.332  0.000000
-0.331  0.000000
-0.330  0.000000
-0.329  0.000000
-0.328  0.000000
-0.327  0.000000
-0.326  0.000000
-0.325  0.000000
-0.324  0.000000
-0.323  0.000000
-0.322  0.000000
-0.321  0.000000
-0.320  0.000000
-0.319  0.000000
-0.318  0.000000
-0.317  0.000000
-0.316  0.000000
-0.315  0.000000
-0.314  0.000000
-0.313  0.000000
-0.312  0.000000
-0.311  0.000000
-0.310  0.000000
-0.309  0.000000
-0.308  0.000000
-0.307  0.000000
-0.306  0.000000
-0.305  0.000000
-0.304  0.000000
-0.303  0.000000
-0.302  0.000000
-0.301  0.000000
-0.300  0.000000
-0.299  0.000000
-0.298  0.000000
-0.297  0.000000
-0.296  0.000000
-0.295  0.000000
-0.294  0.000000
-0.293  0.000000
-0.292  0.000000
-0.291  0.000000
-0.290  0.000000
-0.289  0.000000
-0.288  0.000000
-0.287  0.000000
-0.286  0.000000
-0.285  0.000000
-0.284  0.000000
-0.283  0.000000
-0.282  0.000000
-0.281  0.000000
-0.280  0.000000
-0.279  0.000000
-0.278  0.000000
-0.277  0.000000
-0.276  0.000000
-0.275  0.000000
-0.274  0.000000
-0.273  0.000000
-0.272  0.000000
-0.271  0.000000
-0.270  0.000000
-0.269  4.355004
-0.268  1.189765
-0.267  1.023350
-0.266  0.939184
-0.265  0.888157
-0.264  0.850974
-0.263  0.822810
-0.262  0.802625
-0.261  0.783610
-0.260  0.770800
-0.259  0.761395
-0.258  0.754633
-0.257  0.747353
-0.256  0.741952
-0.255  0.738836
-0.254  0.735564
-0.253  0.734645
-0.252  0.734684
-0.251  0.733573
-0.250  0.883988
-0.249  0.905768
-0.248  0.932344
-0.247  0.968125
-0.246  1.011850
-0.245  1.060241
-0.244  1.104525
-0.243  1.135579
-0.242  1.151529
-0.241  1.157551
-0.240  1.161397
-0.239  1.157706
-0.238  1.157794
-0.237  1.157851
-0.236  1.158000
-0.235  1.158361
-0.234  1.159944
-0.233  1.165414
-0.232  1.745055
-0.231  1.459563
-0.230  1.436578
-0.229  1.433036
-0.228  1.434865
-0.227  1.444201
-0.226  1.454874
-0.225  1.468586
-0.224  1.484829
-0.223  1.502090
-0.222  1.520096
-0.221  1.538128
-0.220  1.558124
-0.219  1.579366
-0.218  1.815321
-0.217  1.839271
-0.216  1.863602
-0.215  1.888566
-0.214  1.916522
-0.213  1.944337
-0.212  1.971352
-0.211  1.999583
-0.210  2.033298
-0.209  2.064479
-0.208  2.099906
-0.207  2.137440
-0.206  2.175366
-0.205  2.216172
-0.204  2.260668
-0.203  2.305738
-0.202  2.355608
-0.201  2.408670
-0.200  2.464486
-0.199  2.525906
-0.198  2.594217
-0.197  2.669429
-0.196  2.751988
-0.195  2.846223
-0.194  2.952854
-0.193  3.078999
-0.192  3.231941
-0.191  3.421630
-0.190  3.676926
-0.189  4.064070
-0.188  4.885358
-0.187  4.936064
-0.186  4.155525
-0.185  3.801750
-0.184  3.576467
-0.183  3.413013
-0.182  3.284923
-0.181  3.179629
-0.180  3.090910
-0.179  3.019290
-0.178  2.953630
-0.177  2.898394
-0.176  2.847840
-0.175  2.802207
-0.174  2.762800
-0.173  2.725399
-0.172  2.691132
-0.171  2.660534
-0.170  2.629954
-0.169  2.595214
-0.168  2.323617
-0.167  2.315172
-0.166  2.308653
-0.165  2.301535
-0.164  2.294594
-0.163  2.288310
-0.162  2.281404
-0.161  2.275410
-0.160  2.269031
-0.159  2.262975
-0.158  2.256488
-0.157  2.251592
-0.156  2.245777
-0.155  2.240026
-0.154  2.233863
-0.153  2.228906
-0.152  2.223965
-0.151  2.218867
-0.150  2.213710
-0.149  2.208859
-0.148  2.204776
-0.147  2.200838
-0.146  2.196365
-0.145  2.192250
-0.144  2.188150
-0.143  2.184687
-0.142  2.181090
-0.141  2.179751
-0.140  2.178747
-0.139  2.176639
-0.138  2.174694
-0.137  2.173418
-0.136  2.173281
-0.135  2.173471
-0.134  2.174345
-0.133  2.175865
-0.132  2.178681
-0.131  2.184724
-0.130  2.192425
-0.129  2.204765
-0.128  2.002512
-0.127  2.028740
-0.126  2.065319
-0.125  2.131302
-0.124  2.644263
-0.123  2.098235
-0.122  2.010011
-0.121  1.907709
-0.120  1.889882
-0.119  1.876542
-0.118  1.866371
-0.117  1.859207
-0.116  1.854105
-0.115  1.893380
-0.114  1.900980
-0.113  1.909155
-0.112  1.918852
-0.111  1.927961
-0.110  1.938297
-0.109  1.949927
-0.108  1.962178
-0.107  1.976508
-0.106  1.991577
-0.105  2.009375
-0.104  2.028373
-0.103  2.050371
-0.102  2.078541
-0.101  2.112970
-0.100  2.163258
-0.099  2.284113
-0.098  2.232208
-0.097  2.180295
-0.096  2.162241
-0.095  2.154366
-0.094  2.150305
-0.093  2.150248
-0.092  2.153669
-0.091  2.160631
-0.090  2.168154
-0.089  2.178845
-0.088  2.192399
-0.087  2.208016
-0.086  2.223172
-0.085  2.243481
-0.084  2.265120
-0.083  2.293810
-0.082  2.323939
-0.081  2.357985
-0.080  2.394215
-0.079  2.458059
-0.078  2.281064
-0.077  2.675334
-0.076  2.304556
-0.075  1.957620
-0.074  1.973528
-0.073  2.010560
-0.072  2.059211
-0.071  2.118215
-0.070  2.191987
-0.069  2.299778
-0.068  2.427360
-0.067  2.627566
-0.066  2.971017
-0.065  4.136457
-0.064  3.107928
-0.063  2.484348
-0.062  2.143596
-0.061  1.915145
-0.060  1.751244
-0.059  1.628195
-0.058  0.793545
-0.057  0.797588
-0.056  0.801589
-0.055  0.805355
-0.054  0.809727
-0.053  0.813893
-0.052  0.818025
-0.051  0.822581
-0.050  0.826939
-0.049  0.831524
-0.048  0.836332
-0.047  0.840925
-0.046  0.845944
-0.045  0.851164
-0.044  0.856188
-0.043  0.861461
-0.042  0.867203
-0.041  0.872929
-0.040  0.878842
-0.039  0.884643
-0.038  0.891307
-0.037  0.898007
-0.036  0.904678
-0.035  0.911629
-0.034  0.919292
-0.033  0.927341
-0.032  0.935811
-0.031  0.944095
-0.030  0.953500
-0.029  0.962924
-0.028  0.973467
-0.027  0.984808
-0.026  0.997054
-0.025  1.010054
-0.024  1.024411
-0.023  1.039859
-0.022  1.057152
-0.021  1.076252
-0.020  1.098673
-0.019  1.124158
-0.018  1.153962
-0.017  1.190206
-0.016  1.234224
-0.015  1.292939
-0.014  1.375217
-0.013  1.514266
-0.012  1.853795
-0.011  1.841345
-0.010  1.595942
-0.009  1.490560
-0.008  1.252588
-0.007  1.121738
-0.006  1.109345
-0.005  1.102209
-0.004  1.098047
-0.003  1.097209
-0.002  1.100451
-0.001  1.110235
 0.000  1.128181
 0.001  1.170069
 0.002  1.306070
 0.003  1.137521
 0.004  1.090919
 0.005  1.058501
 0.006  1.032362
 0.007  1.011650
 0.008  0.992390
 0.009  0.975139
 0.010  0.960009
 0.011  0.945905
 0.012  0.932815
 0.013  0.920243
 0.014  0.908773
 0.015  0.898231
 0.016  0.887478
 0.017  0.877117
 0.018  0.867066
 0.019  0.857978
 0.020  0.849727
 0.021  0.841235
 0.022  0.832785
 0.023  0.824892
 0.024  0.816567
 0.025  0.809156
 0.026  0.802085
 0.027  0.794848
 0.028  0.788231
 0.029  0.781067
 0.030  0.774614
 0.031  0.767841
 0.032  0.762195
 0.033  0.755813
 0.034  0.749836
 0.035  0.743683
 0.036  0.738255
 0.037  0.732480
 0.038  0.727079
 0.039  0.721439
 0.040  0.716141
 0.041  0.710981
 0.042  0.706047
 0.043  0.700679
 0.044  0.696025
 0.045  0.691039
 0.046  0.686517
 0.047  0.681926
 0.048  0.677321
 0.049  0.673015
 0.050  0.668641
 0.051  0.664434
 0.052  0.660174
 0.053  0.656448
 0.054  0.652436
 0.055  0.648720
 0.056  0.645253
 0.057  0.641473
 0.058  0.638427
 0.059  0.635160
 0.060  0.632104
 0.061  0.629629
 0.062  0.626746
 0.063  0.624435
 0.064  0.622636
 0.065  0.620925
 0.066  0.619423
 0.067  0.618539
 0.068  0.618380
 0.069  0.618741
 0.070  0.620250
 0.071  0.622849
 0.072  0.931035
 0.073  0.945930
 0.074  0.977929
 0.075  1.002947
 0.076  1.028017
 0.077  1.060465
 0.078  1.097209
 0.079  1.139882
 0.080  1.192589
 0.081  1.268199
 0.082  1.376364
 0.083  1.611193
 0.084  1.644971
 0.085  1.376916
 0.086  1.255795
 0.087  1.073581
 0.088  1.018693
 0.089  0.976865
 0.090  0.941296
 0.091  0.914121
 0.092  0.888763
 0.093  0.867649
 0.094  0.848519
 0.095  0.832683
 0.096  0.818283
 0.097  0.804100
 0.098  0.794186
 0.099  0.783913
 0.100  0.775817
 0.101  0.769816
 0.102  0.764487
 0.103  0.761505
 0.104  0.762231
 0.105  0.769202
 0.106  0.788162
 0.107  0.860841
 0.108  0.794104
 0.109  0.560686
 0.110  1.100781
 0.111  1.430696
 0.112  2.459542
 0.113  1.880506
 0.114  1.628345
 0.115  1.486193
 0.116  1.066918
 0.117  0.919258
 0.118  0.861815
 0.119  0.830354
 0.120  0.813535
 0.121  0.802899
 0.122  0.798564
 0.123  0.798037
 0.124  0.801707
 0.125  1.161769
 0.126  1.146324
 0.127  1.160294
 0.128  1.180874
 0.129  1.210452
 0.130  1.256464
 0.131  1.377116
 0.132  1.348700
 0.133  1.284297
 0.134  1.257762
 0.135  1.242179
 0.136  1.229653
 0.137  1.220360
 0.138  1.213815
 0.139  1.208850
 0.140  1.204125
 0.141  1.199266
 0.142  1.195199
 0.143  1.190317
 0.144  1.185801
 0.145  1.182497
 0.146  1.178321
 0.147  1.175571
 0.148  1.173365
 0.149  1.170558
 0.150  1.169880
 0.151  1.168405
 0.152  1.168442
 0.153  1.169039
 0.154  1.170296
 0.155  1.173909
 0.156  1.176992
 0.157  1.183454
 0.158  1.191711
 0.159  1.203673
 0.160  1.226000
 0.161  1.259866
 0.162  1.360116
 0.163  1.289324
 0.164  1.219982
 0.165  1.170515
 0.166  1.139056
 0.167  1.111215
 0.168  1.088525
 0.169  1.067383
 0.170  1.050403
 0.171  1.032442
 0.172  1.017204
 0.173  1.002810
 0.174  0.986567
 0.175  0.974092
 0.176  0.961340
 0.177  0.948516
 0.178  0.938300
 0.179  0.925609
 0.180  0.914203
 0.181  0.905358
 0.182  0.892403
 0.183  0.883172
 0.184  0.873238
 0.185  0.861889
 0.186  0.854627
 0.187  0.843332
 0.188  0.833563
 0.189  0.824786
 0.190  0.910895
 0.191  0.899164
 0.192  0.897554
 0.193  0.895881
 0.194  0.890988
 0.195  0.887101
 0.196  0.885752
 0.197  0.880805
 0.198  0.877642
 0.199  0.873924
 0.200  0.872425
 0.201  0.870134
 0.202  0.864401
 0.203  0.861962
 0.204  0.860066
 0.205  0.856614
 0.206  0.854387
 0.207  0.850905
 0.208  0.846844
 0.209  0.846870
 0.210  0.840660
 0.211  0.795845
 0.212  0.799733
 0.213  0.802467
 0.214  0.806893
 0.215  0.824768
 0.216  0.818827
 0.217  0.707295
 0.218  0.724643
 0.219  0.742984
 0.220  0.766480
 0.221  0.804782
 0.222  0.918596
 0.223  0.809350
 0.224  0.785934
 0.225  0.773528
 0.226  0.760638
 0.227  0.757687
 0.228  0.751093
 0.229  0.747803
 0.230  0.746204
 0.231  0.743320
 0.232  0.739968
 0.233  0.741534
 0.234  0.747135
 0.235  0.741582
 0.236  0.744770
 0.237  0.747556
 0.238  0.754854
 0.239  0.775528
 0.240  0.877927
 0.241  0.936385
 0.242  1.036707
 0.243  1.116278
 0.244  0.533892
 0.245  0.509243
 0.246  0.505948
 0.247  0.499069
 0.248  0.499902
 0.249  0.498181
 0.250  0.505774
 0.251  0.509784
 0.252  0.511844
 0.253  0.518188
 0.254  0.525518
 0.255  0.536279
 0.256  0.543215
 0.257  0.552718
 0.258  0.566053
 0.259  0.583877
 0.260  0.596090
 0.261  0.681152
 0.262  0.843588
 0.263  0.914067
 0.264  1.017074
 0.265  1.430018
 0.266  1.036633
 0.267  0.953981
 0.268  0.908704
 0.269  0.877647
 0.270  0.855414
 0.271  0.837651
 0.272  0.823269
 0.273  0.811246
 0.274  0.800806
 0.275  0.792020
 0.276  0.783988
 0.277  0.776585
 0.278  0.770493
 0.279  0.763981
 0.280  0.758935
 0.281  0.753720
 0.282  0.748732
 0.283  0.744503
 0.284  0.740024
 0.285  0.736086
 0.286  0.732409
 0.287  0.728560
 0.288  0.725204
 0.289  0.721524
 0.290  0.718708
 0.291  0.715439
 0.292  0.712227
 0.293  0.709659
 0.294  0.706330
 0.295  0.703958
 0.296  0.701216
 0.297  0.698409
 0.298  0.696100
 0.299  0.693275
 0.300  0.691065
 0.301  0.688677
 0.302  0.686153
 0.303  0.684174
 0.304  0.681396
 0.305  0.679608
 0.306  0.677039
 0.307  0.675108
 0.308  0.673081
 0.309  0.670788
 0.310  0.669003
 0.311  0.666702
 0.312  0.664938
 0.313  0.662930
 0.314  0.660865
 0.315  0.659210
 0.316  0.657055
 0.317  0.655411
 0.318  0.653446
 0.319  0.651494
 0.320  0.650026
 0.321  0.647906
 0.322  0.646585
 0.323  0.644443
 0.324  0.643004
 0.325  0.641320
 0.326  0.639341
 0.327  0.638029
 0.328  0.636056
 0.329  0.634686
 0.330  0.632752
 0.331  0.631240
 0.332  0.629655
 0.333  0.628046
 0.334  0.626710
 0.335  0.624956
 0.336  0.623576
 0.337  0.621846
 0.338  0.620311
 0.339  0.618734
 0.340  0.617413
 0.341  0.616006
 0.342  0.614481
 0.343  0.613169
 0.344  0.611549
 0.345  0.610096
 0.346  0.608678
 0.347  0.607292
 0.348  0.605736
 0.349  0.604570
 0.350  0.603085
 0.351  0.601850
 0.352  0.600197
 0.353  0.599032
 0.354  0.597645
 0.355  0.596460
 0.356  0.595038
 0.357  0.593605
 0.358  0.592531
 0.359  0.590982
 0.360  0.589887
 0.361  0.588278
 0.362  0.587377
 0.363  0.585750
 0.364  0.584827
 0.365  0.583412
 0.366  0.582457
 0.367  0.580962
 0.368  0.579744
 0.369  0.578618
 0.370  0.577439
 0.371  0.576072
 0.372  0.574774
 0.373  0.574083
 0.374  0.572604
 0.375  0.571202
 0.376  0.570406
 0.377  0.568729
 0.378  0.567719
 0.379  0.566584
 0.380  0.566688
 0.381  0.556217
 0.382  0.555553
 0.383  0.555706
 0.384  0.555192
 0.385  0.555392
 0.386  0.554729
 0.387  0.555154
 0.388  0.555014
 0.389  0.555237
 0.390  0.555788
 0.391  0.555763
 0.392  0.557272
 0.393  0.559440
 0.394  0.565046
 0.395  0.568877
 0.396  0.558382
 0.397  0.553192
 0.398  0.549220
 0.399  0.546944
 0.400  0.544711
 0.401  0.541555
 0.402  0.539891
 0.403  0.537518
 0.404  0.535839
 0.405  0.533395
 0.406  0.531399
 0.407  0.529938
 0.408  0.527137
 0.409  0.525726
 0.410  0.533352
 0.411  0.532252
 0.412  0.531684
 0.413  0.530650
 0.414  0.530189
 0.415  0.529288
 0.416  0.527825
 0.417  0.526506
 0.418  0.526623
 0.419  0.524489
 0.420  0.523992
 0.421  0.523717
 0.422  0.522119
 0.423  0.521257
 0.424  0.520334
 0.425  0.519746
 0.426  0.517915
 0.427  0.517636
 0.428  0.517134
 0.429  0.515660
 0.430  0.514950
 0.431  0.513686
 0.432  0.513507
 0.433  0.511793
 0.434  0.511768
 0.435  0.510640
 0.436  0.508896
 0.437  0.509242
 0.438  0.507190
 0.439  0.506403
 0.440  0.506323
 0.441  0.504766
 0.442  0.504543
 0.443  0.503866
 0.444  0.502373
 0.445  0.501885
 0.446  0.501277
 0.447  0.500065
 0.448  0.498461
 0.449  0.498647
 0.450  0.497798
 0.451  0.496158
 0.452  0.496216
 0.453  0.495613
 0.454  0.493940
 0.455  0.494071
 0.456  0.492616
 0.457  0.491740
 0.458  0.492310
 0.459  0.489708
 0.460  0.489647
 0.461  0.489466
 0.462  0.487284
 0.463  0.486662
 0.464  0.486543
 0.465  0.485081
 0.466  0.486574
 0.467  0.483404
 0.468  0.483237
 0.469  0.483280
 0.470  0.480871
 0.471  0.481245
 0.472  0.479597
 0.473  0.479088
 0.474  0.479889
 0.475  0.476233
 0.476  0.478160
 0.477  0.476862
 0.478  0.476168
 0.479  0.474558
 0.480  0.474787
 0.481  0.473819
 0.482  0.472127
 0.483  0.472109
 0.484  0.469161
 0.485  0.473232
 0.486  0.468645
 0.487  0.468690
 0.488  0.466377
 0.489  0.468225
 0.490  0.467775
 0.491  0.467205
 0.492  0.465364
 0.493  0.466276
 0.494  0.462904
 0.495  0.463601
 0.496  0.460287
 0.497  0.464304
 0.498  0.458771
 0.499  0.461584
 0.500  0.460758
 0.501  0.458783
 0.502  0.458176
 0.503  0.457969
 0.504  0.455244
 0.505  0.457547
 0.506  0.454572
 0.507  0.454415
 0.508  0.452324
 0.509  0.455313
 0.510  0.452893
 0.511  0.453793
 0.512  0.449309
 0.513  0.449638
 0.514  0.449008
 0.515  0.446027
 0.516  0.453036
 0.517  0.446157
 0.518  0.444200
 0.519  0.451953
 0.520  0.500951
 0.521  0.477276
 0.522  0.436583
 0.523  0.382558
 0.524  0.384354
 0.525  0.386682
 0.526  0.389683
 0.527  0.392768
 0.528  0.396841
 0.529  0.401096
 0.530  0.405797
 0.531  0.411287
 0.532  0.418491
 0.533  0.425084
 0.534  0.434368
 0.535  0.447093
 0.536  0.482044
 0.537  0.477952
 0.538  0.461290
 0.539  0.453685
 0.540  0.449399
 0.541  0.446095
 0.542  0.443657
 0.543  0.441782
 0.544  0.439866
 0.545  0.438467
 0.546  0.437347
 0.547  0.435963
 0.548  0.434782
 0.549  0.433869
 0.550  0.433104
 0.551  0.432020
 0.552  0.431153
 0.553  0.430301
 0.554  0.429564
 0.555  0.428856
 0.556  0.428110
 0.557  0.427400
 0.558  0.426528
 0.559  0.425843
 0.560  0.425325
 0.561  0.424850
 0.562  0.424057
 0.563  0.423041
 0.564  0.422377
 0.565  0.422230
 0.566  0.421171
 0.567  0.420570
 0.568  0.420082
 0.569  0.418502
 0.570  0.417356
 0.571  0.326254
 0.572  0.229665
 0.573  0.229576
 0.574  0.229473
 0.575  0.229380
 0.576  0.229316
 0.577  0.229219
 0.578  0.229130
 0.579  0.229053
 0.580  0.228991
 0.581  0.228905
 0.582  0.228828
 0.583  0.228771
 0.584  0.228702
 0.585  0.228625
 0.586  0.228560
 0.587  0.228517
 0.588  0.228442
 0.589  0.228376
 0.590  0.228326
 0.591  0.228275
 0.592  0.228208
 0.593  0.228152
 0.594  0.228123
 0.595  0.228056
 0.596  0.227998
 0.597  0.227955
 0.598  0.227917
 0.599  0.227858
 0.600  0.227809
 0.601  0.227790
 0.602  0.227730
 0.603  0.227679
 0.604  0.227643
 0.605  0.227614
 0.606  0.227561
 0.607  0.227519
 0.608  0.227509
 0.609  0.227455
 0.610  0.227410
 0.611  0.227382
 0.612  0.227358
 0.613  0.227311
 0.614  0.227276
 0.615  0.227271
 0.616  0.227223
 0.617  0.227184
 0.618  0.227166
 0.619  0.227144
 0.620  0.227103
 0.621  0.227076
 0.622  0.227074
 0.623  0.227031
 0.624  0.226999
 0.625  0.226997
 0.626  0.226968
 0.627  0.226934
 0.628  0.226916
 0.629  0.226913
 0.630  0.226877
 0.631  0.226853
 0.632  0.226866
 0.633  0.226828
 0.634  0.226801
 0.635  0.226797
 0.636  0.226788
 0.637  0.226758
 0.638  0.226745
 0.639  0.226755
 0.640  0.226723
 0.641  0.226705
 0.642  0.226729
 0.643  0.226697
 0.644  0.226675
 0.645  0.226678
 0.646  0.226677
 0.647  0.226654
 0.648  0.226648
 0.649  0.226665
 0.650  0.226640
 0.651  0.226629
 0.652  0.226659
 0.653  0.226633
 0.654  0.226620
 0.655  0.226641
 0.656  0.226633
 0.657  0.226618
 0.658  0.226626
 0.659  0.226641
 0.660  0.226624
 0.661  0.226626
 0.662  0.226655
 0.663  0.226637
 0.664  0.226635
 0.665  0.226676
 0.666  0.226657
 0.667  0.226652
 0.668  0.226703
 0.669  0.226683
 0.670  0.226677
 0.671  0.226703
 0.672  0.226716
 0.673  0.226710
 0.674  0.226728
 0.675  0.226756
 0.676  0.226748
 0.677  0.226763
 0.678  0.226802
 0.679  0.226794
 0.680  0.226807
 0.681  0.226855
 0.682  0.226847
 0.683  0.226858
 0.684  0.226914
 0.685  0.226906
 0.686  0.226916
 0.687  0.226979
 0.688  0.226971
 0.689  0.226982
 0.690  0.227050
 0.691  0.227043
 0.692  0.227054
 0.693  0.227128
 0.694  0.227122
 0.695  0.227133
 0.696  0.227198
 0.697  0.227207
 0.698  0.227219
 0.699  0.227281
 0.700  0.227298
 0.701  0.227312
 0.702  0.227375
 0.703  0.227396
 0.704  0.227412
 0.705  0.227479
 0.706  0.227501
 0.707  0.227519
 0.708  0.227595
 0.709  0.227612
 0.710  0.227634
 0.711  0.227727
 0.712  0.227731
 0.713  0.227755
 0.714  0.227849
 0.715  0.227855
 0.716  0.227884
 0.717  0.227978
 0.718  0.227987
 0.719  0.228021
 0.720  0.228113
 0.721  0.228127
 0.722  0.228167
 0.723  0.228256
 0.724  0.228274
 0.725  0.228322
 0.726  0.228405
 0.727  0.228428
 0.728  0.228488
 0.729  0.228563
 0.730  0.228591
 0.731  0.228667
 0.732  0.228728
 0.733  0.228764
 0.734  0.228883
 0.735  0.228900
 0.736  0.228946
 0.737  0.229058
 0.738  0.229082
 0.739  0.229139
 0.740  0.229241
 0.741  0.229273
 0.742  0.229348
 0.743  0.229433
 0.744  0.229475
 0.745  0.229592
 0.746  0.229634
 0.747  0.229688
 0.748  0.229813
 0.749  0.229846
 0.750  0.229918
 0.751  0.230025
 0.752  0.230069
 0.753  0.230173
 0.754  0.230247
 0.755  0.230306
 0.756  0.230443
 0.757  0.230481
 0.758  0.230561
 0.759  0.230677
 0.760  0.230729
 0.761  0.230860
 0.762  0.230922
 0.763  0.230994
 0.764  0.231133
 0.765  0.231182
 0.766  0.231286
 0.767  0.231392
 0.768  0.231460
 0.769  0.231616
 0.770  0.231665
 0.771  0.231764
 0.772  0.231888
 0.773  0.231957
 0.774  0.232126
 0.775  0.232176
 0.776  0.232277
 0.777  0.232413
 0.778  0.232486
 0.779  0.232663
 0.780  0.232718
 0.781  0.232828
 0.782  0.232966
 0.783  0.233047
 0.784  0.233227
 0.785  0.233290
 0.786  0.233418
 0.787  0.233549
 0.788  0.233643
 0.789  0.233820
 0.790  0.233895
 0.791  0.234075
 0.792  0.234163
 0.793  0.234280
 0.794  0.234445
 0.795  0.234538
 0.796  0.234738
 0.797  0.234814
 0.798  0.234981
 0.799  0.235105
 0.800  0.235229
 0.801  0.235407
 0.802  0.235509
 0.803  0.235720
 0.804  0.235806
 0.805  0.236025
 0.806  0.236116
 0.807  0.236268
 0.808  0.236437
 0.809  0.236564
 0.810  0.236769
 0.811  0.236879
 0.812  0.237108
 0.813  0.237207
 0.814  0.237457
 0.815  0.237546
 0.816  0.237739
 0.817  0.237895
 0.818  0.238060
 0.819  0.238253
 0.820  0.238401
 0.821  0.238619
 0.822  0.238756
 0.823  0.238994
 0.824  0.239123
 0.825  0.239377
 0.826  0.239500
 0.827  0.239768
 0.828  0.239887
 0.829  0.240166
 0.830  0.240282
 0.831  0.240571
 0.832  0.240686
 0.833  0.240984
 0.834  0.241099
 0.835  0.241404
 0.836  0.241521
 0.837  0.241831
 0.838  0.241952
 0.839  0.242265
 0.840  0.242392
 0.841  0.242708
 0.842  0.242841
 0.843  0.243158
 0.844  0.243301
 0.845  0.243616
 0.846  0.243773
 0.847  0.244082
 0.848  0.244257
 0.849  0.244558
 0.850  0.244758
 0.851  0.245045
 0.852  0.245282
 0.853  0.245544
 0.854  0.245860
 0.855  0.246056
 0.856  0.246420
 0.857  0.246585
 0.858  0.246934
 0.859  0.247139
 0.860  0.247461
 0.861  0.247733
 0.862  0.248006
 0.863  0.248402
 0.864  0.248576
 0.865  0.248946
 0.866  0.249185
 0.867  0.249512
 0.868  0.249930
 0.869  0.250108
 0.870  0.250502
 0.871  0.250753
 0.872  0.251095
 0.873  0.251533
 0.874  0.251732
 0.875  0.252128
 0.876  0.252463
 0.877  0.252765
 0.878  0.253196
 0.879  0.253481
 0.880  0.253840
 0.881  0.254296
 0.882  0.254567
 0.883  0.254951
 0.884  0.255422
 0.885  0.255707
 0.886  0.256098
 0.887  0.256576
 0.888  0.256910
 0.889  0.257284
 0.890  0.257760
 0.891  0.258281
 0.892  0.258526
 0.893  0.258982
 0.894  0.259500
 0.895  0.259876
 0.896  0.260266
 0.897  0.260757
 0.898  0.261297
 0.899  0.261716
 0.900  0.262106
 0.901  0.262602
 0.902  0.263147
 0.903  0.263724
 0.904  0.264104
 0.905  0.264554
 0.906  0.265076
 0.907  0.265636
 0.908  0.266222
 0.909  0.266827
 0.910  0.267324
 0.911  0.267760
 0.912  0.268290
 0.913  0.268855
 0.914  0.269441
 0.915  0.270041
 0.916  0.270651
 0.917  0.271266
 0.918  0.271891
 0.919  0.272517
 0.920  0.273146
 0.921  0.273778
 0.922  0.274413
 0.923  0.275053
 0.924  0.275699
 0.925  0.276361
 0.926  0.277054
 0.927  0.277815
 0.928  0.278785
 0.929  0.279375
 0.930  0.279992
 0.931  0.280681
 0.932  0.281613
 0.933  0.282406
 0.934  0.283023
 0.935  0.284019
 0.936  0.284742
 0.937  0.285492
 0.938  0.286461
 0.939  0.287247
 0.940  0.288090
 0.941  0.289285
 0.942  0.289973
 0.943  0.290749
 0.944  0.291673
 0.945  0.292633
 0.946  0.293634
 0.947  0.295262
 0.948  0.295621
 0.949  0.297051
 0.950  0.298158
 0.951  0.298559
 0.952  0.299651
 0.953  0.301270
 0.954  0.000000
 0.955  0.000000
 0.956  0.000000
 0.957  0.000000
 0.958  0.000000
 0.959  0.000000
 0.960  0.000000
 0.961  0.000000
 0.962  0.000000
 0.963  0.000000
 0.964  0.000000
 0.965  0.000000
 0.966  0.000000
 0.967  0.000000
 0.968  0.000000
 0.969  0.000000
 0.970  0.000000
 0.971  0.000000
 0.972  0.000000
 0.973  0.000000
 0.974  0.000000
 0.975  0.000000
 0.976  0.000000
 0.977  0.000000
 0.978  0.000000
 0.979  0.000000
 0.980  0.000000
 0.981  0.000000
 0.982  0.000000
 0.983  0.000000
 0.984  0.000000
 0.985  0.000000
 0.986  0.000000
 0.987  0.000000
 0.988  0.000000
 0.989  0.000000
 0.990  0.000000
 0.991  0.000000
 0.992  0.000000
 0.993  0.000000
 0.994  0.000000
 0.995  0.000000
 0.996  0.000000
 0.997  0.000000
 0.998  0.000000
 0.999  0.000000
 1.000  0.000000
