-0.0400  1.430805
-0.0399  1.448620
-0.0398  1.463087
-0.0397  1.491704
-0.0396  1.511391
-0.0395  1.541062
-0.0394  1.567294
-0.0393  1.601393
-0.0392  1.635262
-0.0391  1.679506
-0.0390  1.720248
-0.0389  1.784634
-0.0388  1.852814
-0.0387  1.924929
-0.0386  2.042905
-0.0385  2.236888
-0.0384  2.643699
-0.0383  2.579977
-0.0382  2.276228
-0.0381  2.103843
-0.0380  2.036457
-0.0379  1.948288
-0.0378  1.913547
-0.0377  1.857208
-0.0376  1.820385
-0.0375  1.804315
-0.0374  1.774896
-0.0373  1.724290
-0.0372  1.708701
-0.0371  1.699556
-0.0370  1.719020
-0.0369  1.112000
-0.0368  1.111325
-0.0367  1.110526
-0.0366  1.109581
-0.0365  1.102237
-0.0364  1.089928
-0.0363  1.077660
-0.0362  1.077158
-0.0361  1.076589
-0.0360  1.076003
-0.0359  1.068517
-0.0358  1.063054
-0.0357  1.058615
-0.0356  1.053357
-0.0355  1.049535
-0.0354  1.049217
-0.0353  1.047883
-0.0352  1.042166
-0.0351  1.039158
-0.0350  1.036589
-0.0349  1.034130
-0.0348  1.031403
-0.0347  1.026850
-0.0346  1.026579
-0.0345  1.022808
-0.0344  1.020403
-0.0343  1.018533
-0.0342  1.016897
-0.0341  1.015408
-0.0340  1.013856
-0.0339  1.012149
-0.0338  1.009716
-0.0337  1.005915
-0.0336  1.003946
-0.0335  1.002519
-0.0334  1.001230
-0.0333  1.000117
-0.0332  0.999054
-0.0331  0.998051
-0.0330  0.996954
-0.0329  0.995729
-0.0328  0.992772
-0.0327  0.989648
-0.0326  0.988648
-0.0325  0.987783
-0.0324  0.986979
-0.0323  0.986214
-0.0322  0.985450
-0.0321  0.984692
-0.0320  0.983896
-0.0319  0.983035
-0.0318  0.980788
-0.0317  0.978329
-0.0316  0.976785
-0.0315  0.976102
-0.0314  0.975447
-0.0313  0.974815
-0.0312  0.974206
-0.0311  0.973673
-0.0310  0.973102
-0.0309  0.972482
-0.0308  0.971579
-0.0307  0.969628
-0.0306  0.968032
-0.0305  0.966458
-0.0304  0.965993
-0.0303  0.965539
-0.0302  0.965082
-0.0301  0.964637
-0.0300  0.964191
-0.0299  0.963739
-0.0298  0.963271
-0.0297  0.962719
-0.0296  0.961341
-0.0295  0.960277
-0.0294  0.958863
-0.0293  0.958030
-0.0292  0.957647
-0.0291  0.957270
-0.0290  0.956898
-0.0289  0.956530
-0.0288  0.956148
-0.0287  0.955765
-0.0286  0.955358
-0.0285  0.954665
-0.0284  0.953569
-0.0283  0.952664
-0.0282  0.951536
-0.0281  0.950813
-0.0280  0.950452
-0.0279  0.950169
-0.0278  0.949955
-0.0277  0.949700
-0.0276  0.949442
-0.0275  0.949190
-0.0274  0.948889
-0.0273  0.948478
-0.0272  0.947561
-0.0271  0.946858
-0.0270  0.946084
-0.0269  0.945148
-0.0268  0.944879
-0.0267  0.944640
-0.0266  0.944464
-0.0265  0.944248
-0.0264  0.944022
-0.0263  0.943781
-0.0262  0.943526
-0.0261  0.943257
-0.0260  0.942664
-0.0259  0.942022
-0.0258  0.941424
-0.0257  0.940634
-0.0256  0.940133
-0.0255  0.939924
-0.0254  0.939669
-0.0253  0.939390
-0.0252  0.939186
-0.0251  0.939093
-0.0250  0.938963
-0.0249  0.938777
-0.0248  0.938569
-0.0247  0.938095
-0.0246  0.937594
-0.0245  0.937100
-0.0244  0.936308
-0.0243  0.936108
-0.0242  0.935932
-0.0241  0.935758
-0.0240  0.935587
-0.0239  0.935412
-0.0238  0.935231
-0.0237  0.935090
-0.0236  0.934970
-0.0235  0.934821
-0.0234  0.934549
-0.0233  0.934046
-0.0232  0.933613
-0.0231  0.932903
-0.0230  0.932735
-0.0229  0.932562
-0.0228  0.932389
-0.0227  0.932211
-0.0226  0.932012
-0.0225  0.931811
-0.0224  0.931722
-0.0223  0.931581
-0.0222  0.931482
-0.0221  0.931390
-0.0220  0.931045
-0.0219  0.930700
-0.0218  0.930187
-0.0217  0.929984
-0.0216  0.929886
-0.0215  0.929803
-0.0214  0.929692
-0.0213  0.929570
-0.0212  0.929437
-0.0211  0.929300
-0.0210  0.929154
-0.0209  0.929000
-0.0208  0.928829
-0.0207  0.928717
-0.0206  0.928387
-0.0205  0.928019
-0.0204  0.927685
-0.0203  0.927580
-0.0202  0.927478
-0.0201  0.927370
-0.0200  0.927243
-0.0199  0.927088
-0.0198  0.926952
-0.0197  0.926901
-0.0196  0.926842
-0.0195  0.926758
-0.0194  0.926622
-0.0193  0.926454
-0.0192  0.926218
-0.0191  0.925876
-0.0190  0.925827
-0.0189  0.925764
-0.0188  0.925696
-0.0187  0.925624
-0.0186  0.925547
-0.0185  0.925465
-0.0184  0.925376
-0.0183  0.925274
-0.0182  0.925167
-0.0181  0.925049
-0.0180  0.924911
-0.0179  0.924733
-0.0178  0.924391
-0.0177  0.924326
-0.0176  0.924304
-0.0175  0.924277
-0.0174  0.924199
-0.0173  0.924114
-0.0172  0.924024
-0.0171  0.923871
-0.0170  0.923872
-0.0169  0.923813
-0.0168  0.923746
-0.0167  0.923664
-0.0166  0.923554
-0.0165  0.923395
-0.0164  0.923099
-0.0163  0.923143
-0.0162  0.923163
-0.0161  0.923158
-0.0160  0.923143
-0.0159  0.923121
-0.0158  0.923090
-0.0157  0.923052
-0.0156  0.923016
-0.0155  0.922972
-0.0154  0.922888
-0.0153  0.922788
-0.0152  0.922659
-0.0151  0.922423
-0.0150  0.922291
-0.0149  0.922273
-0.0148  0.922315
-0.0147  0.922313
-0.0146  0.922291
-0.0145  0.922234
-0.0144  0.922165
-0.0143  0.922161
-0.0142  0.922175
-0.0141  0.922145
-0.0140  0.922104
-0.0139  0.922048
-0.0138  0.921960
-0.0137  0.921797
-0.0136  0.921827
-0.0135  0.921801
-0.0134  0.921889
-0.0133  0.921936
-0.0132  0.921955
-0.0131  0.921960
-0.0130  0.921953
-0.0129  0.921935
-0.0128  0.921906
-0.0127  0.921867
-0.0126  0.921814
-0.0125  0.921741
-0.0124  0.921617
-0.0123  0.921509
-0.0122  0.921506
-0.0121  0.921493
-0.0120  0.921538
-0.0119  0.921618
-0.0118  0.921649
-0.0117  0.921647
-0.0116  0.921706
-0.0115  0.921727
-0.0114  0.921741
-0.0113  0.921742
-0.0112  0.921725
-0.0111  0.921675
-0.0110  0.921527
-0.0109  0.921546
-0.0108  0.921562
-0.0107  0.921585
-0.0106  0.921657
-0.0105  0.921788
-0.0104  0.921869
-0.0103  0.921918
-0.0102  0.921956
-0.0101  0.921979
-0.0100  0.921993
-0.0099  0.921996
-0.0098  0.921988
-0.0097  0.921970
-0.0096  0.921858
-0.0095  0.921864
-0.0094  0.921867
-0.0093  0.921877
-0.0092  0.921945
-0.0091  0.922077
-0.0090  0.922123
-0.0089  0.922183
-0.0088  0.922264
-0.0087  0.922330
-0.0086  0.922373
-0.0085  0.922402
-0.0084  0.922414
-0.0083  0.922384
-0.0082  0.922376
-0.0081  0.922429
-0.0080  0.922477
-0.0079  0.922525
-0.0078  0.922690
-0.0077  0.922885
-0.0076  0.923002
-0.0075  0.923087
-0.0074  0.923150
-0.0073  0.923199
-0.0072  0.923236
-0.0071  0.923259
-0.0070  0.923259
-0.0069  0.923187
-0.0068  0.923234
-0.0067  0.923276
-0.0066  0.923309
-0.0065  0.923330
-0.0064  0.923479
-0.0063  0.923675
-0.0062  0.923834
-0.0061  0.923925
-0.0060  0.924057
-0.0059  0.924187
-0.0058  0.924296
-0.0057  0.924350
-0.0056  0.924377
-0.0055  0.924367
-0.0054  0.924442
-0.0053  0.924510
-0.0052  0.924573
-0.0051  0.924635
-0.0050  0.924888
-0.0049  0.925128
-0.0048  0.925288
-0.0047  0.925417
-0.0046  0.925530
-0.0045  0.925627
-0.0044  0.925711
-0.0043  0.925779
-0.0042  0.925808
-0.0041  0.925850
-0.0040  0.925950
-0.0039  0.926042
-0.0038  0.926100
-0.0037  0.926280
-0.0036  0.926511
-0.0035  0.926707
-0.0034  0.926885
-0.0033  0.927056
-0.0032  0.927203
-0.0031  0.927333
-0.0030  0.927453
-0.0029  0.927551
-0.0028  0.927594
-0.0027  0.927718
-0.0026  0.927831
-0.0025  0.927940
-0.0024  0.928164
-0.0023  0.928473
-0.0022  0.928711
-0.0021  0.928951
-0.0020  0.929191
-0.0019  0.929359
-0.0018  0.929507
-0.0017  0.929642
-0.0016  0.929758
-0.0015  0.929853
-0.0014  0.929913
-0.0013  0.930032
-0.0012  0.930147
-0.0011  0.930391
-0.0010  0.930710
-0.0009  0.930946
-0.0008  0.931143
-0.0007  0.931399
-0.0006  0.931600
-0.0005  0.931840
-0.0004  0.932063
-0.0003  0.932273
-0.0002  0.932483
-0.0001  0.932618
 0.0000  0.932737
 0.0001  0.932894
 0.0002  0.933259
 0.0003  0.933661
 0.0004  0.933952
 0.0005  0.934210
 0.0006  0.934446
 0.0007  0.934667
 0.0008  0.934923
 0.0009  0.935166
 0.0010  0.935382
 0.0011  0.935579
 0.0012  0.935760
 0.0013  0.935892
 0.0014  0.936221
 0.0015  0.936703
 0.0016  0.937077
 0.0017  0.937429
 0.0018  0.937695
 0.0019  0.937947
 0.0020  0.938199
 0.0021  0.938443
 0.0022  0.938690
 0.0023  0.939005
 0.0024  0.939271
 0.0025  0.939521
 0.0026  0.939903
 0.0027  0.940432
 0.0028  0.940884
 0.0029  0.941277
 0.0030  0.941635
 0.0031  0.941978
 0.0032  0.942308
 0.0033  0.942628
 0.0034  0.942941
 0.0035  0.943257
 0.0036  0.943554
 0.0037  0.943891
 0.0038  0.944457
 0.0039  0.945094
 0.0040  0.945562
 0.0041  0.945965
 0.0042  0.946371
 0.0043  0.946754
 0.0044  0.947121
 0.0045  0.947460
 0.0046  0.947793
 0.0047  0.948119
 0.0048  0.948521
 0.0049  0.949015
 0.0050  0.949807
 0.0051  0.950506
 0.0052  0.951118
 0.0053  0.951668
 0.0054  0.952189
 0.0055  0.952646
 0.0056  0.953100
 0.0057  0.953542
 0.0058  0.953974
 0.0059  0.954395
 0.0060  0.955121
 0.0061  0.956031
 0.0062  0.956739
 0.0063  0.957378
 0.0064  0.957972
 0.0065  0.958583
 0.0066  0.959193
 0.0067  0.959761
 0.0068  0.960276
 0.0069  0.960802
 0.0070  0.961360
 0.0071  0.962608
 0.0072  0.963592
 0.0073  0.964385
 0.0074  0.965125
 0.0075  0.965851
 0.0076  0.966545
 0.0077  0.967193
 0.0078  0.967855
 0.0079  0.968511
 0.0080  0.969505
 0.0081  0.970920
 0.0082  0.972057
 0.0083  0.973072
 0.0084  0.974018
 0.0085  0.974928
 0.0086  0.975805
 0.0087  0.976667
 0.0088  0.977511
 0.0089  0.978352
 0.0090  0.980162
 0.0091  0.981677
 0.0092  0.982942
 0.0093  0.984125
 0.0094  0.985330
 0.0095  0.986454
 0.0096  0.987530
 0.0097  0.988586
 0.0098  0.990102
 0.0099  0.992242
 0.0100  0.994009
 0.0101  0.995580
 0.0102  0.997070
 0.0103  0.998602
 0.0104  1.000015
 0.0105  1.001394
 0.0106  1.003541
 0.0107  1.006323
 0.0108  1.008795
 0.0109  1.010962
 0.0110  1.012980
 0.0111  1.014940
 0.0112  1.016847
 0.0113  1.019322
 0.0114  1.023199
 0.0115  1.026481
 0.0116  1.029424
 0.0117  1.032230
 0.0118  1.034951
 0.0119  1.037637
 0.0120  1.042832
 0.0121  1.048183
 0.0122  1.052650
 0.0123  1.056896
 0.0124  1.060989
 0.0125  1.067915
 0.0126  1.076282
 0.0127  1.083498
 0.0128  1.090366
 0.0129  1.099736
 0.0130  1.114881
 0.0131  1.128671
 0.0132  1.141987
 0.0133  1.178861
 0.0134  1.226260
 0.0135  1.275267
 0.0136  1.217080
 0.0137  1.162543
 0.0138  1.140195
 0.0139  1.119589
 0.0140  1.106783
 0.0141  1.091456
 0.0142  1.082478
 0.0143  1.075391
 0.0144  1.064930
 0.0145  1.058503
 0.0146  1.053373
 0.0147  1.044844
 0.0148  1.039524
 0.0149  1.035866
 0.0150  1.031501
 0.0151  1.025030
 0.0152  1.020937
 0.0153  1.018036
 0.0154  1.014611
 0.0155  1.009541
 0.0156  1.005319
 0.0157  1.003018
 0.0158  1.000449
 0.0159  0.997317
 0.0160  0.992730
 0.0161  0.990023
 0.0162  0.988000
 0.0163  0.985772
 0.0164  0.983252
 0.0165  0.980158
 0.0166  0.976711
 0.0167  0.974984
 0.0168  0.973138
 0.0169  0.971123
 0.0170  0.968873
 0.0171  0.965598
 0.0172  0.963242
 0.0173  0.961720
 0.0174  0.960084
 0.0175  0.958413
 0.0176  0.956462
 0.0177  0.954087
 0.0178  0.951558
 0.0179  0.950076
 0.0180  0.948659
 0.0181  0.947200
 0.0182  0.945563
 0.0183  0.943764
 0.0184  0.941481
 0.0185  0.939258
 0.0186  0.938049
 0.0187  0.936791
 0.0188  0.935416
 0.0189  0.934007
 0.0190  0.932473
 0.0191  0.930686
 0.0192  0.928559
 0.0193  0.927324
 0.0194  0.926238
 0.0195  0.925085
 0.0196  0.923901
 0.0197  0.922576
 0.0198  0.921160
 0.0199  0.919492
 0.0200  0.917539
 0.0201  0.916358
 0.0202  0.915294
 0.0203  0.914208
 0.0204  0.913078
 0.0205  0.911880
 0.0206  0.910658
 0.0207  0.909336
 0.0208  0.907444
 0.0209  0.906205
 0.0210  0.905242
 0.0211  0.904272
 0.0212  0.903261
 0.0213  0.902310
 0.0214  0.901205
 0.0215  0.899954
 0.0216  0.898645
 0.0217  0.896985
 0.0218  0.895870
 0.0219  0.895004
 0.0220  0.894168
 0.0221  0.893258
 0.0222  0.892310
 0.0223  0.891305
 0.0224  0.890264
 0.0225  0.889100
 0.0226  0.887700
 0.0227  0.886361
 0.0228  0.885550
 0.0229  0.884758
 0.0230  0.883905
 0.0231  0.883012
 0.0232  0.882089
 0.0233  0.881141
 0.0234  0.880207
 0.0235  0.879105
 0.0236  0.877654
 0.0237  0.876535
 0.0238  0.875742
 0.0239  0.874950
 0.0240  0.874189
 0.0241  0.873375
 0.0242  0.872519
 0.0243  0.871610
 0.0244  0.870717
 0.0245  0.869786
 0.0246  0.868732
 0.0247  0.867474
 0.0248  0.866719
 0.0249  0.865994
 0.0250  0.865239
 0.0251  0.864468
 0.0252  0.863691
 0.0253  0.862881
 0.0254  0.862059
 0.0255  0.861188
 0.0256  0.860263
 0.0257  0.859215
 0.0258  0.858014
 0.0259  0.857240
 0.0260  0.856554
 0.0261  0.855878
 0.0262  0.855310
 0.0263  0.854549
 0.0264  0.853776
 0.0265  0.852978
 0.0266  0.852128
 0.0267  0.851257
 0.0268  0.850408
 0.0269  0.849197
 0.0270  0.848321
 0.0271  0.847629
 0.0272  0.846993
 0.0273  0.846343
 0.0274  0.845679
 0.0275  0.845024
 0.0276  0.844393
 0.0277  0.843677
 0.0278  0.842977
 0.0279  0.842198
 0.0280  0.841325
 0.0281  0.840180
 0.0282  0.839361
 0.0283  0.838727
 0.0284  0.838085
 0.0285  0.837433
 0.0286  0.836776
 0.0287  0.836112
 0.0288  0.835434
 0.0289  0.834766
 0.0290  0.834106
 0.0291  0.833362
 0.0292  0.832578
 0.0293  0.831714
 0.0294  0.830757
 0.0295  0.830123
 0.0296  0.829525
 0.0297  0.828889
 0.0298  0.828224
 0.0299  0.827581
 0.0300  0.826952
 0.0301  0.826325
 0.0302  0.825688
 0.0303  0.825050
 0.0304  0.824399
 0.0305  0.823667
 0.0306  0.822869
 0.0307  0.821927
 0.0308  0.821260
 0.0309  0.820711
 0.0310  0.820205
 0.0311  0.819598
 0.0312  0.818985
 0.0313  0.818372
 0.0314  0.817748
 0.0315  0.817109
 0.0316  0.816475
 0.0317  0.815853
 0.0318  0.815175
 0.0319  0.814433
 0.0320  0.813575
 0.0321  0.812682
 0.0322  0.812114
 0.0323  0.811640
 0.0324  0.811098
 0.0325  0.810550
 0.0326  0.809995
 0.0327  0.809424
 0.0328  0.808844
 0.0329  0.808261
 0.0330  0.807667
 0.0331  0.807098
 0.0332  0.806442
 0.0333  0.805753
 0.0334  0.804987
 0.0335  0.804132
 0.0336  0.803572
 0.0337  0.803044
 0.0338  0.802520
 0.0339  0.801992
 0.0340  0.801469
 0.0341  0.800977
 0.0342  0.800407
 0.0343  0.799829
 0.0344  0.799250
 0.0345  0.798683
 0.0346  0.798042
 0.0347  0.797393
 0.0348  0.796696
 0.0349  0.795850
 0.0350  0.795195
 0.0351  0.794708
 0.0352  0.794192
 0.0353  0.793641
 0.0354  0.793119
 0.0355  0.792638
 0.0356  0.792200
 0.0357  0.791672
 0.0358  0.791157
 0.0359  0.790623
 0.0360  0.790044
 0.0361  0.789456
 0.0362  0.788847
 0.0363  0.788210
 0.0364  0.787482
 0.0365  0.786717
 0.0366  0.786226
 0.0367  0.785731
 0.0368  0.785240
 0.0369  0.784754
 0.0370  0.784290
 0.0371  0.783849
 0.0372  0.783355
 0.0373  0.782801
 0.0374  0.782242
 0.0375  0.781664
 0.0376  0.781081
 0.0377  0.780474
 0.0378  0.779955
 0.0379  0.779324
 0.0380  0.778514
 0.0381  0.777900
 0.0382  0.777458
 0.0383  0.777022
 0.0384  0.776588
 0.0385  0.776192
 0.0386  0.775760
 0.0387  0.775245
 0.0388  0.774731
 0.0389  0.774211
 0.0390  0.773686
 0.0391  0.773159
 0.0392  0.772619
 0.0393  0.772074
 0.0394  0.771509
 0.0395  0.770927
 0.0396  0.770263
 0.0397  0.769589
 0.0398  0.769155
 0.0399  0.768772
 0.0400  0.768342
