-0.0400  1.010278
-0.0399  1.011734
-0.0398  1.013119
-0.0397  1.014411
-0.0396  1.015679
-0.0395  1.017676
-0.0394  1.020309
-0.0393  1.022340
-0.0392  1.024097
-0.0391  1.025852
-0.0390  1.027436
-0.0389  1.028980
-0.0388  1.030452
-0.0387  1.033101
-0.0386  1.036465
-0.0385  1.039354
-0.0384  1.041312
-0.0383  1.043077
-0.0382  1.044800
-0.0381  1.046426
-0.0380  1.048003
-0.0379  1.051496
-0.0378  1.054214
-0.0377  1.056482
-0.0376  1.058610
-0.0375  1.060705
-0.0374  1.062638
-0.0373  1.064503
-0.0372  1.067871
-0.0371  1.071330
-0.0370  1.074072
-0.0369  1.077252
-0.0368  1.080116
-0.0367  1.082211
-0.0366  1.084234
-0.0365  1.088220
-0.0364  1.091896
-0.0363  1.094927
-0.0362  1.097580
-0.0361  1.099986
-0.0360  1.102474
-0.0359  1.104945
-0.0358  1.110562
-0.0357  1.114446
-0.0356  1.117607
-0.0355  1.120667
-0.0354  1.123429
-0.0353  1.126164
-0.0352  1.133878
-0.0351  1.138194
-0.0350  1.141926
-0.0349  1.145167
-0.0348  1.148304
-0.0347  1.152897
-0.0346  1.159495
-0.0345  1.164234
-0.0344  1.168366
-0.0343  1.172207
-0.0342  1.175770
-0.0341  1.184614
-0.0340  1.190480
-0.0339  1.195501
-0.0338  1.200076
-0.0337  1.205075
-0.0336  1.215506
-0.0335  1.223175
-0.0334  1.228711
-0.0333  1.233559
-0.0332  1.245140
-0.0331  1.253817
-0.0330  1.260486
-0.0329  1.266949
-0.0328  1.280434
-0.0327  1.291028
-0.0326  1.299746
-0.0325  1.308310
-0.0324  1.326723
-0.0323  1.338557
-0.0322  1.347433
-0.0321  1.372138
-0.0320  1.386353
-0.0319  1.404504
-0.0318  1.433043
-0.0317  1.449135
-0.0316  1.490815
-0.0315  1.516154
-0.0314  1.573281
-0.0313  1.644924
-0.0312  1.752802
-0.0311  3.072697
-0.0310  2.653006
-0.0309  2.216436
-0.0308  2.060808
-0.0307  1.964254
-0.0306  1.893922
-0.0305  1.838618
-0.0304  1.792097
-0.0303  1.761116
-0.0302  1.735396
-0.0301  1.713368
-0.0300  1.685059
-0.0299  1.664010
-0.0298  1.648279
-0.0297  1.634105
-0.0296  1.622113
-0.0295  1.610564
-0.0294  1.594916
-0.0293  1.585132
-0.0292  1.574170
-0.0291  1.564652
-0.0290  1.559417
-0.0289  1.552582
-0.0288  1.541229
-0.0287  1.541183
-0.0286  1.528451
-0.0285  1.522272
-0.0284  1.518466
-0.0283  1.509598
-0.0282  1.510844
-0.0281  1.499626
-0.0280  1.501158
-0.0279  1.490798
-0.0278  1.484391
-0.0277  1.487674
-0.0276  1.486078
-0.0275  1.444408
-0.0274  1.070496
-0.0273  1.069631
-0.0272  1.068007
-0.0271  1.066885
-0.0270  1.065907
-0.0269  1.065216
-0.0268  1.063923
-0.0267  1.062854
-0.0266  1.062267
-0.0265  1.061685
-0.0264  1.060944
-0.0263  1.059995
-0.0262  1.059213
-0.0261  1.058465
-0.0260  1.057726
-0.0259  1.056756
-0.0258  1.056255
-0.0257  1.055954
-0.0256  1.055682
-0.0255  1.055443
-0.0254  1.054963
-0.0253  1.054734
-0.0252  1.054564
-0.0251  1.054137
-0.0250  1.053495
-0.0249  1.053134
-0.0248  1.052923
-0.0247  1.052719
-0.0246  1.052522
-0.0245  1.052268
-0.0244  1.051996
-0.0243  1.051761
-0.0242  1.051518
-0.0241  1.051198
-0.0240  1.051034
-0.0239  1.051027
-0.0238  1.051060
-0.0237  1.051173
-0.0236  1.051497
-0.0235  1.051401
-0.0234  1.051271
-0.0233  1.051137
-0.0232  1.050981
-0.0231  1.050865
-0.0230  1.050852
-0.0229  1.050829
-0.0228  1.050815
-0.0227  1.050812
-0.0226  1.050816
-0.0225  1.050845
-0.0224  1.050885
-0.0223  1.050931
-0.0222  1.051035
-0.0221  1.051262
-0.0220  1.051741
-0.0219  1.051781
-0.0218  1.051808
-0.0217  1.051826
-0.0216  1.051849
-0.0215  1.051977
-0.0214  1.052037
-0.0213  1.052110
-0.0212  1.052202
-0.0211  1.052299
-0.0210  1.052401
-0.0209  1.052515
-0.0208  1.052635
-0.0207  1.052773
-0.0206  1.052942
-0.0205  1.053353
-0.0204  1.053915
-0.0203  1.054042
-0.0202  1.054140
-0.0201  1.054233
-0.0200  1.054308
-0.0199  1.054375
-0.0198  1.054443
-0.0197  1.054492
-0.0196  1.054602
-0.0195  1.054879
-0.0194  1.055072
-0.0193  1.055254
-0.0192  1.055434
-0.0191  1.055621
-0.0190  1.055835
-0.0189  1.056159
-0.0188  1.056548
-0.0187  1.056642
-0.0186  1.056717
-0.0185  1.056966
-0.0184  1.057111
-0.0183  1.057233
-0.0182  1.057341
-0.0181  1.057443
-0.0180  1.057545
-0.0179  1.057644
-0.0178  1.057790
-0.0177  1.057923
-0.0176  1.058068
-0.0175  1.058399
-0.0174  1.058649
-0.0173  1.059153
-0.0172  1.059256
-0.0171  1.059311
-0.0170  1.059317
-0.0169  1.059365
-0.0168  1.059421
-0.0167  1.059470
-0.0166  1.059517
-0.0165  1.059748
-0.0164  1.059861
-0.0163  1.059942
-0.0162  1.059999
-0.0161  1.060099
-0.0160  1.060201
-0.0159  1.060318
-0.0158  1.060496
-0.0157  1.060768
-0.0156  1.060804
-0.0155  1.060913
-0.0154  1.060882
-0.0153  1.060917
-0.0152  1.060929
-0.0151  1.060948
-0.0150  1.060975
-0.0149  1.060958
-0.0148  1.060929
-0.0147  1.060876
-0.0146  1.060809
-0.0145  1.060926
-0.0144  1.060986
-0.0143  1.061069
-0.0142  1.061215
-0.0141  1.061231
-0.0140  1.061154
-0.0139  1.061024
-0.0138  1.060763
-0.0137  1.060702
-0.0136  1.060701
-0.0135  1.060690
-0.0134  1.060630
-0.0133  1.060537
-0.0132  1.060416
-0.0131  1.060254
-0.0130  1.059937
-0.0129  1.059891
-0.0128  1.059872
-0.0127  1.059984
-0.0126  1.059876
-0.0125  1.059807
-0.0124  1.059623
-0.0123  1.059412
-0.0122  1.058969
-0.0121  1.058849
-0.0120  1.058692
-0.0119  1.058508
-0.0118  1.058307
-0.0117  1.058087
-0.0116  1.057891
-0.0115  1.057574
-0.0114  1.057063
-0.0113  1.056981
-0.0112  1.057017
-0.0111  1.056738
-0.0110  1.056531
-0.0109  1.056280
-0.0108  1.055960
-0.0107  1.055559
-0.0106  1.054938
-0.0105  1.054734
-0.0104  1.054494
-0.0103  1.054232
-0.0102  1.053943
-0.0101  1.053625
-0.0100  1.053271
-0.0099  1.052845
-0.0098  1.052140
-0.0097  1.052062
-0.0096  1.051756
-0.0095  1.051425
-0.0094  1.051154
-0.0093  1.050803
-0.0092  1.050380
-0.0091  1.049867
-0.0090  1.049023
-0.0089  1.048604
-0.0088  1.048284
-0.0087  1.047912
-0.0086  1.047554
-0.0085  1.047164
-0.0084  1.046737
-0.0083  1.046295
-0.0082  1.045644
-0.0081  1.044885
-0.0080  1.044475
-0.0079  1.044050
-0.0078  1.043773
-0.0077  1.043381
-0.0076  1.042854
-0.0075  1.042271
-0.0074  1.041558
-0.0073  1.040560
-0.0072  1.040183
-0.0071  1.039795
-0.0070  1.039392
-0.0069  1.039000
-0.0068  1.038748
-0.0067  1.038200
-0.0066  1.037420
-0.0065  1.036454
-0.0064  1.035534
-0.0063  1.035131
-0.0062  1.034729
-0.0061  1.034269
-0.0060  1.033737
-0.0059  1.033188
-0.0058  1.032643
-0.0057  1.032043
-0.0056  1.030934
-0.0055  1.030158
-0.0054  1.029793
-0.0053  1.029358
-0.0052  1.028792
-0.0051  1.028195
-0.0050  1.027564
-0.0049  1.026909
-0.0048  1.026204
-0.0047  1.025531
-0.0046  1.024352
-0.0045  1.023860
-0.0044  1.023343
-0.0043  1.022811
-0.0042  1.022260
-0.0041  1.021703
-0.0040  1.021187
-0.0039  1.020637
-0.0038  1.019854
-0.0037  1.018900
-0.0036  1.017921
-0.0035  1.017305
-0.0034  1.016668
-0.0033  1.016017
-0.0032  1.015370
-0.0031  1.014832
-0.0030  1.014212
-0.0029  1.013549
-0.0028  1.012824
-0.0027  1.011997
-0.0026  1.011192
-0.0025  1.010728
-0.0024  1.010081
-0.0023  1.009413
-0.0022  1.008728
-0.0021  1.008026
-0.0020  1.007295
-0.0019  1.006534
-0.0018  1.005742
-0.0017  1.004885
-0.0016  1.004106
-0.0015  1.003568
-0.0014  1.002996
-0.0013  1.002443
-0.0012  1.001885
-0.0011  1.001353
-0.0010  1.000639
-0.0009  0.999884
-0.0008  0.999104
-0.0007  0.998277
-0.0006  0.997308
-0.0005  0.996635
-0.0004  0.995928
-0.0003  0.995260
-0.0002  0.994588
-0.0001  0.993985
 0.0000  0.993445
 0.0001  0.992838
 0.0002  0.992219
 0.0003  0.991578
 0.0004  0.990664
 0.0005  0.989969
 0.0006  0.989320
 0.0007  0.988653
 0.0008  0.987980
 0.0009  0.987298
 0.0010  0.986603
 0.0011  0.985893
 0.0012  0.985169
 0.0013  0.984425
 0.0014  0.983632
 0.0015  0.983060
 0.0016  0.982645
 0.0017  0.982090
 0.0018  0.981467
 0.0019  0.980823
 0.0020  0.980166
 0.0021  0.979479
 0.0022  0.978768
 0.0023  0.978038
 0.0024  0.977253
 0.0025  0.976402
 0.0026  0.975780
 0.0027  0.975172
 0.0028  0.974560
 0.0029  0.973960
 0.0030  0.973588
 0.0031  0.973025
 0.0032  0.972410
 0.0033  0.971765
 0.0034  0.971085
 0.0035  0.970336
 0.0036  0.969606
 0.0037  0.969014
 0.0038  0.968415
 0.0039  0.967808
 0.0040  0.967194
 0.0041  0.966577
 0.0042  0.965961
 0.0043  0.965418
 0.0044  0.964794
 0.0045  0.964251
 0.0046  0.963567
 0.0047  0.963038
 0.0048  0.962497
 0.0049  0.961940
 0.0050  0.961366
 0.0051  0.960745
 0.0052  0.960146
 0.0053  0.959560
 0.0054  0.958963
 0.0055  0.958348
 0.0056  0.957701
 0.0057  0.957071
 0.0058  0.956496
 0.0059  0.955916
 0.0060  0.955514
 0.0061  0.955083
 0.0062  0.954587
 0.0063  0.954061
 0.0064  0.953517
 0.0065  0.952954
 0.0066  0.952360
 0.0067  0.951661
 0.0068  0.951127
 0.0069  0.950639
 0.0070  0.950196
 0.0071  0.949675
 0.0072  0.949146
 0.0073  0.948586
 0.0074  0.948019
 0.0075  0.947675
 0.0076  0.947242
 0.0077  0.946712
 0.0078  0.946066
 0.0079  0.945578
 0.0080  0.945139
 0.0081  0.944697
 0.0082  0.944258
 0.0083  0.943836
 0.0084  0.943342
 0.0085  0.942822
 0.0086  0.942286
 0.0087  0.941731
 0.0088  0.941134
 0.0089  0.940510
 0.0090  0.940365
 0.0091  0.940033
 0.0092  0.939667
 0.0093  0.939273
 0.0094  0.938868
 0.0095  0.938450
 0.0096  0.938051
 0.0097  0.937584
 0.0098  0.937071
 0.0099  0.936541
 0.0100  0.936036
 0.0101  0.935618
 0.0102  0.935186
 0.0103  0.934743
 0.0104  0.934549
 0.0105  0.934305
 0.0106  0.933961
 0.0107  0.933580
 0.0108  0.933222
 0.0109  0.932856
 0.0110  0.932345
 0.0111  0.931953
 0.0112  0.931586
 0.0113  0.931214
 0.0114  0.930838
 0.0115  0.930451
 0.0116  0.930057
 0.0117  0.929653
 0.0118  0.929426
 0.0119  0.929283
 0.0120  0.929008
 0.0121  0.928622
 0.0122  0.928383
 0.0123  0.928094
 0.0124  0.927790
 0.0125  0.927476
 0.0126  0.927146
 0.0127  0.926836
 0.0128  0.926532
 0.0129  0.926184
 0.0130  0.925824
 0.0131  0.925440
 0.0132  0.925188
 0.0133  0.925160
 0.0134  0.925032
 0.0135  0.924853
 0.0136  0.924651
 0.0137  0.924429
 0.0138  0.924192
 0.0139  0.923939
 0.0140  0.923669
 0.0141  0.923384
 0.0142  0.923073
 0.0143  0.922682
 0.0144  0.922432
 0.0145  0.922192
 0.0146  0.922348
 0.0147  0.922384
 0.0148  0.922325
 0.0149  0.922205
 0.0150  0.922047
 0.0151  0.921867
 0.0152  0.921668
 0.0153  0.921436
 0.0154  0.921128
 0.0155  0.920989
 0.0156  0.920849
 0.0157  0.920686
 0.0158  0.920520
 0.0159  0.920587
 0.0160  0.920835
 0.0161  0.920859
 0.0162  0.920792
 0.0163  0.920719
 0.0164  0.920620
 0.0165  0.920447
 0.0166  0.920386
 0.0167  0.920326
 0.0168  0.920264
 0.0169  0.920184
 0.0170  0.920096
 0.0171  0.920008
 0.0172  0.920195
 0.0173  0.920570
 0.0174  0.920715
 0.0175  0.920776
 0.0176  0.920751
 0.0177  0.920806
 0.0178  0.920872
 0.0179  0.920917
 0.0180  0.920954
 0.0181  0.920984
 0.0182  0.920989
 0.0183  0.921000
 0.0184  0.921046
 0.0185  0.921663
 0.0186  0.922042
 0.0187  0.922234
 0.0188  0.922467
 0.0189  0.922685
 0.0190  0.922838
 0.0191  0.923041
 0.0192  0.923224
 0.0193  0.923403
 0.0194  0.923568
 0.0195  0.923715
 0.0196  0.923857
 0.0197  0.924579
 0.0198  0.925162
 0.0199  0.925671
 0.0200  0.926125
 0.0201  0.926543
 0.0202  0.926937
 0.0203  0.927310
 0.0204  0.927663
 0.0205  0.928001
 0.0206  0.928334
 0.0207  0.928652
 0.0208  0.928952
 0.0209  0.930166
 0.0210  0.931030
 0.0211  0.931770
 0.0212  0.932492
 0.0213  0.933165
 0.0214  0.933803
 0.0215  0.934424
 0.0216  0.935006
 0.0217  0.935568
 0.0218  0.936129
 0.0219  0.936712
 0.0220  0.938364
 0.0221  0.939609
 0.0222  0.940764
 0.0223  0.941814
 0.0224  0.942845
 0.0225  0.943837
 0.0226  0.944824
 0.0227  0.945811
 0.0228  0.946783
 0.0229  0.947757
 0.0230  0.949503
 0.0231  0.951570
 0.0232  0.953253
 0.0233  0.954918
 0.0234  0.956497
 0.0235  0.958082
 0.0236  0.959667
 0.0237  0.961242
 0.0238  0.962837
 0.0239  0.964464
 0.0240  0.967654
 0.0241  0.970603
 0.0242  0.973201
 0.0243  0.975725
 0.0244  0.978333
 0.0245  0.980921
 0.0246  0.983614
 0.0247  0.986387
 0.0248  0.989273
 0.0249  0.994539
 0.0250  0.999357
 0.0251  1.003894
 0.0252  1.008519
 0.0253  1.013345
 0.0254  1.018325
 0.0255  1.023772
 0.0256  1.029687
 0.0257  1.039756
 0.0258  1.049683
 0.0259  1.059882
 0.0260  1.071477
 0.0261  1.084581
 0.0262  1.100875
 0.0263  1.122094
 0.0264  1.161127
 0.0265  1.223862
 0.0266  1.576780
 0.0267  1.198571
 0.0268  1.152959
 0.0269  1.114953
 0.0270  1.084388
 0.0271  1.059491
 0.0272  1.052185
 0.0273  1.033236
 0.0274  1.024003
 0.0275  1.010182
 0.0276  1.003735
 0.0277  0.990707
 0.0278  0.985758
 0.0279  0.975709
 0.0280  0.969566
 0.0281  0.964188
 0.0282  0.954541
 0.0283  0.950888
 0.0284  0.946340
 0.0285  0.937627
 0.0286  0.934855
 0.0287  0.930640
 0.0288  0.925162
 0.0289  0.920141
 0.0290  0.916882
 0.0291  0.913557
 0.0292  0.907308
 0.0293  0.904062
 0.0294  0.901516
 0.0295  0.898198
 0.0296  0.893434
 0.0297  0.889791
 0.0298  0.887543
 0.0299  0.884731
 0.0300  0.881508
 0.0301  0.876676
 0.0302  0.874741
 0.0303  0.872487
 0.0304  0.870182
 0.0305  0.867233
 0.0306  0.862903
 0.0307  0.861012
 0.0308  0.859104
 0.0309  0.856938
 0.0310  0.854642
 0.0311  0.851417
 0.0312  0.848429
 0.0313  0.846798
 0.0314  0.844981
 0.0315  0.843077
 0.0316  0.840780
 0.0317  0.837877
 0.0318  0.835303
 0.0319  0.833749
 0.0320  0.832104
 0.0321  0.830389
 0.0322  0.828363
 0.0323  0.826168
 0.0324  0.823060
 0.0325  0.821655
 0.0326  0.820282
 0.0327  0.818791
 0.0328  0.817067
 0.0329  0.815355
 0.0330  0.813301
 0.0331  0.810414
 0.0332  0.809169
 0.0333  0.807890
 0.0334  0.806475
 0.0335  0.805019
 0.0336  0.803517
 0.0337  0.801798
 0.0338  0.799755
 0.0339  0.797602
 0.0340  0.796433
 0.0341  0.795161
 0.0342  0.793839
 0.0343  0.792533
 0.0344  0.791069
 0.0345  0.789591
 0.0346  0.787800
 0.0347  0.785557
 0.0348  0.784440
 0.0349  0.783299
 0.0350  0.782151
 0.0351  0.780924
 0.0352  0.779614
 0.0353  0.778276
 0.0354  0.776806
 0.0355  0.775151
 0.0356  0.773190
 0.0357  0.772171
 0.0358  0.771144
 0.0359  0.770088
 0.0360  0.768969
 0.0361  0.767845
 0.0362  0.766632
 0.0363  0.765351
 0.0364  0.763907
 0.0365  0.761915
 0.0366  0.760842
 0.0367  0.759887
 0.0368  0.758885
 0.0369  0.757854
 0.0370  0.756823
 0.0371  0.755752
 0.0372  0.754638
 0.0373  0.753453
 0.0374  0.752141
 0.0375  0.750546
 0.0376  0.749193
 0.0377  0.748273
 0.0378  0.747318
 0.0379  0.746361
 0.0380  0.745401
 0.0381  0.744389
 0.0382  0.743373
 0.0383  0.742317
 0.0384  0.741186
 0.0385  0.739984
 0.0386  0.738378
 0.0387  0.737346
 0.0388  0.736482
 0.0389  0.735619
 0.0390  0.734757
 0.0391  0.733858
 0.0392  0.732956
 0.0393  0.732051
 0.0394  0.731052
 0.0395  0.730051
 0.0396  0.728970
 0.0397  0.727780
 0.0398  0.726268
 0.0399  0.725453
 0.0400  0.724640
