-0.400  0.000000
-0.399  0.000000
-0.398  0.000000
-0.397  0.000000
-0.396  0.000000
-0.395  0.000000
-0.394  0.000000
-0.393  0.000000
-0.392  0.000000
-0.391  0.000000
-0.390  0.000000
-0.389  0.000000
-0.388  0.000000
-0.387  0.000000
-0.386  0.000000
-0.385  0.000000
-0.384  0.000000
-0.383  0.000000
-0.382  0.000000
-0.381  0.000000
-0.380  0.000000
-0.379  0.000000
-0.378  0.000000
-0.377  0.000000
-0.376  0.000000
-0.375  0.000000
-0.374  0.000000
-0.373  0.000000
-0.372  0.000000
-0.371  0.000000
-0.370  0.000000
-0.369  0.000000
-0.368  0.000000
-0.367  0.000000
-0.366  0.000000
-0.365  0.000000
-0.364  0.000000
-0.363  0.000000
-0.362  0.000000
-0.361  0.000000
-0.360  0.000000
-0.359  0.000000
-0.358  0.000000
-0.357  0.000000
-0.356  0.000000
-0.355  0.000000
-0.354  0.000000
-0.353  0.000000
-0.352  0.000000
-0.351  0.000000
-0.350  0.000000
-0.349  0.000000
-0.348  0.000000
-0.347  0.000000
-0.346  0.000000
-0.345  0.000000
-0.344  0.000000
-0.343  0.000000
-0.342  0.000000
-0.341  0.000000
-0.340  0.000000
-0.339  0.000000
-0.338  0.000000
-0.337  0.000000
-0.336  0.000000
-0.335  0.000000
-0.334  0.000000
-0.333  0.000000
-0.332  0.000000
-0.331  0.000000
-0.330  0.000000
-0.329  0.000000
-0.328  0.000000
-0.327  0.000000
-0.326  0.000000
-0.325  0.000000
-0.324  0.000000
-0.323  0.000000
-0.322  0.000000
-0.321  0.000000
-0.320  0.000000
-0.319  0.000000
-0.318  0.000000
-0.317  0.000000
-0.316  0.000000
-0.315  0.000000
-0.314  0.000000
-0.313  0.000000
-0.312  0.000000
-0.311  0.000000
-0.310  0.000000
-0.309  0.000000
-0.308  0.000000
-0.307  0.000000
-0.306  0.000000
-0.305  0.000000
-0.304  0.000000
-0.303  0.000000
-0.302  0.000000
-0.301  0.000000
-0.300  0.000000
-0.299  0.000000
-0.298  0.000000
-0.297  0.000000
-0.296  0.000000
-0.295  0.000000
-0.294  0.000000
-0.293  0.000000
-0.292  0.000000
-0.291  0.000000
-0.290  0.000000
-0.289  0.000000
-0.288  0.000000
-0.287  0.000000
-0.286  0.000000
-0.285  0.000000
-0.284  0.000000
-0.283  0.000000
-0.282  0.000000
-0.281  0.000000
-0.280  0.000000
-0.279  0.000000
-0.278  0.000000
-0.277  0.000000
-0.276  0.000000
-0.275  0.000000
-0.274  0.000000
-0.273  0.000000
-0.272  0.000000
-0.271  0.000000
-0.270  0.000000
-0.269  0.000000
-0.268  0.000000
-0.267  0.000000
-0.266  0.000000
-0.265  0.000000
-0.264  0.000000
-0.263  0.000000
-0.262  0.000000
-0.261  0.000000
-0.260  0.000000
-0.259  0.000000
-0.258  0.000000
-0.257  1.685925
-0.256  0.824768
-0.255  0.625662
-0.254  0.526363
-0.253  2.009260
-0.252  1.132587
-0.251  0.924562
-0.250  0.836491
-0.249  0.784331
-0.248  0.747913
-0.247  0.721755
-0.246  1.671221
-0.245  1.388142
-0.244  1.212486
-0.243  1.152948
-0.242  1.115155
-0.241  1.089946
-0.240  1.071660
-0.239  1.193775
-0.238  1.182955
-0.237  1.190378
-0.236  1.204767
-0.235  1.216916
-0.234  1.371875
-0.233  1.379581
-0.232  1.382328
-0.231  1.391207
-0.230  1.398859
-0.229  1.408290
-0.228  1.421181
-0.227  1.428674
-0.226  1.439187
-0.225  1.449445
-0.224  1.458662
-0.223  1.468927
-0.222  1.479400
-0.221  1.491128
-0.220  1.503676
-0.219  1.514040
-0.218  1.525978
-0.217  1.538066
-0.216  1.550411
-0.215  1.563402
-0.214  1.576629
-0.213  1.588973
-0.212  1.602290
-0.211  1.616266
-0.210  1.630307
-0.209  1.645208
-0.208  1.659981
-0.207  1.675015
-0.206  1.690706
-0.205  1.706457
-0.204  1.723516
-0.203  1.740633
-0.202  1.758756
-0.201  1.777037
-0.200  1.796058
-0.199  1.815018
-0.198  1.835875
-0.197  1.857494
-0.196  1.879304
-0.195  1.900996
-0.194  1.924554
-0.193  1.949807
-0.192  1.975047
-0.191  2.001591
-0.190  2.029039
-0.189  2.058729
-0.188  2.088997
-0.187  2.121071
-0.186  2.155289
-0.185  2.190497
-0.184  2.228854
-0.183  2.268858
-0.182  2.310765
-0.181  2.356750
-0.180  2.406186
-0.179  2.459241
-0.178  2.517712
-0.177  2.579638
-0.176  2.648699
-0.175  2.725326
-0.174  2.809917
-0.173  2.908512
-0.172  3.019363
-0.171  3.153007
-0.170  3.312408
-0.169  3.518650
-0.168  3.800639
-0.167  4.259236
-0.166  5.682421
-0.165  4.554018
-0.164  3.999833
-0.163  3.714034
-0.162  3.505402
-0.161  3.351778
-0.160  3.231668
-0.159  3.127393
-0.158  3.039623
-0.157  2.965956
-0.156  2.897644
-0.155  2.836585
-0.154  2.783201
-0.153  2.735152
-0.152  2.689144
-0.151  2.646007
-0.150  2.606450
-0.149  2.569899
-0.148  2.536259
-0.147  2.505365
-0.146  2.476119
-0.145  2.447580
-0.144  2.421620
-0.143  2.397295
-0.142  2.374491
-0.141  2.352091
-0.140  2.330181
-0.139  2.310514
-0.138  2.290544
-0.137  2.271203
-0.136  2.255419
-0.135  2.238321
-0.134  2.222338
-0.133  2.206403
-0.132  2.191693
-0.131  2.177816
-0.130  2.164419
-0.129  2.152527
-0.128  2.138558
-0.127  2.128164
-0.126  2.115495
-0.125  2.105348
-0.124  2.094892
-0.123  2.085236
-0.122  2.075475
-0.121  2.065281
-0.120  2.057734
-0.119  2.048384
-0.118  2.044008
-0.117  2.012050
-0.116  2.009194
-0.115  2.008519
-0.114  2.009346
-0.113  2.008193
-0.112  2.013497
-0.111  2.026590
-0.110  2.006839
-0.109  1.988313
-0.108  1.974938
-0.107  1.961952
-0.106  1.973344
-0.105  1.968530
-0.104  1.965873
-0.103  1.962369
-0.102  1.960869
-0.101  1.958319
-0.100  1.954975
-0.099  1.954990
-0.098  1.953111
-0.097  1.953536
-0.096  1.953038
-0.095  1.952977
-0.094  1.954307
-0.093  1.954228
-0.092  1.957394
-0.091  1.970460
-0.090  1.889845
-0.089  1.908268
-0.088  1.930952
-0.087  1.959930
-0.086  2.014575
-0.085  2.022634
-0.084  2.012126
-0.083  2.012841
-0.082  2.023147
-0.081  2.032588
-0.080  2.046878
-0.079  2.063683
-0.078  2.086238
-0.077  2.111747
-0.076  2.143972
-0.075  2.188815
-0.074  2.257662
-0.073  2.385630
-0.072  2.709484
-0.071  2.347060
-0.070  2.223226
-0.069  2.156346
-0.068  2.108056
-0.067  2.066390
-0.066  2.034120
-0.065  2.005178
-0.064  1.980080
-0.063  1.956490
-0.062  1.937968
-0.061  1.918484
-0.060  1.900291
-0.059  1.885379
-0.058  1.868559
-0.057  1.853288
-0.056  1.840930
-0.055  1.828214
-0.054  1.813468
-0.053  1.801111
-0.052  1.558688
-0.051  1.566493
-0.050  1.575054
-0.049  1.585692
-0.048  1.595397
-0.047  1.606424
-0.046  1.619307
-0.045  1.631765
-0.044  1.648455
-0.043  1.662517
-0.042  1.684082
-0.041  1.705028
-0.040  1.730990
-0.039  1.767936
-0.038  1.818688
-0.037  1.897361
-0.036  2.147479
-0.035  1.949216
-0.034  1.847553
-0.033  1.790194
-0.032  1.744376
-0.031  1.711337
-0.030  1.680936
-0.029  1.651653
-0.028  1.626516
-0.027  1.603613
-0.026  1.579734
-0.025  1.556727
-0.024  1.537015
-0.023  1.515699
-0.022  1.505798
-0.021  1.377248
-0.020  0.885055
-0.019  0.889253
-0.018  0.893304
-0.017  1.046023
-0.016  1.066382
-0.015  1.082244
-0.014  1.101849
-0.013  1.123504
-0.012  1.142236
-0.011  1.164942
-0.010  1.188068
-0.009  1.211858
-0.008  1.236553
-0.007  1.266115
-0.006  1.297634
-0.005  1.333942
-0.004  1.377291
-0.003  1.452690
-0.002  1.565443
-0.001  1.466217
 0.000  1.446896
 0.001  1.449719
 0.002  1.458953
 0.003  1.472883
 0.004  1.499195
 0.005  1.531922
 0.006  1.575986
 0.007  1.646153
 0.008  1.754582
 0.009  1.949801
 0.010  2.463364
 0.011  1.353819
 0.012  1.294238
 0.013  1.290895
 0.014  1.318067
 0.015  1.458308
 0.016  2.043719
 0.017  1.046976
 0.018  0.903418
 0.019  0.836403
 0.020  0.790729
 0.021  0.762297
 0.022  0.738697
 0.023  0.722086
 0.024  0.707372
 0.025  0.691746
 0.026  0.682854
 0.027  0.670299
 0.028  0.662364
 0.029  0.653022
 0.030  0.646587
 0.031  0.639075
 0.032  0.635948
 0.033  0.743013
 0.034  0.752694
 0.035  0.769412
 0.036  0.782144
 0.037  0.795704
 0.038  0.812682
 0.039  0.825946
 0.040  0.843796
 0.041  0.857681
 0.042  0.875387
 0.043  0.894012
 0.044  0.911721
 0.045  0.932999
 0.046  0.958318
 0.047  0.983383
 0.048  1.009055
 0.049  1.045688
 0.050  1.085576
 0.051  1.136263
 0.052  1.243701
 0.053  1.401096
 0.054  1.169323
 0.055  1.095435
 0.056  1.050039
 0.057  1.012775
 0.058  0.984989
 0.059  0.959784
 0.060  0.940472
 0.061  0.920411
 0.062  0.905229
 0.063  1.455949
 0.064  1.778409
 0.065  2.049796
 0.066  1.638397
 0.067  1.433552
 0.068  1.356352
 0.069  1.415501
 0.070  1.374049
 0.071  1.335042
 0.072  1.311418
 0.073  1.290851
 0.074  1.278790
 0.075  1.269030
 0.076  1.260994
 0.077  1.248723
 0.078  1.237406
 0.079  1.236971
 0.080  1.235414
 0.081  1.236374
 0.082  1.241917
 0.083  1.259437
 0.084  1.271652
 0.085  1.210328
 0.086  1.161842
 0.087  1.159995
 0.088  1.146227
 0.089  1.149973
 0.090  1.140578
 0.091  1.129986
 0.092  1.111036
 0.093  0.876156
 0.094  0.892803
 0.095  0.904945
 0.096  0.916985
 0.097  0.929858
 0.098  0.949557
 0.099  0.970655
 0.100  0.993559
 0.101  1.024589
 0.102  1.050639
 0.103  1.109171
 0.104  1.221307
 0.105  1.202256
 0.106  1.143129
 0.107  1.115600
 0.108  1.099419
 0.109  1.084441
 0.110  1.075073
 0.111  1.067298
 0.112  1.060606
 0.113  1.052210
 0.114  1.046944
 0.115  1.040758
 0.116  1.036105
 0.117  1.030041
 0.118  1.027537
 0.119  1.021024
 0.120  1.017372
 0.121  1.014349
 0.122  1.008663
 0.123  1.003190
 0.124  0.947462
 0.125  0.948099
 0.126  0.945755
 0.127  0.947237
 0.128  0.947352
 0.129  0.947591
 0.130  0.947787
 0.131  0.947946
 0.132  0.950013
 0.133  0.949626
 0.134  0.951438
 0.135  0.951053
 0.136  0.952409
 0.137  0.954510
 0.138  0.956817
 0.139  0.960082
 0.140  0.961790
 0.141  0.965146
 0.142  0.969334
 0.143  0.978486
 0.144  0.989884
 0.145  1.042443
 0.146  0.991202
 0.147  0.969086
 0.148  0.949830
 0.149  0.935287
 0.150  0.924746
 0.151  0.913753
 0.152  0.906454
 0.153  0.896828
 0.154  0.888707
 0.155  0.879906
 0.156  0.873809
 0.157  0.863426
 0.158  0.892859
 0.159  0.889028
 0.160  0.886668
 0.161  0.886602
 0.162  0.883333
 0.163  0.879790
 0.164  0.875828
 0.165  0.874141
 0.166  0.869509
 0.167  0.868766
 0.168  0.866120
 0.169  0.865950
 0.170  0.861623
 0.171  0.862788
 0.172  0.853897
 0.173  0.855836
 0.174  0.849480
 0.175  0.848366
 0.176  0.846040
 0.177  0.844784
 0.178  0.842599
 0.179  0.839605
 0.180  0.838967
 0.181  0.833037
 0.182  0.831442
 0.183  0.827932
 0.184  0.829454
 0.185  0.824256
 0.186  0.822526
 0.187  0.820686
 0.188  0.818497
 0.189  0.815678
 0.190  0.811811
 0.191  0.810887
 0.192  0.809868
 0.193  0.807006
 0.194  0.802863
 0.195  0.803678
 0.196  0.801293
 0.197  0.795794
 0.198  0.799586
 0.199  0.791289
 0.200  0.790200
 0.201  0.801229
 0.202  0.785182
 0.203  0.794317
 0.204  0.772157
 0.205  0.779675
 0.206  0.791380
 0.207  0.810720
 0.208  0.805212
 0.209  0.786694
 0.210  0.775065
 0.211  0.764901
 0.212  0.756685
 0.213  0.755129
 0.214  0.741308
 0.215  0.731313
 0.216  0.757030
 0.217  0.756674
 0.218  0.749918
 0.219  0.707630
 0.220  0.710830
 0.221  0.716948
 0.222  0.734495
 0.223  0.725711
 0.224  0.739858
 0.225  0.748318
 0.226  0.769652
 0.227  0.791237
 0.228  0.847521
 0.229  0.796770
 0.230  0.762597
 0.231  0.757207
 0.232  0.732146
 0.233  0.720166
 0.234  0.707282
 0.235  0.448395
 0.236  0.467908
 0.237  0.475024
 0.238  0.559967
 0.239  0.582195
 0.240  0.608019
 0.241  0.639191
 0.242  0.666158
 0.243  0.742617
 0.244  0.831696
 0.245  0.886866
 0.246  0.806307
 0.247  0.775873
 0.248  0.757889
 0.249  0.746462
 0.250  0.737583
 0.251  0.730374
 0.252  0.725252
 0.253  0.719993
 0.254  0.716142
 0.255  0.712375
 0.256  0.708654
 0.257  0.705990
 0.258  0.702494
 0.259  0.700094
 0.260  0.697809
 0.261  0.694880
 0.262  0.692870
 0.263  0.690723
 0.264  0.688043
 0.265  0.686434
 0.266  0.684057
 0.267  0.681875
 0.268  0.680387
 0.269  0.678037
 0.270  0.676599
 0.271  0.674631
 0.272  0.672532
 0.273  0.671193
 0.274  0.668990
 0.275  0.667516
 0.276  0.666062
 0.277  0.663879
 0.278  0.662700
 0.279  0.660567
 0.280  0.659200
 0.281  0.657896
 0.282  0.655793
 0.283  0.654739
 0.284  0.653129
 0.285  0.651246
 0.286  0.650024
 0.287  0.648227
 0.288  0.647070
 0.289  0.645604
 0.290  0.643675
 0.291  0.642616
 0.292  0.640934
 0.293  0.639191
 0.294  0.638343
 0.295  0.636375
 0.296  0.635473
 0.297  0.633860
 0.298  0.632139
 0.299  0.631339
 0.300  0.629444
 0.301  0.628543
 0.302  0.626959
 0.303  0.625332
 0.304  0.624495
 0.305  0.622709
 0.306  0.621797
 0.307  0.620322
 0.308  0.618698
 0.309  0.617937
 0.310  0.616164
 0.311  0.615217
 0.312  0.613835
 0.313  0.612214
 0.314  0.611553
 0.315  0.609788
 0.316  0.608904
 0.317  0.607478
 0.318  0.605890
 0.319  0.605325
 0.320  0.603549
 0.321  0.602748
 0.322  0.601231
 0.323  0.600421
 0.324  0.599259
 0.325  0.597566
 0.326  0.596741
 0.327  0.595095
 0.328  0.594504
 0.329  0.592682
 0.330  0.591859
 0.331  0.590826
 0.332  0.589253
 0.333  0.588718
 0.334  0.586898
 0.335  0.586171
 0.336  0.585018
 0.337  0.583506
 0.338  0.583060
 0.339  0.581342
 0.340  0.580613
 0.341  0.579198
 0.342  0.577870
 0.343  0.576757
 0.344  0.575960
 0.345  0.575093
 0.346  0.573634
 0.347  0.573192
 0.348  0.571422
 0.349  0.570704
 0.350  0.569567
 0.351  0.568200
 0.352  0.567893
 0.353  0.566276
 0.354  0.565479
 0.355  0.564140
 0.356  0.563723
 0.357  0.561990
 0.358  0.561239
 0.359  0.560168
 0.360  0.558856
 0.361  0.557750
 0.362  0.556983
 0.363  0.556198
 0.364  0.555022
 0.365  0.554638
 0.366  0.553016
 0.367  0.552146
 0.368  0.551000
 0.369  0.549818
 0.370  0.548957
 0.371  0.548158
 0.372  0.547155
 0.373  0.546121
 0.374  0.545010
 0.375  0.544362
 0.376  0.543264
 0.377  0.542465
 0.378  0.541261
 0.379  0.540831
 0.380  0.539280
 0.381  0.538768
 0.382  0.537956
 0.383  0.535996
 0.384  0.532057
 0.385  0.532297
 0.386  0.531313
 0.387  0.531992
 0.388  0.532244
 0.389  0.533081
 0.390  0.536438
 0.391  0.533259
 0.392  0.528702
 0.393  0.527394
 0.394  0.524687
 0.395  0.523556
 0.396  0.521756
 0.397  0.523454
 0.398  0.522777
 0.399  0.522865
 0.400  0.521973
 0.401  0.520197
 0.402  0.519840
 0.403  0.518209
 0.404  0.518178
 0.405  0.516762
 0.406  0.516748
 0.407  0.515667
 0.408  0.514480
 0.409  0.513322
 0.410  0.513452
 0.411  0.512993
 0.412  0.510742
 0.413  0.509908
 0.414  0.510260
 0.415  0.509435
 0.416  0.507307
 0.417  0.507116
 0.418  0.505411
 0.419  0.505562
 0.420  0.503971
 0.421  0.504607
 0.422  0.504299
 0.423  0.501592
 0.424  0.500946
 0.425  0.502362
 0.426  0.500299
 0.427  0.498183
 0.428  0.498814
 0.429  0.497291
 0.430  0.496142
 0.431  0.495312
 0.432  0.495506
 0.433  0.494856
 0.434  0.492494
 0.435  0.493872
 0.436  0.491507
 0.437  0.490289
 0.438  0.490626
 0.439  0.490719
 0.440  0.488877
 0.441  0.487496
 0.442  0.488317
 0.443  0.487482
 0.444  0.484715
 0.445  0.485792
 0.446  0.484853
 0.447  0.482365
 0.448  0.484861
 0.449  0.482829
 0.450  0.480429
 0.451  0.482485
 0.452  0.480510
 0.453  0.478592
 0.454  0.480419
 0.455  0.478234
 0.456  0.476603
 0.457  0.479643
 0.458  0.475904
 0.459  0.474427
 0.460  0.474322
 0.461  0.473618
 0.462  0.471960
 0.463  0.472099
 0.464  0.471352
 0.465  0.470718
 0.466  0.469832
 0.467  0.469117
 0.468  0.472101
 0.469  0.467559
 0.470  0.470122
 0.471  0.466114
 0.472  0.465347
 0.473  0.468945
 0.474  0.463848
 0.475  0.463275
 0.476  0.462471
 0.477  0.461653
 0.478  0.470552
 0.479  0.460168
 0.480  0.459736
 0.481  0.458851
 0.482  0.458090
 0.483  0.461839
 0.484  0.456592
 0.485  0.457106
 0.486  0.455219
 0.487  0.462497
 0.488  0.453787
 0.489  0.456876
 0.490  0.456228
 0.491  0.452627
 0.492  0.461755
 0.493  0.451486
 0.494  0.450338
 0.495  0.459973
 0.496  0.448829
 0.497  0.448018
 0.498  0.447541
 0.499  0.446482
 0.500  0.446497
 0.501  0.444944
 0.502  0.445613
 0.503  0.443796
 0.504  0.443632
 0.505  0.442994
 0.506  0.442198
 0.507  0.440774
 0.508  0.475846
 0.509  0.440655
 0.510  0.438744
 0.511  0.438118
 0.512  0.439736
 0.513  0.451822
 0.514  0.436564
 0.515  0.436209
 0.516  0.441438
 0.517  0.444002
 0.518  0.437400
 0.519  0.430939
 0.520  0.440061
 0.521  0.429609
 0.522  0.438538
 0.523  0.439319
 0.524  0.391559
 0.525  0.401771
 0.526  0.402591
 0.527  0.415822
 0.528  0.424690
 0.529  0.446945
 0.530  0.448605
 0.531  0.439827
 0.532  0.435284
 0.533  0.433091
 0.534  0.431655
 0.535  0.430298
 0.536  0.429431
 0.537  0.428626
 0.538  0.427606
 0.539  0.426961
 0.540  0.426467
 0.541  0.425590
 0.542  0.424858
 0.543  0.424340
 0.544  0.423891
 0.545  0.423076
 0.546  0.422469
 0.547  0.421980
 0.548  0.421504
 0.549  0.421005
 0.550  0.420516
 0.551  0.420050
 0.552  0.419468
 0.553  0.418893
 0.554  0.418270
 0.555  0.417509
 0.556  0.416773
 0.557  0.416387
 0.558  0.416109
 0.559  0.415390
 0.560  0.414950
 0.561  0.414690
 0.562  0.414723
 0.563  0.413730
 0.564  0.257057
 0.565  0.227061
 0.566  0.227015
 0.567  0.226952
 0.568  0.226898
 0.569  0.226872
 0.570  0.226809
 0.571  0.226752
 0.572  0.226705
 0.573  0.226676
 0.574  0.226618
 0.575  0.226567
 0.576  0.226531
 0.577  0.226494
 0.578  0.226440
 0.579  0.226396
 0.580  0.226379
 0.581  0.226324
 0.582  0.226275
 0.583  0.226239
 0.584  0.226216
 0.585  0.226165
 0.586  0.226123
 0.587  0.226103
 0.588  0.226064
 0.589  0.226018
 0.590  0.225984
 0.591  0.225971
 0.592  0.225923
 0.593  0.225883
 0.594  0.225861
 0.595  0.225835
 0.596  0.225792
 0.597  0.225760
 0.598  0.225756
 0.599  0.225710
 0.600  0.225673
 0.601  0.225653
 0.602  0.225636
 0.603  0.225596
 0.604  0.225567
 0.605  0.225569
 0.606  0.225527
 0.607  0.225493
 0.608  0.225476
 0.609  0.225465
 0.610  0.225428
 0.611  0.225403
 0.612  0.225410
 0.613  0.225371
 0.614  0.225341
 0.615  0.225329
 0.616  0.225321
 0.617  0.225288
 0.618  0.225267
 0.619  0.225278
 0.620  0.225242
 0.621  0.225217
 0.622  0.225213
 0.623  0.225204
 0.624  0.225175
 0.625  0.225161
 0.626  0.225173
 0.627  0.225141
 0.628  0.225121
 0.629  0.225134
 0.630  0.225114
 0.631  0.225091
 0.632  0.225085
 0.633  0.225094
 0.634  0.225068
 0.635  0.225055
 0.636  0.225080
 0.637  0.225052
 0.638  0.225035
 0.639  0.225043
 0.640  0.225042
 0.641  0.225022
 0.642  0.225019
 0.643  0.225039
 0.644  0.225017
 0.645  0.225008
 0.646  0.225043
 0.647  0.225018
 0.648  0.225006
 0.649  0.225022
 0.650  0.225026
 0.651  0.225011
 0.652  0.225016
 0.653  0.225040
 0.654  0.225024
 0.655  0.225023
 0.656  0.225061
 0.657  0.225042
 0.658  0.225038
 0.659  0.225087
 0.660  0.225067
 0.661  0.225060
 0.662  0.225080
 0.663  0.225099
 0.664  0.225090
 0.665  0.225102
 0.666  0.225136
 0.667  0.225125
 0.668  0.225133
 0.669  0.225179
 0.670  0.225167
 0.671  0.225172
 0.672  0.225228
 0.673  0.225216
 0.674  0.225219
 0.675  0.225265
 0.676  0.225270
 0.677  0.225271
 0.678  0.225305
 0.679  0.225330
 0.680  0.225331
 0.681  0.225358
 0.682  0.225397
 0.683  0.225397
 0.684  0.225421
 0.685  0.225469
 0.686  0.225469
 0.687  0.225491
 0.688  0.225547
 0.689  0.225547
 0.690  0.225568
 0.691  0.225631
 0.692  0.225631
 0.693  0.225653
 0.694  0.225721
 0.695  0.225722
 0.696  0.225744
 0.697  0.225817
 0.698  0.225819
 0.699  0.225841
 0.700  0.225919
 0.701  0.225922
 0.702  0.225946
 0.703  0.226027
 0.704  0.226031
 0.705  0.226057
 0.706  0.226140
 0.707  0.226146
 0.708  0.226175
 0.709  0.226260
 0.710  0.226268
 0.711  0.226300
 0.712  0.226386
 0.713  0.226397
 0.714  0.226432
 0.715  0.226519
 0.716  0.226532
 0.717  0.226573
 0.718  0.226658
 0.719  0.226675
 0.720  0.226721
 0.721  0.226803
 0.722  0.226824
 0.723  0.226879
 0.724  0.226955
 0.725  0.226981
 0.726  0.227047
 0.727  0.227115
 0.728  0.227146
 0.729  0.227230
 0.730  0.227281
 0.731  0.227319
 0.732  0.227436
 0.733  0.227455
 0.734  0.227502
 0.735  0.227613
 0.736  0.227638
 0.737  0.227696
 0.738  0.227797
 0.739  0.227829
 0.740  0.227903
 0.741  0.227989
 0.742  0.228030
 0.743  0.228137
 0.744  0.228190
 0.745  0.228242
 0.746  0.228369
 0.747  0.228401
 0.748  0.228468
 0.749  0.228580
 0.750  0.228622
 0.751  0.228715
 0.752  0.228801
 0.753  0.228855
 0.754  0.228998
 0.755  0.229032
 0.756  0.229105
 0.757  0.229229
 0.758  0.229276
 0.759  0.229380
 0.760  0.229471
 0.761  0.229535
 0.762  0.229684
 0.763  0.229727
 0.764  0.229815
 0.765  0.229938
 0.766  0.229997
 0.767  0.230164
 0.768  0.230205
 0.769  0.230289
 0.770  0.230431
 0.771  0.230489
 0.772  0.230622
 0.773  0.230712
 0.774  0.230795
 0.775  0.230950
 0.776  0.231011
 0.777  0.231144
 0.778  0.231246
 0.779  0.231334
 0.780  0.231496
 0.781  0.231563
 0.782  0.231712
 0.783  0.231809
 0.784  0.231908
 0.785  0.232070
 0.786  0.232146
 0.787  0.232344
 0.788  0.232403
 0.789  0.232520
 0.790  0.232674
 0.791  0.232764
 0.792  0.232957
 0.793  0.233030
 0.794  0.233184
 0.795  0.233310
 0.796  0.233424
 0.797  0.233603
 0.798  0.233695
 0.799  0.233906
 0.800  0.233983
 0.801  0.234148
 0.802  0.234284
 0.803  0.234411
 0.804  0.234596
 0.805  0.234702
 0.806  0.234918
 0.807  0.235009
 0.808  0.235249
 0.809  0.235329
 0.810  0.235495
 0.811  0.235659
 0.812  0.235798
 0.813  0.235998
 0.814  0.236121
 0.815  0.236347
 0.816  0.236457
 0.817  0.236704
 0.818  0.236805
 0.819  0.237070
 0.820  0.237162
 0.821  0.237368
 0.822  0.237528
 0.823  0.237710
 0.824  0.237904
 0.825  0.238071
 0.826  0.238287
 0.827  0.238446
 0.828  0.238678
 0.829  0.238832
 0.830  0.239078
 0.831  0.239228
 0.832  0.239484
 0.833  0.239633
 0.834  0.239898
 0.835  0.240049
 0.836  0.240320
 0.837  0.240474
 0.838  0.240750
 0.839  0.240910
 0.840  0.241187
 0.841  0.241356
 0.842  0.241632
 0.843  0.241814
 0.844  0.242087
 0.845  0.242285
 0.846  0.242550
 0.847  0.242774
 0.848  0.243022
 0.849  0.243290
 0.850  0.243506
 0.851  0.243862
 0.852  0.244002
 0.853  0.244350
 0.854  0.244515
 0.855  0.244848
 0.856  0.245047
 0.857  0.245359
 0.858  0.245612
 0.859  0.245884
 0.860  0.246274
 0.861  0.246430
 0.862  0.246800
 0.863  0.247003
 0.864  0.247343
 0.865  0.247630
 0.866  0.247908
 0.867  0.248311
 0.868  0.248505
 0.869  0.248874
 0.870  0.249167
 0.871  0.249467
 0.872  0.249885
 0.873  0.250105
 0.874  0.250477
 0.875  0.250893
 0.876  0.251113
 0.877  0.251527
 0.878  0.251840
 0.879  0.252167
 0.880  0.252608
 0.881  0.252897
 0.882  0.253258
 0.883  0.253716
 0.884  0.254012
 0.885  0.254386
 0.886  0.254853
 0.887  0.255191
 0.888  0.255551
 0.889  0.256017
 0.890  0.256523
 0.891  0.256768
 0.892  0.257218
 0.893  0.257730
 0.894  0.258079
 0.895  0.258474
 0.896  0.258963
 0.897  0.259500
 0.898  0.259859
 0.899  0.260272
 0.900  0.260772
 0.901  0.261317
 0.902  0.261894
 0.903  0.262194
 0.904  0.262669
 0.905  0.263198
 0.906  0.263762
 0.907  0.264348
 0.908  0.264886
 0.909  0.265265
 0.910  0.265774
 0.911  0.266322
 0.912  0.266896
 0.913  0.267483
 0.914  0.268084
 0.915  0.268691
 0.916  0.269308
 0.917  0.269925
 0.918  0.270547
 0.919  0.271167
 0.920  0.271791
 0.921  0.272412
 0.922  0.273030
 0.923  0.273649
 0.924  0.274272
 0.925  0.274905
 0.926  0.275553
 0.927  0.276241
 0.928  0.277031
 0.929  0.277944
 0.930  0.278519
 0.931  0.279149
 0.932  0.279934
 0.933  0.280913
 0.934  0.281466
 0.935  0.282338
 0.936  0.283176
 0.937  0.283880
 0.938  0.284839
 0.939  0.285674
 0.940  0.286418
 0.941  0.287537
 0.942  0.288730
 0.943  0.289214
 0.944  0.290074
 0.945  0.291177
 0.946  0.292441
 0.947  0.292913
 0.948  0.294642
 0.949  0.295140
 0.950  0.296836
 0.951  0.296944
 0.952  0.297516
 0.953  0.299211
 0.954  0.000000
 0.955  0.000000
 0.956  0.000000
 0.957  0.000000
 0.958  0.000000
 0.959  0.000000
 0.960  0.000000
 0.961  0.000000
 0.962  0.000000
 0.963  0.000000
 0.964  0.000000
 0.965  0.000000
 0.966  0.000000
 0.967  0.000000
 0.968  0.000000
 0.969  0.000000
 0.970  0.000000
 0.971  0.000000
 0.972  0.000000
 0.973  0.000000
 0.974  0.000000
 0.975  0.000000
 0.976  0.000000
 0.977  0.000000
 0.978  0.000000
 0.979  0.000000
 0.980  0.000000
 0.981  0.000000
 0.982  0.000000
 0.983  0.000000
 0.984  0.000000
 0.985  0.000000
 0.986  0.000000
 0.987  0.000000
 0.988  0.000000
 0.989  0.000000
 0.990  0.000000
 0.991  0.000000
 0.992  0.000000
 0.993  0.000000
 0.994  0.000000
 0.995  0.000000
 0.996  0.000000
 0.997  0.000000
 0.998  0.000000
 0.999  0.000000
 1.000  0.000000
