-0.400  0.000000
-0.399  0.000000
-0.398  0.000000
-0.397  0.000000
-0.396  0.000000
-0.395  0.000000
-0.394  0.000000
-0.393  0.000000
-0.392  0.000000
-0.391  0.000000
-0.390  0.000000
-0.389  0.000000
-0.388  0.000000
-0.387  0.000000
-0.386  0.000000
-0.385  0.000000
-0.384  0.000000
-0.383  0.000000
-0.382  0.000000
-0.381  0.000000
-0.380  0.000000
-0.379  0.000000
-0.378  0.000000
-0.377  0.000000
-0.376  0.000000
-0.375  0.000000
-0.374  0.000000
-0.373  0.000000
-0.372  0.000000
-0.371  0.000000
-0.370  0.000000
-0.369  0.000000
-0.368  0.000000
-0.367  0.000000
-0.366  0.000000
-0.365  0.000000
-0.364  0.000000
-0.363  0.000000
-0.362  0.000000
-0.361  0.000000
-0.360  0.000000
-0.359  0.000000
-0.358  0.000000
-0.357  0.000000
-0.356  0.000000
-0.355  0.000000
-0.354  0.000000
-0.353  0.000000
-0.352  0.000000
-0.351  0.000000
-0.350  0.000000
-0.349  0.000000
-0.348  0.000000
-0.347  0.000000
-0.346  0.000000
-0.345  0.000000
-0.344  0.000000
-0.343  0.000000
-0.342  0.000000
-0.341  0.000000
-0.340  0.000000
-0.339  0.000000
-0.338  0.000000
-0.337  0.000000
-0.336  0.000000
-0.335  0.000000
-0.334  0.000000
-0.333  0.000000
-0.332  0.000000
-0.331  0.000000
-0.330  0.000000
-0.329  0.000000
-0.328  0.000000
-0.327  0.000000
-0.326  0.000000
-0.325  0.000000
-0.324  0.000000
-0.323  0.000000
-0.322  0.000000
-0.321  0.000000
-0.320  0.000000
-0.319  0.000000
-0.318  0.000000
-0.317  0.000000
-0.316  0.000000
-0.315  0.000000
-0.314  0.000000
-0.313  0.000000
-0.312  0.000000
-0.311  0.000000
-0.310  0.000000
-0.309  0.000000
-0.308  0.000000
-0.307  0.000000
-0.306  0.000000
-0.305  0.000000
-0.304  0.000000
-0.303  0.000000
-0.302  0.000000
-0.301  0.000000
-0.300  0.000000
-0.299  0.000000
-0.298  0.000000
-0.297  0.000000
-0.296  0.000000
-0.295  0.000000
-0.294  0.000000
-0.293  0.000000
-0.292  0.000000
-0.291  0.000000
-0.290  0.000000
-0.289  0.000000
-0.288  0.000000
-0.287  0.000000
-0.286  0.000000
-0.285  0.000000
-0.284  0.000000
-0.283  0.000000
-0.282  0.000000
-0.281  0.000000
-0.280  0.000000
-0.279  0.000000
-0.278  0.000000
-0.277  0.000000
-0.276  0.000000
-0.275  0.000000
-0.274  0.000000
-0.273  0.000000
-0.272  0.000000
-0.271  0.000000
-0.270  0.000000
-0.269  0.000000
-0.268  0.000000
-0.267  0.000000
-0.266  0.000000
-0.265  0.000000
-0.264  0.000000
-0.263  0.000000
-0.262  2.167275
-0.261  1.203208
-0.260  1.139663
-0.259  1.002559
-0.258  0.918027
-0.257  0.862827
-0.256  0.823403
-0.255  0.796323
-0.254  0.771352
-0.253  0.753688
-0.252  0.739339
-0.251  0.727543
-0.250  0.718208
-0.249  0.712484
-0.248  0.705393
-0.247  0.842462
-0.246  0.894894
-0.245  1.009191
-0.244  1.214725
-0.243  1.277208
-0.242  1.228476
-0.241  1.185583
-0.240  1.152878
-0.239  1.130035
-0.238  1.111679
-0.237  1.100132
-0.236  1.091285
-0.235  1.084763
-0.234  1.554893
-0.233  1.300759
-0.232  1.279972
-0.231  1.276767
-0.230  1.279720
-0.229  1.286078
-0.228  1.295183
-0.227  1.306593
-0.226  1.317091
-0.225  1.329261
-0.224  1.343470
-0.223  1.545688
-0.222  1.560343
-0.221  1.574624
-0.220  1.586918
-0.219  1.600249
-0.218  1.618724
-0.217  1.630965
-0.216  1.646982
-0.215  1.662087
-0.214  1.680888
-0.213  1.695806
-0.212  1.712746
-0.211  1.730453
-0.210  1.748510
-0.209  1.766968
-0.208  1.786336
-0.207  1.806872
-0.206  1.828002
-0.205  1.849576
-0.204  1.872410
-0.203  1.896459
-0.202  1.921385
-0.201  1.946736
-0.200  1.973192
-0.199  2.000426
-0.198  2.029512
-0.197  2.059165
-0.196  2.090350
-0.195  2.124278
-0.194  2.158939
-0.193  2.196446
-0.192  2.236596
-0.191  2.278598
-0.190  2.322894
-0.189  2.371372
-0.188  2.422728
-0.187  2.478889
-0.186  2.539321
-0.185  2.605874
-0.184  2.679422
-0.183  2.761542
-0.182  2.854778
-0.181  2.961363
-0.180  3.085656
-0.179  3.235356
-0.178  3.423424
-0.177  3.672614
-0.176  4.047675
-0.175  4.811871
-0.174  5.005240
-0.173  4.199951
-0.172  3.841629
-0.171  3.612157
-0.170  3.448287
-0.169  3.318394
-0.168  3.213419
-0.167  3.122017
-0.166  3.045603
-0.165  2.976299
-0.164  2.916243
-0.163  2.861803
-0.162  2.812291
-0.161  2.765198
-0.160  2.723944
-0.159  2.684948
-0.158  2.648609
-0.157  2.614768
-0.156  2.583172
-0.155  2.552431
-0.154  2.524207
-0.153  2.497199
-0.152  2.471982
-0.151  2.447604
-0.150  2.424679
-0.149  2.403339
-0.148  2.381321
-0.147  2.361230
-0.146  2.340904
-0.145  2.322839
-0.144  2.303654
-0.143  2.168747
-0.142  2.161286
-0.141  2.155182
-0.140  2.148403
-0.139  2.142623
-0.138  2.136855
-0.137  2.132262
-0.136  2.126754
-0.135  2.121996
-0.134  2.118145
-0.133  2.113671
-0.132  2.110342
-0.131  2.107486
-0.130  2.104317
-0.129  2.101713
-0.128  2.099735
-0.127  2.097801
-0.126  2.097865
-0.125  2.096671
-0.124  2.096492
-0.123  2.097079
-0.122  2.100905
-0.121  2.103485
-0.120  2.109227
-0.119  2.120276
-0.118  2.138714
-0.117  2.181927
-0.116  2.227869
-0.115  2.060010
-0.114  2.031143
-0.113  2.009649
-0.112  1.994103
-0.111  1.980919
-0.110  1.969676
-0.109  1.986186
-0.108  1.841393
-0.107  1.847456
-0.106  1.855329
-0.105  1.862159
-0.104  1.870326
-0.103  1.879106
-0.102  1.887477
-0.101  1.898934
-0.100  1.909901
-0.099  1.922335
-0.098  1.936170
-0.097  1.950968
-0.096  1.968788
-0.095  1.989529
-0.094  2.011507
-0.093  2.040869
-0.092  2.082632
-0.091  2.164064
-0.090  2.160761
-0.089  2.118681
-0.088  2.111547
-0.087  2.108137
-0.086  2.110528
-0.085  2.117723
-0.084  2.130324
-0.083  2.143245
-0.082  2.159231
-0.081  2.179058
-0.080  2.203584
-0.079  2.235738
-0.078  2.274576
-0.077  2.323444
-0.076  2.391986
-0.075  2.483058
-0.074  2.645091
-0.073  3.159853
-0.072  2.744881
-0.071  2.614745
-0.070  1.635041
-0.069  1.642816
-0.068  1.654498
-0.067  1.666022
-0.066  1.681161
-0.065  1.697524
-0.064  1.715730
-0.063  1.735559
-0.062  1.757536
-0.061  1.782934
-0.060  1.810801
-0.059  1.840413
-0.058  1.876866
-0.057  1.919363
-0.056  1.970016
-0.055  2.031259
-0.054  2.104560
-0.053  2.196788
-0.052  2.318581
-0.051  2.517406
-0.050  2.823910
-0.049  3.579470
-0.048  3.941921
-0.047  1.459155
-0.046  1.346819
-0.045  1.278194
-0.044  1.230342
-0.043  1.193696
-0.042  0.844063
-0.041  0.848010
-0.040  0.852783
-0.039  0.856806
-0.038  0.861953
-0.037  0.866454
-0.036  0.871468
-0.035  0.876276
-0.034  0.882284
-0.033  0.887176
-0.032  0.892900
-0.031  0.898956
-0.030  0.905388
-0.029  0.911595
-0.028  0.918168
-0.027  0.925374
-0.026  0.933242
-0.025  0.941296
-0.024  0.949546
-0.023  0.958565
-0.022  0.967705
-0.021  0.978426
-0.020  0.989997
-0.019  1.002455
-0.018  1.016209
-0.017  1.031685
-0.016  1.048705
-0.015  1.068683
-0.014  1.091078
-0.013  1.121222
-0.012  1.158050
-0.011  1.208628
-0.010  1.290895
-0.009  2.343301
-0.008  1.863616
-0.007  1.670866
-0.006  1.578818
-0.005  1.521110
-0.004  1.477751
-0.003  1.444931
-0.002  1.417198
-0.001  1.394961
 0.000  1.380384
 0.001  1.237778
 0.002  1.179594
 0.003  1.191679
 0.004  1.222656
 0.005  1.508333
 0.006  1.240490
 0.007  1.170993
 0.008  1.121855
 0.009  1.083617
 0.010  1.048432
 0.011  1.022224
 0.012  0.995332
 0.013  0.972548
 0.014  0.951774
 0.015  0.933019
 0.016  0.915526
 0.017  0.899095
 0.018  0.883461
 0.019  0.870373
 0.020  0.856886
 0.021  0.843889
 0.022  0.832067
 0.023  0.820832
 0.024  0.809506
 0.025  0.799698
 0.026  0.789726
 0.027  0.780082
 0.028  0.771586
 0.029  0.762095
 0.030  0.753989
 0.031  0.745453
 0.032  0.738073
 0.033  0.730436
 0.034  0.723548
 0.035  0.716025
 0.036  0.709370
 0.037  0.702638
 0.038  0.696533
 0.039  0.689948
 0.040  0.684236
 0.041  0.678405
 0.042  0.672823
 0.043  0.667513
 0.044  0.662060
 0.045  0.657272
 0.046  0.652179
 0.047  0.647758
 0.048  0.643533
 0.049  0.639260
 0.050  0.635463
 0.051  0.631877
 0.052  0.628846
 0.053  0.626068
 0.054  0.624039
 0.055  0.622884
 0.056  0.622692
 0.057  0.840206
 0.058  0.850887
 0.059  0.869679
 0.060  0.883853
 0.061  0.901804
 0.062  0.923004
 0.063  0.944499
 0.064  0.968304
 0.065  0.994912
 0.066  1.022519
 0.067  1.056535
 0.068  1.091948
 0.069  1.141630
 0.070  1.202976
 0.071  1.293079
 0.072  1.497817
 0.073  1.512615
 0.074  1.288899
 0.075  1.189654
 0.076  1.112528
 0.077  0.986222
 0.078  0.951777
 0.079  0.920077
 0.080  0.898260
 0.081  0.876250
 0.082  0.858936
 0.083  0.843651
 0.084  0.829453
 0.085  0.817365
 0.086  0.805995
 0.087  0.796945
 0.088  0.787590
 0.089  0.780419
 0.090  0.773783
 0.091  0.769004
 0.092  1.107735
 0.093  1.254934
 0.094  2.695453
 0.095  1.982785
 0.096  1.769422
 0.097  1.676762
 0.098  1.694668
 0.099  1.488197
 0.100  1.388899
 0.101  1.311803
 0.102  1.248032
 0.103  1.487201
 0.104  1.424803
 0.105  1.042203
 0.106  1.021618
 0.107  1.013404
 0.108  1.007154
 0.109  1.010152
 0.110  1.015593
 0.111  1.020601
 0.112  1.026505
 0.113  1.035909
 0.114  0.937511
 0.115  0.957292
 0.116  0.979903
 0.117  1.007574
 0.118  1.043500
 0.119  1.088847
 0.120  1.157304
 0.121  1.352712
 0.122  1.215403
 0.123  1.167642
 0.124  1.144732
 0.125  1.127881
 0.126  1.115981
 0.127  1.105350
 0.128  1.097783
 0.129  1.092219
 0.130  1.085860
 0.131  1.081024
 0.132  1.076595
 0.133  1.072416
 0.134  1.069141
 0.135  1.065563
 0.136  1.063739
 0.137  1.061074
 0.138  1.059971
 0.139  1.058749
 0.140  1.057573
 0.141  1.056610
 0.142  1.055302
 0.143  1.056155
 0.144  1.056297
 0.145  1.058074
 0.146  1.059524
 0.147  1.060965
 0.148  1.065587
 0.149  1.067591
 0.150  1.073304
 0.151  1.079980
 0.152  1.089838
 0.153  1.104088
 0.154  1.128209
 0.155  1.183919
 0.156  1.173341
 0.157  1.107544
 0.158  1.070254
 0.159  1.043217
 0.160  1.022164
 0.161  1.005573
 0.162  0.989560
 0.163  0.976953
 0.164  0.963213
 0.165  0.950434
 0.166  0.939675
 0.167  0.928517
 0.168  0.918071
 0.169  0.907335
 0.170  0.898710
 0.171  0.886871
 0.172  0.878842
 0.173  0.869900
 0.174  0.859284
 0.175  0.852585
 0.176  0.842534
 0.177  0.833641
 0.178  0.892755
 0.179  0.889270
 0.180  0.888232
 0.181  0.885276
 0.182  0.881651
 0.183  0.878925
 0.184  0.875815
 0.185  0.875135
 0.186  0.870076
 0.187  0.867121
 0.188  0.866026
 0.189  0.861356
 0.190  0.859831
 0.191  0.856141
 0.192  0.853447
 0.193  0.850268
 0.194  0.848681
 0.195  0.845683
 0.196  0.843086
 0.197  0.838041
 0.198  0.835469
 0.199  0.836030
 0.200  0.830987
 0.201  0.832329
 0.202  0.828321
 0.203  0.824374
 0.204  0.821937
 0.205  0.819709
 0.206  0.818867
 0.207  0.811593
 0.208  0.781446
 0.209  0.787095
 0.210  0.791325
 0.211  0.802427
 0.212  0.807076
 0.213  0.818257
 0.214  0.836667
 0.215  0.867821
 0.216  0.876818
 0.217  0.746608
 0.218  0.731302
 0.219  0.722690
 0.220  0.719573
 0.221  0.712920
 0.222  0.709743
 0.223  0.707115
 0.224  0.705994
 0.225  0.706519
 0.226  0.703471
 0.227  0.699203
 0.228  0.704827
 0.229  0.702125
 0.230  0.703046
 0.231  0.774177
 0.232  0.793073
 0.233  0.812424
 0.234  0.837526
 0.235  0.871205
 0.236  0.938493
 0.237  0.990749
 0.238  0.876435
 0.239  0.835296
 0.240  0.468413
 0.241  0.467932
 0.242  0.475080
 0.243  0.471840
 0.244  0.477637
 0.245  0.483648
 0.246  0.495919
 0.247  0.502319
 0.248  0.510876
 0.249  0.521552
 0.250  0.528022
 0.251  0.536302
 0.252  0.641107
 0.253  0.713050
 0.254  0.757455
 0.255  0.838342
 0.256  0.942975
 0.257  1.255120
 0.258  0.947603
 0.259  0.882568
 0.260  0.846851
 0.261  0.822992
 0.262  0.805183
 0.263  0.791611
 0.264  0.780555
 0.265  0.771312
 0.266  0.763177
 0.267  0.756318
 0.268  0.750002
 0.269  0.744525
 0.270  0.739541
 0.271  0.734768
 0.272  0.730386
 0.273  0.726431
 0.274  0.722620
 0.275  0.718946
 0.276  0.715614
 0.277  0.712545
 0.278  0.709177
 0.279  0.706515
 0.280  0.703467
 0.281  0.700745
 0.282  0.698207
 0.283  0.695565
 0.284  0.693180
 0.285  0.690644
 0.286  0.688288
 0.287  0.686077
 0.288  0.683674
 0.289  0.681648
 0.290  0.679383
 0.291  0.677150
 0.292  0.675339
 0.293  0.673001
 0.294  0.671227
 0.295  0.669128
 0.296  0.667211
 0.297  0.665422
 0.298  0.663291
 0.299  0.661729
 0.300  0.659770
 0.301  0.657925
 0.302  0.656248
 0.303  0.654264
 0.304  0.652739
 0.305  0.651002
 0.306  0.649153
 0.307  0.647672
 0.308  0.645698
 0.309  0.644389
 0.310  0.642642
 0.311  0.640970
 0.312  0.639561
 0.313  0.637581
 0.314  0.636388
 0.315  0.634649
 0.316  0.633184
 0.317  0.631717
 0.318  0.629868
 0.319  0.628739
 0.320  0.627069
 0.321  0.625705
 0.322  0.624271
 0.323  0.622540
 0.324  0.621355
 0.325  0.619781
 0.326  0.618447
 0.327  0.617015
 0.328  0.615546
 0.329  0.614319
 0.330  0.612393
 0.331  0.611561
 0.332  0.609959
 0.333  0.608751
 0.334  0.607470
 0.335  0.605981
 0.336  0.604903
 0.337  0.603052
 0.338  0.602277
 0.339  0.600809
 0.340  0.599547
 0.341  0.598254
 0.342  0.596724
 0.343  0.595831
 0.344  0.593966
 0.345  0.593323
 0.346  0.591739
 0.347  0.590684
 0.348  0.589521
 0.349  0.588216
 0.350  0.587100
 0.351  0.585412
 0.352  0.584779
 0.353  0.582972
 0.354  0.582377
 0.355  0.580830
 0.356  0.579768
 0.357  0.578772
 0.358  0.577101
 0.359  0.576385
 0.360  0.574833
 0.361  0.574244
 0.362  0.572630
 0.363  0.571908
 0.364  0.570305
 0.365  0.569519
 0.366  0.568137
 0.367  0.567425
 0.368  0.565993
 0.369  0.564964
 0.370  0.563702
 0.371  0.562597
 0.372  0.561684
 0.373  0.560784
 0.374  0.559231
 0.375  0.558370
 0.376  0.557527
 0.377  0.556399
 0.378  0.554981
 0.379  0.554501
 0.380  0.553230
 0.381  0.552150
 0.382  0.549550
 0.383  0.543765
 0.384  0.543852
 0.385  0.543506
 0.386  0.543445
 0.387  0.543343
 0.388  0.543631
 0.389  0.543438
 0.390  0.544031
 0.391  0.543816
 0.392  0.545453
 0.393  0.548723
 0.394  0.574722
 0.395  0.544667
 0.396  0.541403
 0.397  0.538242
 0.398  0.535394
 0.399  0.533586
 0.400  0.531266
 0.401  0.528558
 0.402  0.527348
 0.403  0.525304
 0.404  0.523472
 0.405  0.528873
 0.406  0.528133
 0.407  0.526053
 0.408  0.525813
 0.409  0.525243
 0.410  0.523863
 0.411  0.523133
 0.412  0.521785
 0.413  0.521421
 0.414  0.520399
 0.415  0.519655
 0.416  0.518451
 0.417  0.517984
 0.418  0.516884
 0.419  0.515994
 0.420  0.515306
 0.421  0.513621
 0.422  0.513358
 0.423  0.512142
 0.424  0.512177
 0.425  0.510674
 0.426  0.509977
 0.427  0.509464
 0.428  0.507622
 0.429  0.507291
 0.430  0.506558
 0.431  0.506117
 0.432  0.504695
 0.433  0.503048
 0.434  0.504314
 0.435  0.501393
 0.436  0.501512
 0.437  0.501321
 0.438  0.499804
 0.439  0.499007
 0.440  0.497854
 0.441  0.498256
 0.442  0.495543
 0.443  0.495081
 0.444  0.495943
 0.445  0.493556
 0.446  0.492400
 0.447  0.493211
 0.448  0.491620
 0.449  0.491384
 0.450  0.490509
 0.451  0.489790
 0.452  0.489243
 0.453  0.488181
 0.454  0.487102
 0.455  0.485995
 0.456  0.485804
 0.457  0.484601
 0.458  0.482593
 0.459  0.483328
 0.460  0.482300
 0.461  0.481345
 0.462  0.480716
 0.463  0.480302
 0.464  0.480401
 0.465  0.478011
 0.466  0.478639
 0.467  0.477416
 0.468  0.475128
 0.469  0.476126
 0.470  0.475817
 0.471  0.473212
 0.472  0.475389
 0.473  0.472621
 0.474  0.472771
 0.475  0.472689
 0.476  0.470231
 0.477  0.470850
 0.478  0.468947
 0.479  0.467466
 0.480  0.468142
 0.481  0.468305
 0.482  0.466280
 0.483  0.466189
 0.484  0.465221
 0.485  0.463629
 0.486  0.465597
 0.487  0.461702
 0.488  0.464770
 0.489  0.459873
 0.490  0.465633
 0.491  0.459840
 0.492  0.463671
 0.493  0.459970
 0.494  0.463172
 0.495  0.457860
 0.496  0.456787
 0.497  0.455955
 0.498  0.454731
 0.499  0.454014
 0.500  0.452527
 0.501  0.456780
 0.502  0.450644
 0.503  0.452815
 0.504  0.448593
 0.505  0.450622
 0.506  0.449147
 0.507  0.448914
 0.508  0.446790
 0.509  0.451067
 0.510  0.455435
 0.511  0.447098
 0.512  0.444675
 0.513  0.442908
 0.514  0.444218
 0.515  0.442237
 0.516  0.440551
 0.517  0.441536
 0.518  0.439935
 0.519  0.438215
 0.520  0.475124
 0.521  0.437059
 0.522  0.434317
 0.523  0.432190
 0.524  0.433252
 0.525  0.385704
 0.526  0.389449
 0.527  0.393510
 0.528  0.397625
 0.529  0.402322
 0.530  0.407302
 0.531  0.414507
 0.532  0.432555
 0.533  0.445036
 0.534  0.460556
 0.535  0.469948
 0.536  0.452475
 0.537  0.446242
 0.538  0.442282
 0.539  0.439650
 0.540  0.437480
 0.541  0.435869
 0.542  0.434645
 0.543  0.433193
 0.544  0.432120
 0.545  0.431280
 0.546  0.430415
 0.547  0.429350
 0.548  0.428513
 0.549  0.427850
 0.550  0.427185
 0.551  0.426256
 0.552  0.425530
 0.553  0.424897
 0.554  0.424293
 0.555  0.423674
 0.556  0.423049
 0.557  0.422396
 0.558  0.421690
 0.559  0.420944
 0.560  0.420281
 0.561  0.419934
 0.562  0.419556
 0.563  0.418667
 0.564  0.418477
 0.565  0.417357
 0.566  0.416715
 0.567  0.415881
 0.568  0.417435
 0.569  0.228448
 0.570  0.228359
 0.571  0.228280
 0.572  0.228228
 0.573  0.228143
 0.574  0.228066
 0.575  0.228000
 0.576  0.227949
 0.577  0.227872
 0.578  0.227805
 0.579  0.227755
 0.580  0.227698
 0.581  0.227629
 0.582  0.227572
 0.583  0.227538
 0.584  0.227470
 0.585  0.227410
 0.586  0.227364
 0.587  0.227324
 0.588  0.227263
 0.589  0.227212
 0.590  0.227191
 0.591  0.227129
 0.592  0.227075
 0.593  0.227034
 0.594  0.227007
 0.595  0.226951
 0.596  0.226904
 0.597  0.226884
 0.598  0.226838
 0.599  0.226788
 0.600  0.226752
 0.601  0.226734
 0.602  0.226683
 0.603  0.226642
 0.604  0.226623
 0.605  0.226588
 0.606  0.226543
 0.607  0.226512
 0.608  0.226501
 0.609  0.226455
 0.610  0.226418
 0.611  0.226406
 0.612  0.226375
 0.613  0.226336
 0.614  0.226309
 0.615  0.226304
 0.616  0.226262
 0.617  0.226231
 0.618  0.226231
 0.619  0.226197
 0.620  0.226163
 0.621  0.226143
 0.622  0.226140
 0.623  0.226103
 0.624  0.226078
 0.625  0.226091
 0.626  0.226052
 0.627  0.226023
 0.628  0.226013
 0.629  0.226008
 0.630  0.225977
 0.631  0.225959
 0.632  0.225972
 0.633  0.225938
 0.634  0.225916
 0.635  0.225922
 0.636  0.225907
 0.637  0.225882
 0.638  0.225874
 0.639  0.225884
 0.640  0.225856
 0.641  0.225842
 0.642  0.225866
 0.643  0.225837
 0.644  0.225820
 0.645  0.225830
 0.646  0.225825
 0.647  0.225805
 0.648  0.225804
 0.649  0.225820
 0.650  0.225798
 0.651  0.225791
 0.652  0.225822
 0.653  0.225798
 0.654  0.225788
 0.655  0.225815
 0.656  0.225805
 0.657  0.225792
 0.658  0.225802
 0.659  0.225819
 0.660  0.225804
 0.661  0.225807
 0.662  0.225839
 0.663  0.225822
 0.664  0.225822
 0.665  0.225865
 0.666  0.225847
 0.667  0.225844
 0.668  0.225895
 0.669  0.225879
 0.670  0.225874
 0.671  0.225899
 0.672  0.225917
 0.673  0.225911
 0.674  0.225928
 0.675  0.225961
 0.676  0.225954
 0.677  0.225968
 0.678  0.226011
 0.679  0.226003
 0.680  0.226015
 0.681  0.226068
 0.682  0.226060
 0.683  0.226070
 0.684  0.226130
 0.685  0.226122
 0.686  0.226131
 0.687  0.226199
 0.688  0.226191
 0.689  0.226200
 0.690  0.226261
 0.691  0.226266
 0.692  0.226275
 0.693  0.226326
 0.694  0.226347
 0.695  0.226357
 0.696  0.226404
 0.697  0.226434
 0.698  0.226445
 0.699  0.226491
 0.700  0.226528
 0.701  0.226540
 0.702  0.226587
 0.703  0.226628
 0.704  0.226641
 0.705  0.226691
 0.706  0.226734
 0.707  0.226750
 0.708  0.226802
 0.709  0.226847
 0.710  0.226865
 0.711  0.226923
 0.712  0.226966
 0.713  0.226987
 0.714  0.227053
 0.715  0.227092
 0.716  0.227116
 0.717  0.227197
 0.718  0.227225
 0.719  0.227253
 0.720  0.227355
 0.721  0.227364
 0.722  0.227397
 0.723  0.227497
 0.724  0.227511
 0.725  0.227550
 0.726  0.227647
 0.727  0.227665
 0.728  0.227712
 0.729  0.227804
 0.730  0.227827
 0.731  0.227884
 0.732  0.227968
 0.733  0.227997
 0.734  0.228069
 0.735  0.228140
 0.736  0.228176
 0.737  0.228279
 0.738  0.228320
 0.739  0.228365
 0.740  0.228483
 0.741  0.228508
 0.742  0.228565
 0.743  0.228673
 0.744  0.228706
 0.745  0.228781
 0.746  0.228872
 0.747  0.228915
 0.748  0.229026
 0.749  0.229080
 0.750  0.229135
 0.751  0.229264
 0.752  0.229298
 0.753  0.229371
 0.754  0.229482
 0.755  0.229528
 0.756  0.229635
 0.757  0.229711
 0.758  0.229772
 0.759  0.229912
 0.760  0.229952
 0.761  0.230036
 0.762  0.230152
 0.763  0.230207
 0.764  0.230354
 0.765  0.230405
 0.766  0.230481
 0.767  0.230620
 0.768  0.230672
 0.769  0.230785
 0.770  0.230886
 0.771  0.230959
 0.772  0.231115
 0.773  0.231167
 0.774  0.231275
 0.775  0.231394
 0.776  0.231468
 0.777  0.231635
 0.778  0.231690
 0.779  0.231802
 0.780  0.231930
 0.781  0.232009
 0.782  0.232183
 0.783  0.232243
 0.784  0.232368
 0.785  0.232495
 0.786  0.232584
 0.787  0.232759
 0.788  0.232828
 0.789  0.232983
 0.790  0.233090
 0.791  0.233196
 0.792  0.233364
 0.793  0.233448
 0.794  0.233650
 0.795  0.233718
 0.796  0.233856
 0.797  0.234002
 0.798  0.234108
 0.799  0.234298
 0.800  0.234385
 0.801  0.234603
 0.802  0.234676
 0.803  0.234827
 0.804  0.234980
 0.805  0.235101
 0.806  0.235295
 0.807  0.235397
 0.808  0.235620
 0.809  0.235707
 0.810  0.235924
 0.811  0.236031
 0.812  0.236188
 0.813  0.236363
 0.814  0.236497
 0.815  0.236706
 0.816  0.236825
 0.817  0.237057
 0.818  0.237165
 0.819  0.237417
 0.820  0.237515
 0.821  0.237768
 0.822  0.237876
 0.823  0.238075
 0.824  0.238245
 0.825  0.238424
 0.826  0.238623
 0.827  0.238789
 0.828  0.239008
 0.829  0.239167
 0.830  0.239402
 0.831  0.239557
 0.832  0.239804
 0.833  0.239956
 0.834  0.240213
 0.835  0.240365
 0.836  0.240631
 0.837  0.240785
 0.838  0.241055
 0.839  0.241214
 0.840  0.241488
 0.841  0.241653
 0.842  0.241928
 0.843  0.242104
 0.844  0.242377
 0.845  0.242567
 0.846  0.242835
 0.847  0.243045
 0.848  0.243302
 0.849  0.243543
 0.850  0.243779
 0.851  0.244092
 0.852  0.244268
 0.853  0.244620
 0.854  0.244770
 0.855  0.245112
 0.856  0.245290
 0.857  0.245616
 0.858  0.245833
 0.859  0.246133
 0.860  0.246422
 0.861  0.246667
 0.862  0.247050
 0.863  0.247222
 0.864  0.247582
 0.865  0.247811
 0.866  0.248134
 0.867  0.248498
 0.868  0.248710
 0.869  0.249103
 0.870  0.249325
 0.871  0.249677
 0.872  0.250061
 0.873  0.250284
 0.874  0.250690
 0.875  0.250949
 0.876  0.251296
 0.877  0.251739
 0.878  0.251955
 0.879  0.252349
 0.880  0.252795
 0.881  0.253014
 0.882  0.253436
 0.883  0.253829
 0.884  0.254113
 0.885  0.254553
 0.886  0.254974
 0.887  0.255255
 0.888  0.255701
 0.889  0.256209
 0.890  0.256442
 0.891  0.256881
 0.892  0.257387
 0.893  0.257701
 0.894  0.258107
 0.895  0.258598
 0.896  0.259139
 0.897  0.259411
 0.898  0.259863
 0.899  0.260380
 0.900  0.260937
 0.901  0.261247
 0.902  0.261701
 0.903  0.262221
 0.904  0.262778
 0.905  0.263366
 0.906  0.263672
 0.907  0.264158
 0.908  0.264695
 0.909  0.265262
 0.910  0.265852
 0.911  0.266459
 0.912  0.266912
 0.913  0.267377
 0.914  0.267915
 0.915  0.268482
 0.916  0.269064
 0.917  0.269664
 0.918  0.270270
 0.919  0.270883
 0.920  0.271504
 0.921  0.272126
 0.922  0.272753
 0.923  0.273386
 0.924  0.274022
 0.925  0.274671
 0.926  0.275337
 0.927  0.276041
 0.928  0.276857
 0.929  0.277690
 0.930  0.278284
 0.931  0.278907
 0.932  0.279612
 0.933  0.280670
 0.934  0.281286
 0.935  0.281913
 0.936  0.283033
 0.937  0.283604
 0.938  0.284374
 0.939  0.285305
 0.940  0.286109
 0.941  0.286922
 0.942  0.288109
 0.943  0.288765
 0.944  0.289542
 0.945  0.290467
 0.946  0.291406
 0.947  0.292348
 0.948  0.294126
 0.949  0.294409
 0.950  0.295991
 0.951  0.297170
 0.952  0.297348
 0.953  0.298176
 0.954  0.301854
 0.955  0.000000
 0.956  0.000000
 0.957  0.000000
 0.958  0.000000
 0.959  0.000000
 0.960  0.000000
 0.961  0.000000
 0.962  0.000000
 0.963  0.000000
 0.964  0.000000
 0.965  0.000000
 0.966  0.000000
 0.967  0.000000
 0.968  0.000000
 0.969  0.000000
 0.970  0.000000
 0.971  0.000000
 0.972  0.000000
 0.973  0.000000
 0.974  0.000000
 0.975  0.000000
 0.976  0.000000
 0.977  0.000000
 0.978  0.000000
 0.979  0.000000
 0.980  0.000000
 0.981  0.000000
 0.982  0.000000
 0.983  0.000000
 0.984  0.000000
 0.985  0.000000
 0.986  0.000000
 0.987  0.000000
 0.988  0.000000
 0.989  0.000000
 0.990  0.000000
 0.991  0.000000
 0.992  0.000000
 0.993  0.000000
 0.994  0.000000
 0.995  0.000000
 0.996  0.000000
 0.997  0.000000
 0.998  0.000000
 0.999  0.000000
 1.000  0.000000
