-0.400  0.000000
-0.399  0.000000
-0.398  0.000000
-0.397  0.000000
-0.396  0.000000
-0.395  0.000000
-0.394  0.000000
-0.393  0.000000
-0.392  0.000000
-0.391  0.000000
-0.390  0.000000
-0.389  0.000000
-0.388  0.000000
-0.387  0.000000
-0.386  0.000000
-0.385  0.000000
-0.384  0.000000
-0.383  0.000000
-0.382  0.000000
-0.381  0.000000
-0.380  0.000000
-0.379  0.000000
-0.378  0.000000
-0.377  0.000000
-0.376  0.000000
-0.375  0.000000
-0.374  0.000000
-0.373  0.000000
-0.372  0.000000
-0.371  0.000000
-0.370  0.000000
-0.369  0.000000
-0.368  0.000000
-0.367  0.000000
-0.366  0.000000
-0.365  0.000000
-0.364  0.000000
-0.363  0.000000
-0.362  0.000000
-0.361  0.000000
-0.360  0.000000
-0.359  0.000000
-0.358  0.000000
-0.357  0.000000
-0.356  0.000000
-0.355  0.000000
-0.354  0.000000
-0.353  0.000000
-0.352  0.000000
-0.351  0.000000
-0.350  0.000000
-0.349  0.000000
-0.348  0.000000
-0.347  0.000000
-0.346  0.000000
-0.345  0.000000
-0.344  0.000000
-0.343  0.000000
-0.342  0.000000
-0.341  0.000000
-0.340  0.000000
-0.339  0.000000
-0.338  0.000000
-0.337  0.000000
-0.336  0.000000
-0.335  0.000000
-0.334  0.000000
-0.333  0.000000
-0.332  0.000000
-0.331  0.000000
-0.330  0.000000
-0.329  0.000000
-0.328  0.000000
-0.327  0.000000
-0.326  0.000000
-0.325  0.000000
-0.324  0.000000
-0.323  0.000000
-0.322  0.000000
-0.321  0.000000
-0.320  0.000000
-0.319  0.000000
-0.318  0.000000
-0.317  0.000000
-0.316  0.000000
-0.315  0.000000
-0.314  0.000000
-0.313  0.000000
-0.312  0.000000
-0.311  0.000000
-0.310  0.000000
-0.309  0.000000
-0.308  0.000000
-0.307  0.000000
-0.306  0.000000
-0.305  0.000000
-0.304  0.000000
-0.303  0.000000
-0.302  0.000000
-0.301  0.000000
-0.300  0.000000
-0.299  0.000000
-0.298  0.000000
-0.297  0.000000
-0.296  0.000000
-0.295  0.000000
-0.294  0.000000
-0.293  0.000000
-0.292  0.000000
-0.291  0.000000
-0.290  0.000000
-0.289  0.000000
-0.288  0.000000
-0.287  0.000000
-0.286  0.000000
-0.285  0.000000
-0.284  0.000000
-0.283  0.000000
-0.282  0.000000
-0.281  0.000000
-0.280  0.000000
-0.279  0.000000
-0.278  0.000000
-0.277  0.000000
-0.276  0.000000
-0.275  0.000000
-0.274  0.000000
-0.273  0.000000
-0.272  0.000000
-0.271  0.000000
-0.270  0.000000
-0.269  0.000000
-0.268  0.000000
-0.267  0.000000
-0.266  0.000000
-0.265  0.000000
-0.264  0.000000
-0.263  0.000000
-0.262  0.000000
-0.261  0.000000
-0.260  0.000000
-0.259  0.000000
-0.258  0.000000
-0.257  0.000000
-0.256  1.261931
-0.255  1.220786
-0.254  1.202828
-0.253  1.206567
-0.252  1.220529
-0.251  1.243362
-0.250  1.235929
-0.249  1.239963
-0.248  1.258619
-0.247  1.254422
-0.246  1.267962
-0.245  1.270368
-0.244  1.279760
-0.243  1.285221
-0.242  1.292904
-0.241  1.302020
-0.240  1.307560
-0.239  1.318314
-0.238  1.326082
-0.237  1.330985
-0.236  1.346204
-0.235  1.345776
-0.234  1.358241
-0.233  1.366211
-0.232  1.372890
-0.231  1.385206
-0.230  1.393582
-0.229  1.400547
-0.228  1.409849
-0.227  1.420999
-0.226  1.430487
-0.225  1.437727
-0.224  1.450320
-0.223  1.459754
-0.222  1.468280
-0.221  1.481382
-0.220  1.492284
-0.219  1.501147
-0.218  1.514881
-0.217  1.524650
-0.216  1.538644
-0.215  1.548810
-0.214  1.560393
-0.213  1.575351
-0.212  1.586964
-0.211  1.599205
-0.210  1.615090
-0.209  1.627774
-0.208  1.642715
-0.207  1.656978
-0.206  1.670749
-0.205  1.689377
-0.204  1.703419
-0.203  1.720234
-0.202  1.736826
-0.201  1.754630
-0.200  1.772077
-0.199  1.790607
-0.198  1.807824
-0.197  1.830397
-0.196  1.851249
-0.195  1.872378
-0.194  1.894013
-0.193  1.914299
-0.192  1.940803
-0.191  1.968184
-0.190  1.988923
-0.189  2.019337
-0.188  2.047705
-0.187  2.075283
-0.186  2.108659
-0.185  2.142131
-0.184  2.170504
-0.183  2.212326
-0.182  2.251689
-0.181  2.295749
-0.180  2.335780
-0.179  2.377617
-0.178  2.433451
-0.177  2.487820
-0.176  2.546343
-0.175  2.611185
-0.174  2.682965
-0.173  2.762594
-0.172  2.858698
-0.171  2.962409
-0.170  3.074674
-0.169  3.225191
-0.168  3.393156
-0.167  3.623834
-0.166  3.984805
-0.165  4.634879
-0.164  5.244506
-0.163  4.156813
-0.162  3.781266
-0.161  3.572380
-0.160  3.412837
-0.159  3.252592
-0.158  3.163947
-0.157  3.054010
-0.156  2.986621
-0.155  2.898771
-0.154  2.850509
-0.153  2.771925
-0.152  2.737421
-0.151  2.692755
-0.150  2.637866
-0.149  2.608645
-0.148  2.569492
-0.147  2.528438
-0.146  2.504387
-0.145  2.472818
-0.144  2.436203
-0.143  2.417475
-0.142  2.393982
-0.141  2.361684
-0.140  2.342730
-0.139  2.325614
-0.138  2.299817
-0.137  2.279362
-0.136  2.264518
-0.135  2.249267
-0.134  2.224590
-0.133  2.211781
-0.132  2.198526
-0.131  2.185768
-0.130  2.164545
-0.129  2.154897
-0.128  2.142410
-0.127  2.132472
-0.126  2.112971
-0.125  2.105898
-0.124  2.097121
-0.123  2.086915
-0.122  2.076533
-0.121  2.063320
-0.120  2.057540
-0.119  2.050062
-0.118  2.040995
-0.117  2.026762
-0.116  2.022604
-0.115  2.018176
-0.114  2.012385
-0.113  2.004822
-0.112  1.992272
-0.111  1.989881
-0.110  1.986854
-0.109  1.983202
-0.108  1.978049
-0.107  1.965766
-0.106  1.964589
-0.105  1.962918
-0.104  1.962511
-0.103  1.959736
-0.102  1.950687
-0.101  1.946552
-0.100  1.948602
-0.099  1.948986
-0.098  1.948291
-0.097  1.945688
-0.096  1.939288
-0.095  1.941667
-0.094  1.943445
-0.093  1.947144
-0.092  1.949603
-0.091  1.947892
-0.090  1.946310
-0.089  1.952387
-0.088  1.957552
-0.087  1.961823
-0.086  1.971107
-0.085  1.970498
-0.084  1.979162
-0.083  1.990183
-0.082  2.000542
-0.081  2.018102
-0.080  2.032322
-0.079  2.048064
-0.078  2.070118
-0.077  2.104850
-0.076  2.137397
-0.075  2.203074
-0.074  2.309956
-0.073  2.923802
-0.072  2.271008
-0.071  2.176312
-0.070  2.109020
-0.069  2.056246
-0.068  2.027487
-0.067  1.991970
-0.066  1.953977
-0.065  1.936797
-0.064  1.911021
-0.063  1.895352
-0.062  1.872769
-0.061  1.858293
-0.060  1.835919
-0.059  1.821924
-0.058  1.808970
-0.057  1.794620
-0.056  1.783816
-0.055  1.768280
-0.054  1.757133
-0.053  1.742018
-0.052  1.729961
-0.051  1.722023
-0.050  1.712700
-0.049  1.701636
-0.048  1.693452
-0.047  1.683375
-0.046  1.667951
-0.045  1.661322
-0.044  1.653982
-0.043  1.644548
-0.042  1.638045
-0.041  1.630671
-0.040  1.620841
-0.039  1.609885
-0.038  1.603060
-0.037  1.596248
-0.036  1.588816
-0.035  1.583084
-0.034  1.576662
-0.033  1.568277
-0.032  1.558525
-0.031  1.553069
-0.030  1.546872
-0.029  1.539457
-0.028  1.534464
-0.027  1.528990
-0.026  1.522649
-0.025  1.514684
-0.024  1.507786
-0.023  1.502772
-0.022  1.497047
-0.021  1.490554
-0.020  1.485875
-0.019  1.480695
-0.018  1.474433
-0.017  1.466362
-0.016  1.462093
-0.015  1.457513
-0.014  1.452368
-0.013  1.446938
-0.012  1.441767
-0.011  1.436924
-0.010  1.431032
-0.009  1.424223
-0.008  1.420320
-0.007  1.416164
-0.006  1.411590
-0.005  1.406416
-0.004  1.401980
-0.003  1.396730
-0.002  1.391291
-0.001  1.385205
 0.000  1.381602
 0.001  1.377805
 0.002  1.373733
 0.003  1.368966
 0.004  1.364645
 0.005  1.360187
 0.006  1.354679
 0.007  1.349389
 0.008  1.345320
 0.009  1.341846
 0.010  1.338150
 0.011  1.334163
 0.012  1.329468
 0.013  1.325462
 0.014  1.320819
 0.015  1.315848
 0.016  1.311465
 0.017  1.307775
 0.018  1.304399
 0.019  1.300812
 0.020  1.296898
 0.021  1.292430
 0.022  1.288360
 0.023  1.283669
 0.024  1.280102
 0.025  1.275931
 0.026  1.272131
 0.027  1.268855
 0.028  1.265373
 0.029  1.261565
 0.030  1.257171
 0.031  1.252566
 0.032  1.249369
 0.033  1.245986
 0.034  1.242170
 0.035  1.238188
 0.036  1.234883
 0.037  1.231501
 0.038  1.227826
 0.039  1.223359
 0.040  1.219508
 0.041  1.216429
 0.042  1.213200
 0.043  1.209665
 0.044  1.205913
 0.045  1.202395
 0.046  1.198948
 0.047  1.195381
 0.048  1.190644
 0.049  1.187586
 0.050  1.184628
 0.051  1.181542
 0.052  1.178236
 0.053  1.174475
 0.054  1.171281
 0.055  1.167808
 0.056  1.164060
 0.057  1.159945
 0.058  1.156643
 0.059  1.153800
 0.060  1.150844
 0.061  1.147730
 0.062  1.144230
 0.063  1.140896
 0.064  1.137697
 0.065  1.134151
 0.066  1.129993
 0.067  1.126541
 0.068  1.123809
 0.069  1.120975
 0.070  1.118019
 0.071  1.114845
 0.072  1.111282
 0.073  1.108250
 0.074  1.104952
 0.075  1.101295
 0.076  1.098019
 0.077  1.094570
 0.078  1.091863
 0.079  1.089057
 0.080  1.086105
 0.081  1.082819
 0.082  1.079516
 0.083  1.076434
 0.084  1.073011
 0.085  1.070082
 0.086  1.066782
 0.087  1.063509
 0.088  1.060771
 0.089  1.057993
 0.090  1.055039
 0.091  1.051567
 0.092  1.048571
 0.093  1.045303
 0.094  1.042580
 0.095  1.039714
 0.096  1.036265
 0.097  1.033556
 0.098  1.030533
 0.099  1.027798
 0.100  1.024871
 0.101  1.021352
 0.102  1.018221
 0.103  1.015650
 0.104  1.013000
 0.105  1.010210
 0.106  1.006860
 0.107  1.004264
 0.108  1.001536
 0.109  0.998493
 0.110  0.995622
 0.111  0.992098
 0.112  0.989299
 0.113  0.986853
 0.114  0.984290
 0.115  0.981596
 0.116  0.978448
 0.117  0.975798
 0.118  0.973205
 0.119  0.970480
 0.120  0.967449
 0.121  0.963961
 0.122  0.961285
 0.123  0.958928
 0.124  0.956476
 0.125  0.953899
 0.126  0.951126
 0.127  0.948205
 0.128  0.945739
 0.129  0.943152
 0.130  0.940341
 0.131  0.937252
 0.132  0.934160
 0.133  0.931900
 0.134  0.929579
 0.135  0.927155
 0.136  0.924581
 0.137  0.921509
 0.138  0.919167
 0.139  0.916707
 0.140  0.913930
 0.141  0.911399
 0.142  0.908607
 0.143  0.905795
 0.144  0.903599
 0.145  0.901322
 0.146  0.898932
 0.147  0.896371
 0.148  0.893510
 0.149  0.891193
 0.150  0.888623
 0.151  0.886351
 0.152  0.883933
 0.153  0.881010
 0.154  0.878731
 0.155  0.876417
 0.156  0.874207
 0.157  0.871882
 0.158  0.869377
 0.159  0.866582
 0.160  0.864264
 0.161  0.862157
 0.162  0.859981
 0.163  0.857669
 0.164  0.854949
 0.165  0.852698
 0.166  0.850465
 0.167  0.848249
 0.168  0.846011
 0.169  0.843572
 0.170  0.840778
 0.171  0.838837
 0.172  0.836835
 0.173  0.834775
 0.174  0.832612
 0.175  0.830207
 0.176  0.827763
 0.177  0.825700
 0.178  0.823440
 0.179  0.821273
 0.180  0.819021
 0.181  0.816619
 0.182  0.814530
 0.183  0.812648
 0.184  0.810709
 0.185  0.808688
 0.186  0.806533
 0.187  0.803912
 0.188  0.801979
 0.189  0.799912
 0.190  0.797707
 0.191  0.795780
 0.192  0.793741
 0.193  0.791325
 0.194  0.789554
 0.195  0.787736
 0.196  0.785869
 0.197  0.783912
 0.198  0.781795
 0.199  0.779283
 0.200  0.777390
 0.201  0.775583
 0.202  0.773621
 0.203  0.771772
 0.204  0.769812
 0.205  0.767520
 0.206  0.765825
 0.207  0.764082
 0.208  0.762281
 0.209  0.760362
 0.210  0.758308
 0.211  0.756021
 0.212  0.754359
 0.213  0.752641
 0.214  0.750780
 0.215  0.749033
 0.216  0.747193
 0.217  0.744916
 0.218  0.743290
 0.219  0.741604
 0.220  0.739839
 0.221  0.738148
 0.222  0.736365
 0.223  0.734370
 0.224  0.732512
 0.225  0.730889
 0.226  0.729134
 0.227  0.727493
 0.228  0.725771
 0.229  0.723904
 0.230  0.721836
 0.231  0.720345
 0.232  0.718808
 0.233  0.717238
 0.234  0.715610
 0.235  0.713857
 0.236  0.711785
 0.237  0.710264
 0.238  0.708640
 0.239  0.707052
 0.240  0.705393
 0.241  0.703794
 0.242  0.701962
 0.243  0.700298
 0.244  0.698874
 0.245  0.697403
 0.246  0.695896
 0.247  0.694329
 0.248  0.692622
 0.249  0.690688
 0.250  0.689135
 0.251  0.687669
 0.252  0.686247
 0.253  0.684785
 0.254  0.683266
 0.255  0.681519
 0.256  0.679942
 0.257  0.678586
 0.258  0.677182
 0.259  0.675742
 0.260  0.674227
 0.261  0.672612
 0.262  0.670757
 0.263  0.669367
 0.264  0.668062
 0.265  0.666717
 0.266  0.665343
 0.267  0.663907
 0.268  0.662344
 0.269  0.660697
 0.270  0.659398
 0.271  0.658050
 0.272  0.656724
 0.273  0.655343
 0.274  0.653874
 0.275  0.652120
 0.276  0.650764
 0.277  0.649529
 0.278  0.648266
 0.279  0.646970
 0.280  0.645621
 0.281  0.644187
 0.282  0.642505
 0.283  0.641306
 0.284  0.640081
 0.285  0.638831
 0.286  0.637537
 0.287  0.636169
 0.288  0.634725
 0.289  0.633171
 0.290  0.632004
 0.291  0.630812
 0.292  0.629607
 0.293  0.628376
 0.294  0.627097
 0.295  0.625724
 0.296  0.624224
 0.297  0.623081
 0.298  0.621902
 0.299  0.620697
 0.300  0.619418
 0.301  0.618173
 0.302  0.616820
 0.303  0.615440
 0.304  0.614332
 0.305  0.613213
 0.306  0.612061
 0.307  0.610885
 0.308  0.609670
 0.309  0.608310
 0.310  0.606983
 0.311  0.605899
 0.312  0.604726
 0.313  0.603618
 0.314  0.602475
 0.315  0.601281
 0.316  0.599989
 0.317  0.598718
 0.318  0.597669
 0.319  0.596610
 0.320  0.595527
 0.321  0.594432
 0.322  0.593284
 0.323  0.591965
 0.324  0.590705
 0.325  0.589641
 0.326  0.588607
 0.327  0.587557
 0.328  0.586482
 0.329  0.585361
 0.330  0.584156
 0.331  0.582980
 0.332  0.582003
 0.333  0.580980
 0.334  0.579932
 0.335  0.578861
 0.336  0.577748
 0.337  0.576491
 0.338  0.575323
 0.339  0.574373
 0.340  0.573412
 0.341  0.572460
 0.342  0.571468
 0.343  0.570387
 0.344  0.569232
 0.345  0.568047
 0.346  0.567090
 0.347  0.566128
 0.348  0.565142
 0.349  0.564131
 0.350  0.563115
 0.351  0.562075
 0.352  0.560937
 0.353  0.560006
 0.354  0.559059
 0.355  0.558103
 0.356  0.557126
 0.357  0.556121
 0.358  0.555059
 0.359  0.553921
 0.360  0.553048
 0.361  0.552245
 0.362  0.551267
 0.363  0.550310
 0.364  0.549327
 0.365  0.548288
 0.366  0.547143
 0.367  0.546274
 0.368  0.545395
 0.369  0.544520
 0.370  0.543647
 0.371  0.542810
 0.372  0.541782
 0.373  0.540626
 0.374  0.539725
 0.375  0.538857
 0.376  0.537973
 0.377  0.537087
 0.378  0.536184
 0.379  0.535251
 0.380  0.534231
 0.381  0.533475
 0.382  0.532595
 0.383  0.531715
 0.384  0.530817
 0.385  0.529905
 0.386  0.528956
 0.387  0.527870
 0.388  0.527083
 0.389  0.526323
 0.390  0.525646
 0.391  0.524758
 0.392  0.523852
 0.393  0.522909
 0.394  0.521840
 0.395  0.521033
 0.396  0.520225
 0.397  0.519427
 0.398  0.518633
 0.399  0.517895
 0.400  0.517069
 0.401  0.516000
 0.402  0.515187
 0.403  0.514376
 0.404  0.513558
 0.405  0.512744
 0.406  0.511925
 0.407  0.511093
 0.408  0.510205
 0.409  0.509564
 0.410  0.508741
 0.411  0.507917
 0.412  0.507086
 0.413  0.506249
 0.414  0.505392
 0.415  0.504450
 0.416  0.503741
 0.417  0.503080
 0.418  0.502471
 0.419  0.501632
 0.420  0.500788
 0.421  0.499916
 0.422  0.498982
 0.423  0.498239
 0.424  0.497507
 0.425  0.496793
 0.426  0.496151
 0.427  0.495510
 0.428  0.494615
 0.429  0.493707
 0.430  0.492941
 0.431  0.492178
 0.432  0.491434
 0.433  0.490696
 0.434  0.489985
 0.435  0.489377
 0.436  0.488632
 0.437  0.487840
 0.438  0.487062
 0.439  0.486284
 0.440  0.485512
 0.441  0.484751
 0.442  0.483927
 0.443  0.483336
 0.444  0.482887
 0.445  0.482092
 0.446  0.481299
 0.447  0.480525
 0.448  0.479734
 0.449  0.478921
 0.450  0.478245
 0.451  0.477626
 0.452  0.477247
 0.453  0.476467
 0.454  0.475651
 0.455  0.474792
 0.456  0.474048
 0.457  0.473342
 0.458  0.472676
 0.459  0.472070
 0.460  0.471663
 0.461  0.470954
 0.462  0.470109
 0.463  0.469341
 0.464  0.468608
 0.465  0.467894
 0.466  0.467215
 0.467  0.466609
 0.468  0.466277
 0.469  0.465521
 0.470  0.464745
 0.471  0.464004
 0.472  0.463284
 0.473  0.462571
 0.474  0.461893
 0.475  0.461384
 0.476  0.461047
 0.477  0.460238
 0.478  0.459446
 0.479  0.458691
 0.480  0.457986
 0.481  0.457335
 0.482  0.456784
 0.483  0.456642
 0.484  0.455849
 0.485  0.455042
 0.486  0.454284
 0.487  0.453552
 0.488  0.452888
 0.489  0.452302
 0.490  0.452170
 0.491  0.451438
 0.492  0.450674
 0.493  0.449888
 0.494  0.449178
 0.495  0.448576
 0.496  0.448033
 0.497  0.448004
 0.498  0.447199
 0.499  0.446338
 0.500  0.445536
 0.501  0.444838
 0.502  0.444254
 0.503  0.443982
 0.504  0.443696
 0.505  0.442813
 0.506  0.442009
 0.507  0.441300
 0.508  0.440745
 0.509  0.440357
 0.510  0.440231
 0.511  0.439297
 0.512  0.438438
 0.513  0.437748
 0.514  0.437253
 0.515  0.436784
 0.516  0.436679
 0.517  0.435766
 0.518  0.435092
 0.519  0.434429
 0.520  0.433781
 0.521  0.433768
 0.522  0.433087
 0.523  0.432450
 0.524  0.431528
 0.525  0.430768
 0.526  0.430510
 0.527  0.430441
 0.528  0.429713
 0.529  0.428720
 0.530  0.427968
 0.531  0.427891
 0.532  0.428077
 0.533  0.426734
 0.534  0.425705
 0.535  0.425148
 0.536  0.426397
 0.537  0.424740
 0.538  0.423494
 0.539  0.422909
 0.540  0.424271
 0.541  0.422731
 0.542  0.421307
 0.543  0.421290
 0.544  0.422039
 0.545  0.420093
 0.546  0.418991
 0.547  0.419499
 0.548  0.418852
 0.549  0.417442
 0.550  0.417656
 0.551  0.417065
 0.552  0.417090
 0.553  0.417299
 0.554  0.414967
 0.555  0.414291
 0.556  0.414106
 0.557  0.412767
 0.558  0.414221
 0.559  0.414774
 0.560  0.412883
 0.561  0.419569
 0.562  0.226642
 0.563  0.226686
 0.564  0.226630
 0.565  0.226562
 0.566  0.226496
 0.567  0.226436
 0.568  0.226379
 0.569  0.226326
 0.570  0.226279
 0.571  0.226237
 0.572  0.226206
 0.573  0.226193
 0.574  0.226254
 0.575  0.226194
 0.576  0.226129
 0.577  0.226069
 0.578  0.226011
 0.579  0.225959
 0.580  0.225912
 0.581  0.225869
 0.582  0.225835
 0.583  0.225811
 0.584  0.225808
 0.585  0.225880
 0.586  0.225817
 0.587  0.225756
 0.588  0.225699
 0.589  0.225647
 0.590  0.225599
 0.591  0.225556
 0.592  0.225522
 0.593  0.225496
 0.594  0.225483
 0.595  0.225497
 0.596  0.225555
 0.597  0.225495
 0.598  0.225440
 0.599  0.225387
 0.600  0.225341
 0.601  0.225300
 0.602  0.225263
 0.603  0.225237
 0.604  0.225222
 0.605  0.225225
 0.606  0.225283
 0.607  0.225287
 0.608  0.225232
 0.609  0.225182
 0.610  0.225137
 0.611  0.225096
 0.612  0.225061
 0.613  0.225036
 0.614  0.225019
 0.615  0.225019
 0.616  0.225049
 0.617  0.225132
 0.618  0.225078
 0.619  0.225028
 0.620  0.224983
 0.621  0.224946
 0.622  0.224913
 0.623  0.224888
 0.624  0.224874
 0.625  0.224874
 0.626  0.224900
 0.627  0.225025
 0.628  0.224974
 0.629  0.224927
 0.630  0.224885
 0.631  0.224847
 0.632  0.224818
 0.633  0.224797
 0.634  0.224785
 0.635  0.224789
 0.636  0.224817
 0.637  0.224959
 0.638  0.224920
 0.639  0.224875
 0.640  0.224836
 0.641  0.224805
 0.642  0.224777
 0.643  0.224759
 0.644  0.224754
 0.645  0.224761
 0.646  0.224796
 0.647  0.224955
 0.648  0.224920
 0.649  0.224877
 0.650  0.224840
 0.651  0.224812
 0.652  0.224792
 0.653  0.224780
 0.654  0.224780
 0.655  0.224798
 0.656  0.224846
 0.657  0.225013
 0.658  0.224969
 0.659  0.224931
 0.660  0.224901
 0.661  0.224874
 0.662  0.224861
 0.663  0.224858
 0.664  0.224867
 0.665  0.224899
 0.666  0.224973
 0.667  0.225109
 0.668  0.225070
 0.669  0.225038
 0.670  0.225013
 0.671  0.224997
 0.672  0.224989
 0.673  0.224996
 0.674  0.225021
 0.675  0.225076
 0.676  0.225235
 0.677  0.225260
 0.678  0.225226
 0.679  0.225200
 0.680  0.225183
 0.681  0.225178
 0.682  0.225183
 0.683  0.225204
 0.684  0.225253
 0.685  0.225351
 0.686  0.225498
 0.687  0.225464
 0.688  0.225439
 0.689  0.225423
 0.690  0.225415
 0.691  0.225425
 0.692  0.225449
 0.693  0.225494
 0.694  0.225585
 0.695  0.225782
 0.696  0.225752
 0.697  0.225727
 0.698  0.225713
 0.699  0.225711
 0.700  0.225718
 0.701  0.225746
 0.702  0.225800
 0.703  0.225900
 0.704  0.226117
 0.705  0.226087
 0.706  0.226067
 0.707  0.226058
 0.708  0.226057
 0.709  0.226075
 0.710  0.226108
 0.711  0.226172
 0.712  0.226292
 0.713  0.226501
 0.714  0.226474
 0.715  0.226459
 0.716  0.226453
 0.717  0.226464
 0.718  0.226489
 0.719  0.226537
 0.720  0.226615
 0.721  0.226785
 0.722  0.226936
 0.723  0.226916
 0.724  0.226904
 0.725  0.226909
 0.726  0.226930
 0.727  0.226967
 0.728  0.227036
 0.729  0.227151
 0.730  0.227444
 0.731  0.227422
 0.732  0.227412
 0.733  0.227411
 0.734  0.227426
 0.735  0.227463
 0.736  0.227523
 0.737  0.227623
 0.738  0.227835
 0.739  0.227980
 0.740  0.227966
 0.741  0.227968
 0.742  0.227982
 0.743  0.228016
 0.744  0.228076
 0.745  0.228173
 0.746  0.228355
 0.747  0.228591
 0.748  0.228576
 0.749  0.228574
 0.750  0.228594
 0.751  0.228632
 0.752  0.228695
 0.753  0.228798
 0.754  0.228981
 0.755  0.229245
 0.756  0.229238
 0.757  0.229242
 0.758  0.229261
 0.759  0.229304
 0.760  0.229381
 0.761  0.229495
 0.762  0.229722
 0.763  0.229956
 0.764  0.229949
 0.765  0.229961
 0.766  0.229991
 0.767  0.230048
 0.768  0.230137
 0.769  0.230287
 0.770  0.230665
 0.771  0.230721
 0.772  0.230720
 0.773  0.230739
 0.774  0.230789
 0.775  0.230865
 0.776  0.230982
 0.777  0.231195
 0.778  0.231543
 0.779  0.231540
 0.780  0.231553
 0.781  0.231588
 0.782  0.231660
 0.783  0.231771
 0.784  0.231944
 0.785  0.232420
 0.786  0.232411
 0.787  0.232423
 0.788  0.232459
 0.789  0.232520
 0.790  0.232624
 0.791  0.232805
 0.792  0.233194
 0.793  0.233337
 0.794  0.233346
 0.795  0.233384
 0.796  0.233457
 0.797  0.233567
 0.798  0.233744
 0.799  0.234147
 0.800  0.234317
 0.801  0.234332
 0.802  0.234373
 0.803  0.234450
 0.804  0.234580
 0.805  0.234794
 0.806  0.235353
 0.807  0.235356
 0.808  0.235373
 0.809  0.235425
 0.810  0.235518
 0.811  0.235678
 0.812  0.235962
 0.813  0.236437
 0.814  0.236444
 0.815  0.236480
 0.816  0.236553
 0.817  0.236682
 0.818  0.236901
 0.819  0.237399
 0.820  0.237578
 0.821  0.237598
 0.822  0.237664
 0.823  0.237775
 0.824  0.237969
 0.825  0.238316
 0.826  0.238767
 0.827  0.238783
 0.828  0.238835
 0.829  0.238948
 0.830  0.239132
 0.831  0.239462
 0.832  0.240010
 0.833  0.240024
 0.834  0.240074
 0.835  0.240181
 0.836  0.240379
 0.837  0.240743
 0.838  0.241307
 0.839  0.241312
 0.840  0.241385
 0.841  0.241506
 0.842  0.241729
 0.843  0.242183
 0.844  0.242651
 0.845  0.242675
 0.846  0.242751
 0.847  0.242921
 0.848  0.243202
 0.849  0.244054
 0.850  0.244046
 0.851  0.244099
 0.852  0.244207
 0.853  0.244445
 0.854  0.244896
 0.855  0.245486
 0.856  0.245507
 0.857  0.245605
 0.858  0.245784
 0.859  0.246167
 0.860  0.246992
 0.861  0.246985
 0.862  0.247051
 0.863  0.247237
 0.864  0.247587
 0.865  0.248538
 0.866  0.248519
 0.867  0.248586
 0.868  0.248762
 0.869  0.249135
 0.870  0.250115
 0.871  0.250105
 0.872  0.250174
 0.873  0.250380
 0.874  0.250834
 0.875  0.251734
 0.876  0.251723
 0.877  0.251823
 0.878  0.252113
 0.879  0.252812
 0.880  0.253385
 0.881  0.253400
 0.882  0.253586
 0.883  0.254035
 0.884  0.255113
 0.885  0.255084
 0.886  0.255183
 0.887  0.255523
 0.888  0.256752
 0.889  0.256806
 0.890  0.256872
 0.891  0.257143
 0.892  0.258014
 0.893  0.258567
 0.894  0.258604
 0.895  0.258881
 0.896  0.259816
 0.897  0.260377
 0.898  0.260383
 0.899  0.260722
 0.900  0.262241
 0.901  0.262173
 0.902  0.262232
 0.903  0.262724
 0.904  0.264116
 0.905  0.263987
 0.906  0.264172
 0.907  0.265118
 0.908  0.265877
 0.909  0.265861
 0.910  0.266392
 0.911  0.267835
 0.912  0.267662
 0.913  0.268015
 0.914  0.269795
 0.915  0.269523
 0.916  0.269734
 0.917  0.271761
 0.918  0.271374
 0.919  0.271596
 0.920  0.273638
 0.921  0.273201
 0.922  0.273553
 0.923  0.275372
 0.924  0.275007
 0.925  0.275884
 0.926  0.276988
 0.927  0.276889
 0.928  0.279240
 0.929  0.278576
 0.930  0.279635
 0.931  0.280400
 0.932  0.280709
 0.933  0.282340
 0.934  0.282122
 0.935  0.284112
 0.936  0.283742
 0.937  0.285724
 0.938  0.285548
 0.939  0.286976
 0.940  0.288800
 0.941  0.287992
 0.942  0.290496
 0.943  0.290747
 0.944  0.290422
 0.945  0.291946
 0.946  0.294236
 0.947  0.295799
 0.948  0.296483
 0.949  0.294365
 0.950  0.306656
 0.951  0.297729
 0.952  0.000000
 0.953  0.000000
 0.954  0.000000
 0.955  0.000000
 0.956  0.000000
 0.957  0.000000
 0.958  0.000000
 0.959  0.000000
 0.960  0.000000
 0.961  0.000000
 0.962  0.000000
 0.963  0.000000
 0.964  0.000000
 0.965  0.000000
 0.966  0.000000
 0.967  0.000000
 0.968  0.000000
 0.969  0.000000
 0.970  0.000000
 0.971  0.000000
 0.972  0.000000
 0.973  0.000000
 0.974  0.000000
 0.975  0.000000
 0.976  0.000000
 0.977  0.000000
 0.978  0.000000
 0.979  0.000000
 0.980  0.000000
 0.981  0.000000
 0.982  0.000000
 0.983  0.000000
 0.984  0.000000
 0.985  0.000000
 0.986  0.000000
 0.987  0.000000
 0.988  0.000000
 0.989  0.000000
 0.990  0.000000
 0.991  0.000000
 0.992  0.000000
 0.993  0.000000
 0.994  0.000000
 0.995  0.000000
 0.996  0.000000
 0.997  0.000000
 0.998  0.000000
 0.999  0.000000
 1.000  0.000000
