-0.400  0.000000
-0.399  0.000000
-0.398  0.000000
-0.397  0.000000
-0.396  0.000000
-0.395  0.000000
-0.394  0.000000
-0.393  0.000000
-0.392  0.000000
-0.391  0.000000
-0.390  0.000000
-0.389  0.000000
-0.388  0.000000
-0.387  0.000000
-0.386  0.000000
-0.385  0.000000
-0.384  0.000000
-0.383  0.000000
-0.382  0.000000
-0.381  0.000000
-0.380  0.000000
-0.379  0.000000
-0.378  0.000000
-0.377  0.000000
-0.376  0.000000
-0.375  0.000000
-0.374  0.000000
-0.373  0.000000
-0.372  0.000000
-0.371  0.000000
-0.370  0.000000
-0.369  0.000000
-0.368  0.000000
-0.367  0.000000
-0.366  0.000000
-0.365  0.000000
-0.364  0.000000
-0.363  0.000000
-0.362  0.000000
-0.361  0.000000
-0.360  0.000000
-0.359  0.000000
-0.358  0.000000
-0.357  0.000000
-0.356  0.000000
-0.355  0.000000
-0.354  0.000000
-0.353  0.000000
-0.352  0.000000
-0.351  0.000000
-0.350  0.000000
-0.349  0.000000
-0.348  0.000000
-0.347  0.000000
-0.346  0.000000
-0.345  0.000000
-0.344  0.000000
-0.343  0.000000
-0.342  0.000000
-0.341  0.000000
-0.340  0.000000
-0.339  0.000000
-0.338  0.000000
-0.337  0.000000
-0.336  0.000000
-0.335  0.000000
-0.334  0.000000
-0.333  0.000000
-0.332  0.000000
-0.331  0.000000
-0.330  0.000000
-0.329  0.000000
-0.328  0.000000
-0.327  0.000000
-0.326  0.000000
-0.325  0.000000
-0.324  0.000000
-0.323  0.000000
-0.322  0.000000
-0.321  0.000000
-0.320  0.000000
-0.319  0.000000
-0.318  0.000000
-0.317  0.000000
-0.316  0.000000
-0.315  0.000000
-0.314  0.000000
-0.313  0.000000
-0.312  0.000000
-0.311  0.000000
-0.310  0.000000
-0.309  0.000000
-0.308  0.000000
-0.307  0.000000
-0.306  0.000000
-0.305  0.000000
-0.304  0.000000
-0.303  0.000000
-0.302  0.000000
-0.301  0.000000
-0.300  0.000000
-0.299  0.000000
-0.298  0.000000
-0.297  0.000000
-0.296  0.000000
-0.295  0.000000
-0.294  0.000000
-0.293  0.000000
-0.292  0.000000
-0.291  0.000000
-0.290  0.000000
-0.289  0.000000
-0.288  0.000000
-0.287  0.000000
-0.286  0.000000
-0.285  0.000000
-0.284  0.000000
-0.283  0.000000
-0.282  0.000000
-0.281  0.000000
-0.280  0.000000
-0.279  0.000000
-0.278  0.000000
-0.277  0.000000
-0.276  0.000000
-0.275  0.000000
-0.274  0.000000
-0.273  0.000000
-0.272  0.000000
-0.271  0.000000
-0.270  0.000000
-0.269  0.000000
-0.268  0.000000
-0.267  0.000000
-0.266  0.000000
-0.265  0.000000
-0.264  0.000000
-0.263  0.000000
-0.262  0.000000
-0.261  0.000000
-0.260  0.000000
-0.259  0.000000
-0.258  0.000000
-0.257  1.478187
-0.256  0.795154
-0.255  0.609489
-0.254  0.511821
-0.253  0.451768
-0.252  0.403766
-0.251  2.127476
-0.250  0.981131
-0.249  0.934827
-0.248  1.089308
-0.247  1.423741
-0.246  1.276882
-0.245  1.201888
-0.244  1.156436
-0.243  1.125344
-0.242  1.100732
-0.241  1.081816
-0.240  1.066574
-0.239  1.054598
-0.238  1.044855
-0.237  1.035529
-0.236  1.028846
-0.235  1.360216
-0.234  1.353156
-0.233  1.349846
-0.232  1.353731
-0.231  1.354466
-0.230  1.362031
-0.229  1.409900
-0.228  1.417033
-0.227  1.426353
-0.226  1.436948
-0.225  1.446927
-0.224  1.456326
-0.223  1.466846
-0.222  1.478616
-0.221  1.488006
-0.220  1.499385
-0.219  1.510819
-0.218  1.522752
-0.217  1.534673
-0.216  1.546239
-0.215  1.558738
-0.214  1.571513
-0.213  1.585111
-0.212  1.598040
-0.211  1.612492
-0.210  1.626814
-0.209  1.640733
-0.208  1.654870
-0.207  1.670512
-0.206  1.685995
-0.205  1.701814
-0.204  1.719521
-0.203  1.735323
-0.202  1.753297
-0.201  1.771238
-0.200  1.790542
-0.199  1.810068
-0.198  1.829889
-0.197  1.850795
-0.196  1.872644
-0.195  1.894688
-0.194  1.917232
-0.193  1.942302
-0.192  1.967735
-0.191  1.993771
-0.190  2.020787
-0.189  2.049991
-0.188  2.080011
-0.187  2.111377
-0.186  2.144916
-0.185  2.179988
-0.184  2.216996
-0.183  2.256561
-0.182  2.299120
-0.181  2.343507
-0.180  2.392176
-0.179  2.443394
-0.178  2.499954
-0.177  2.560904
-0.176  2.627747
-0.175  2.701797
-0.174  2.784969
-0.173  2.877187
-0.172  2.985227
-0.171  3.109742
-0.170  3.260305
-0.169  3.450450
-0.168  3.702819
-0.167  4.082603
-0.166  4.900759
-0.165  4.918828
-0.164  4.140884
-0.163  3.798421
-0.162  3.569739
-0.161  3.402706
-0.160  3.271286
-0.159  3.162595
-0.158  3.070940
-0.157  2.990652
-0.156  2.922198
-0.155  2.858048
-0.154  2.800089
-0.153  2.751608
-0.152  2.705507
-0.151  2.662051
-0.150  2.623703
-0.149  2.586121
-0.148  2.550604
-0.147  2.518391
-0.146  2.488262
-0.145  2.459368
-0.144  2.432858
-0.143  2.406210
-0.142  2.382992
-0.141  2.359942
-0.140  2.338661
-0.139  2.315965
-0.138  2.298166
-0.137  2.280232
-0.136  2.261454
-0.135  2.244149
-0.134  2.227791
-0.133  2.212334
-0.132  2.198502
-0.131  2.182365
-0.130  2.169831
-0.129  2.156261
-0.128  2.144088
-0.127  2.131770
-0.126  2.120753
-0.125  2.108410
-0.124  2.099462
-0.123  2.087776
-0.122  2.078682
-0.121  2.070103
-0.120  2.059579
-0.119  2.052828
-0.118  2.042480
-0.117  2.034804
-0.116  2.010151
-0.115  2.008023
-0.114  2.008445
-0.113  2.007931
-0.112  2.009887
-0.111  2.021944
-0.110  2.001676
-0.109  1.987356
-0.108  1.972264
-0.107  1.962855
-0.106  1.972426
-0.105  1.969748
-0.104  1.966993
-0.103  1.962120
-0.102  1.960960
-0.101  1.958808
-0.100  1.956011
-0.099  1.954442
-0.098  1.951580
-0.097  1.952382
-0.096  1.952368
-0.095  1.952799
-0.094  1.953181
-0.093  1.953246
-0.092  1.955210
-0.091  1.958556
-0.090  1.890776
-0.089  1.894800
-0.088  1.916948
-0.087  1.944623
-0.086  1.991002
-0.085  2.019853
-0.084  2.000798
-0.083  2.001645
-0.082  2.012732
-0.081  2.021259
-0.080  2.033676
-0.079  2.048898
-0.078  2.068345
-0.077  2.092157
-0.076  2.119678
-0.075  2.156785
-0.074  2.206984
-0.073  2.286218
-0.072  2.423653
-0.071  2.503605
-0.070  2.292702
-0.069  2.201135
-0.068  2.135378
-0.067  2.086293
-0.066  2.050028
-0.065  2.018851
-0.064  1.991957
-0.063  1.965941
-0.062  1.944272
-0.061  1.924346
-0.060  1.905979
-0.059  1.890503
-0.058  1.870501
-0.057  1.856810
-0.056  1.842766
-0.055  1.831025
-0.054  1.817104
-0.053  1.800149
-0.052  1.788734
-0.051  1.563459
-0.050  1.570981
-0.049  1.580477
-0.048  1.589720
-0.047  1.599204
-0.046  1.610371
-0.045  1.622031
-0.044  1.635003
-0.043  1.648133
-0.042  1.665118
-0.041  1.681644
-0.040  1.703134
-0.039  1.729004
-0.038  1.765337
-0.037  1.809710
-0.036  1.897229
-0.035  2.508061
-0.034  1.894600
-0.033  1.802181
-0.032  1.746062
-0.031  1.706676
-0.030  1.672131
-0.029  1.639607
-0.028  1.611066
-0.027  1.585091
-0.026  1.559506
-0.025  1.535104
-0.024  1.510938
-0.023  1.492076
-0.022  1.465908
-0.021  1.444822
-0.020  1.420645
-0.019  1.528986
-0.018  1.483141
-0.017  1.101845
-0.016  1.126717
-0.015  1.153342
-0.014  1.180092
-0.013  1.210487
-0.012  1.242575
-0.011  1.276735
-0.010  1.319707
-0.009  1.368363
-0.008  1.437337
-0.007  1.647229
-0.006  1.512514
-0.005  1.491422
-0.004  1.491353
-0.003  1.503947
-0.002  1.521299
-0.001  1.550268
 0.000  1.589317
 0.001  1.640158
 0.002  1.710634
 0.003  1.809791
 0.004  1.980734
 0.005  2.469038
 0.006  2.231569
 0.007  1.109263
 0.008  1.059502
 0.009  0.899441
 0.010  0.882972
 0.011  0.872514
 0.012  0.865325
 0.013  0.866422
 0.014  0.873387
 0.015  0.889679
 0.016  1.142783
 0.017  1.337620
 0.018  1.327644
 0.019  1.057070
 0.020  0.946664
 0.021  0.883591
 0.022  0.716486
 0.023  0.697631
 0.024  0.678987
 0.025  0.667735
 0.026  0.655664
 0.027  0.643236
 0.028  0.636122
 0.029  0.625778
 0.030  0.619608
 0.031  0.610892
 0.032  0.605188
 0.033  0.599005
 0.034  0.592250
 0.035  0.586967
 0.036  0.580821
 0.037  0.575963
 0.038  0.570873
 0.039  0.565838
 0.040  0.561414
 0.041  0.556505
 0.042  0.552706
 0.043  0.548907
 0.044  0.544937
 0.045  0.922836
 0.046  0.937059
 0.047  0.959998
 0.048  0.980959
 0.049  1.007091
 0.050  1.031306
 0.051  1.067652
 0.052  1.101263
 0.053  1.147185
 0.054  1.213324
 0.055  1.309750
 0.056  1.669964
 0.057  1.274953
 0.058  1.168834
 0.059  1.104550
 0.060  1.055803
 0.061  1.025019
 0.062  0.915495
 0.063  0.896151
 0.064  0.874956
 0.065  0.861569
 0.066  0.844997
 0.067  1.606457
 0.068  1.896526
 0.069  1.885761
 0.070  1.647891
 0.071  1.528922
 0.072  1.461664
 0.073  1.413398
 0.074  1.377087
 0.075  1.355367
 0.076  1.337155
 0.077  1.324475
 0.078  1.305620
 0.079  1.295654
 0.080  1.286270
 0.081  1.285235
 0.082  1.280906
 0.083  1.279494
 0.084  1.289175
 0.085  1.307073
 0.086  1.366596
 0.087  1.334590
 0.088  1.215678
 0.089  1.197918
 0.090  1.169131
 0.091  1.148410
 0.092  1.121195
 0.093  1.152162
 0.094  0.862519
 0.095  0.872580
 0.096  0.883637
 0.097  0.897071
 0.098  0.914547
 0.099  0.928667
 0.100  0.943605
 0.101  0.960048
 0.102  0.980114
 0.103  1.004279
 0.104  1.032211
 0.105  1.067495
 0.106  1.112120
 0.107  1.194710
 0.108  1.362256
 0.109  1.194926
 0.110  1.152255
 0.111  1.127406
 0.112  1.110347
 0.113  1.095901
 0.114  1.083631
 0.115  1.076108
 0.116  1.066081
 0.117  1.059223
 0.118  1.051727
 0.119  1.047611
 0.120  1.040318
 0.121  1.032243
 0.122  1.027054
 0.123  0.962990
 0.124  0.962809
 0.125  0.963041
 0.126  0.960353
 0.127  0.960647
 0.128  0.959083
 0.129  0.960403
 0.130  0.959399
 0.131  0.958675
 0.132  0.960300
 0.133  0.959777
 0.134  0.961266
 0.135  0.960196
 0.136  0.961311
 0.137  0.962281
 0.138  0.964249
 0.139  0.965796
 0.140  0.967461
 0.141  0.971586
 0.142  0.971322
 0.143  0.977566
 0.144  0.982802
 0.145  0.992844
 0.146  1.010639
 0.147  1.082133
 0.148  0.997342
 0.149  0.972247
 0.150  0.952235
 0.151  0.941103
 0.152  0.925866
 0.153  0.918153
 0.154  0.908315
 0.155  0.898219
 0.156  0.890185
 0.157  0.883137
 0.158  0.873050
 0.159  0.891116
 0.160  0.894595
 0.161  0.891883
 0.162  0.888834
 0.163  0.886988
 0.164  0.884093
 0.165  0.881846
 0.166  0.879033
 0.167  0.874794
 0.168  0.872706
 0.169  0.871326
 0.170  0.865403
 0.171  0.866162
 0.172  0.861899
 0.173  0.859436
 0.174  0.858601
 0.175  0.854753
 0.176  0.849634
 0.177  0.851359
 0.178  0.845797
 0.179  0.844313
 0.180  0.840920
 0.181  0.838840
 0.182  0.837738
 0.183  0.833050
 0.184  0.834573
 0.185  0.829252
 0.186  0.827596
 0.187  0.826469
 0.188  0.821518
 0.189  0.822090
 0.190  0.819175
 0.191  0.817258
 0.192  0.814353
 0.193  0.811670
 0.194  0.809750
 0.195  0.809144
 0.196  0.805277
 0.197  0.807734
 0.198  0.801346
 0.199  0.800671
 0.200  0.799475
 0.201  0.797004
 0.202  0.790270
 0.203  0.776433
 0.204  0.763337
 0.205  0.770594
 0.206  0.775069
 0.207  0.783627
 0.208  0.789741
 0.209  0.806658
 0.210  0.829018
 0.211  0.797316
 0.212  0.774924
 0.213  0.769251
 0.214  0.756331
 0.215  0.748912
 0.216  0.740532
 0.217  0.733648
 0.218  0.757212
 0.219  0.756700
 0.220  0.752478
 0.221  0.730520
 0.222  0.731494
 0.223  0.747099
 0.224  0.749596
 0.225  0.776978
 0.226  0.802045
 0.227  0.910917
 0.228  0.824804
 0.229  0.796948
 0.230  0.794467
 0.231  0.770098
 0.232  0.748935
 0.233  0.736127
 0.234  0.718254
 0.235  0.444864
 0.236  0.447190
 0.237  0.453541
 0.238  0.461151
 0.239  0.472495
 0.240  0.489348
 0.241  0.508130
 0.242  0.635472
 0.243  0.665847
 0.244  0.686807
 0.245  0.774279
 0.246  0.847729
 0.247  0.940722
 0.248  0.832467
 0.249  0.794261
 0.250  0.772694
 0.251  0.758001
 0.252  0.747221
 0.253  0.739154
 0.254  0.732071
 0.255  0.726414
 0.256  0.721547
 0.257  0.716966
 0.258  0.713392
 0.259  0.709358
 0.260  0.706274
 0.261  0.703255
 0.262  0.700315
 0.263  0.697402
 0.264  0.694904
 0.265  0.692554
 0.266  0.690281
 0.267  0.687940
 0.268  0.685657
 0.269  0.683878
 0.270  0.681458
 0.271  0.679587
 0.272  0.677575
 0.273  0.675574
 0.274  0.673938
 0.275  0.671799
 0.276  0.670005
 0.277  0.668328
 0.278  0.666472
 0.279  0.664994
 0.280  0.662955
 0.281  0.661358
 0.282  0.659755
 0.283  0.657971
 0.284  0.656285
 0.285  0.654612
 0.286  0.653217
 0.287  0.651634
 0.288  0.650076
 0.289  0.648413
 0.290  0.646809
 0.291  0.645478
 0.292  0.643954
 0.293  0.642517
 0.294  0.640861
 0.295  0.639333
 0.296  0.638038
 0.297  0.636639
 0.298  0.635238
 0.299  0.633658
 0.300  0.632682
 0.301  0.630921
 0.302  0.629575
 0.303  0.628104
 0.304  0.626733
 0.305  0.625750
 0.306  0.624078
 0.307  0.622722
 0.308  0.621341
 0.309  0.620004
 0.310  0.618477
 0.311  0.617436
 0.312  0.616025
 0.313  0.614795
 0.314  0.613449
 0.315  0.612013
 0.316  0.610987
 0.317  0.609620
 0.318  0.608451
 0.319  0.607018
 0.320  0.605730
 0.321  0.604717
 0.322  0.603397
 0.323  0.602277
 0.324  0.600822
 0.325  0.599635
 0.326  0.598568
 0.327  0.597296
 0.328  0.596186
 0.329  0.594783
 0.330  0.593703
 0.331  0.592525
 0.332  0.591308
 0.333  0.590231
 0.334  0.588855
 0.335  0.587911
 0.336  0.586600
 0.337  0.585493
 0.338  0.584440
 0.339  0.583165
 0.340  0.582273
 0.341  0.580963
 0.342  0.579969
 0.343  0.578763
 0.344  0.577679
 0.345  0.576604
 0.346  0.575420
 0.347  0.574512
 0.348  0.573173
 0.349  0.572343
 0.350  0.570992
 0.351  0.570027
 0.352  0.569063
 0.353  0.567900
 0.354  0.566925
 0.355  0.565683
 0.356  0.564931
 0.357  0.563639
 0.358  0.562856
 0.359  0.561485
 0.360  0.560586
 0.361  0.559665
 0.362  0.558601
 0.363  0.557625
 0.364  0.556312
 0.365  0.555746
 0.366  0.553630
 0.367  0.553731
 0.368  0.552248
 0.369  0.551599
 0.370  0.550632
 0.371  0.549819
 0.372  0.548570
 0.373  0.547437
 0.374  0.546913
 0.375  0.545892
 0.376  0.544933
 0.377  0.543387
 0.378  0.543063
 0.379  0.541452
 0.380  0.540977
 0.381  0.539448
 0.382  0.538858
 0.383  0.537334
 0.384  0.532780
 0.385  0.532254
 0.386  0.532686
 0.387  0.532141
 0.388  0.532611
 0.389  0.532353
 0.390  0.533471
 0.391  0.536064
 0.392  0.542391
 0.393  0.533960
 0.394  0.528348
 0.395  0.525340
 0.396  0.524289
 0.397  0.522445
 0.398  0.524774
 0.399  0.522917
 0.400  0.523678
 0.401  0.522443
 0.402  0.520121
 0.403  0.520126
 0.404  0.518526
 0.405  0.518650
 0.406  0.516688
 0.407  0.517044
 0.408  0.515254
 0.409  0.514946
 0.410  0.513212
 0.411  0.514015
 0.412  0.512172
 0.413  0.511148
 0.414  0.510267
 0.415  0.509401
 0.416  0.509775
 0.417  0.507312
 0.418  0.507506
 0.419  0.506849
 0.420  0.505933
 0.421  0.503849
 0.422  0.504893
 0.423  0.503213
 0.424  0.502038
 0.425  0.501333
 0.426  0.501453
 0.427  0.500670
 0.428  0.497998
 0.429  0.499172
 0.430  0.498278
 0.431  0.496519
 0.432  0.495782
 0.433  0.496419
 0.434  0.495184
 0.435  0.492446
 0.436  0.493585
 0.437  0.492864
 0.438  0.490815
 0.439  0.491085
 0.440  0.490703
 0.441  0.489368
 0.442  0.488014
 0.443  0.488298
 0.444  0.486254
 0.445  0.485202
 0.446  0.485917
 0.447  0.485187
 0.448  0.483075
 0.449  0.483548
 0.450  0.482816
 0.451  0.481014
 0.452  0.481241
 0.453  0.480440
 0.454  0.479210
 0.455  0.478885
 0.456  0.478091
 0.457  0.477413
 0.458  0.476531
 0.459  0.475785
 0.460  0.475836
 0.461  0.474222
 0.462  0.473476
 0.463  0.474510
 0.464  0.471901
 0.465  0.471310
 0.466  0.473570
 0.467  0.469633
 0.468  0.469075
 0.469  0.468726
 0.470  0.467429
 0.471  0.468287
 0.472  0.465894
 0.473  0.465246
 0.474  0.468121
 0.475  0.463675
 0.476  0.463969
 0.477  0.462970
 0.478  0.461568
 0.479  0.462517
 0.480  0.460020
 0.481  0.463517
 0.482  0.459698
 0.483  0.457974
 0.484  0.460665
 0.485  0.456454
 0.486  0.457123
 0.487  0.455090
 0.488  0.455587
 0.489  0.456448
 0.490  0.454068
 0.491  0.460805
 0.492  0.464295
 0.493  0.451840
 0.494  0.451119
 0.495  0.450317
 0.496  0.449607
 0.497  0.448828
 0.498  0.448029
 0.499  0.447748
 0.500  0.446457
 0.501  0.446747
 0.502  0.444891
 0.503  0.445058
 0.504  0.444012
 0.505  0.443401
 0.506  0.442489
 0.507  0.442630
 0.508  0.441042
 0.509  0.440271
 0.510  0.440391
 0.511  0.439061
 0.512  0.438573
 0.513  0.437235
 0.514  0.436229
 0.515  0.442362
 0.516  0.444932
 0.517  0.440720
 0.518  0.435460
 0.519  0.432180
 0.520  0.432039
 0.521  0.435537
 0.522  0.437552
 0.523  0.433346
 0.524  0.443894
 0.525  0.391720
 0.526  0.396358
 0.527  0.411905
 0.528  0.412345
 0.529  0.421767
 0.530  0.444166
 0.531  0.462081
 0.532  0.441802
 0.533  0.436310
 0.534  0.433832
 0.535  0.432241
 0.536  0.430770
 0.537  0.429661
 0.538  0.428845
 0.539  0.428045
 0.540  0.427368
 0.541  0.426461
 0.542  0.425710
 0.543  0.424999
 0.544  0.424440
 0.545  0.423905
 0.546  0.423178
 0.547  0.422556
 0.548  0.421994
 0.549  0.421437
 0.550  0.420749
 0.551  0.420290
 0.552  0.419822
 0.553  0.418964
 0.554  0.418946
 0.555  0.417909
 0.556  0.417330
 0.557  0.417034
 0.558  0.415820
 0.559  0.414774
 0.560  0.322147
 0.561  0.321735
 0.562  0.321321
 0.563  0.320995
 0.564  0.321097
 0.565  0.320366
 0.566  0.320575
 0.567  0.319981
 0.568  0.319876
 0.569  0.319167
 0.570  0.321408
 0.571  0.226854
 0.572  0.226796
 0.573  0.226748
 0.574  0.226718
 0.575  0.226658
 0.576  0.226606
 0.577  0.226569
 0.578  0.226531
 0.579  0.226476
 0.580  0.226431
 0.581  0.226413
 0.582  0.226357
 0.583  0.226307
 0.584  0.226271
 0.585  0.226246
 0.586  0.226195
 0.587  0.226152
 0.588  0.226132
 0.589  0.226091
 0.590  0.226045
 0.591  0.226010
 0.592  0.225996
 0.593  0.225947
 0.594  0.225907
 0.595  0.225885
 0.596  0.225858
 0.597  0.225815
 0.598  0.225782
 0.599  0.225777
 0.600  0.225731
 0.601  0.225693
 0.602  0.225673
 0.603  0.225655
 0.604  0.225614
 0.605  0.225585
 0.606  0.225586
 0.607  0.225544
 0.608  0.225510
 0.609  0.225492
 0.610  0.225480
 0.611  0.225443
 0.612  0.225418
 0.613  0.225424
 0.614  0.225385
 0.615  0.225355
 0.616  0.225343
 0.617  0.225334
 0.618  0.225300
 0.619  0.225280
 0.620  0.225289
 0.621  0.225254
 0.622  0.225228
 0.623  0.225225
 0.624  0.225214
 0.625  0.225185
 0.626  0.225171
 0.627  0.225182
 0.628  0.225150
 0.629  0.225130
 0.630  0.225145
 0.631  0.225122
 0.632  0.225099
 0.633  0.225093
 0.634  0.225101
 0.635  0.225075
 0.636  0.225062
 0.637  0.225086
 0.638  0.225058
 0.639  0.225041
 0.640  0.225050
 0.641  0.225047
 0.642  0.225027
 0.643  0.225025
 0.644  0.225044
 0.645  0.225021
 0.646  0.225013
 0.647  0.225046
 0.648  0.225022
 0.649  0.225010
 0.650  0.225027
 0.651  0.225029
 0.652  0.225014
 0.653  0.225020
 0.654  0.225042
 0.655  0.225026
 0.656  0.225025
 0.657  0.225062
 0.658  0.225044
 0.659  0.225039
 0.660  0.225087
 0.661  0.225068
 0.662  0.225061
 0.663  0.225081
 0.664  0.225098
 0.665  0.225089
 0.666  0.225102
 0.667  0.225135
 0.668  0.225125
 0.669  0.225133
 0.670  0.225177
 0.671  0.225166
 0.672  0.225171
 0.673  0.225226
 0.674  0.225213
 0.675  0.225217
 0.676  0.225268
 0.677  0.225267
 0.678  0.225269
 0.679  0.225303
 0.680  0.225327
 0.681  0.225328
 0.682  0.225356
 0.683  0.225393
 0.684  0.225393
 0.685  0.225418
 0.686  0.225464
 0.687  0.225464
 0.688  0.225487
 0.689  0.225542
 0.690  0.225542
 0.691  0.225564
 0.692  0.225625
 0.693  0.225626
 0.694  0.225648
 0.695  0.225715
 0.696  0.225716
 0.697  0.225738
 0.698  0.225810
 0.699  0.225812
 0.700  0.225835
 0.701  0.225912
 0.702  0.225915
 0.703  0.225939
 0.704  0.226019
 0.705  0.226023
 0.706  0.226050
 0.707  0.226132
 0.708  0.226138
 0.709  0.226167
 0.710  0.226252
 0.711  0.226260
 0.712  0.226292
 0.713  0.226377
 0.714  0.226388
 0.715  0.226424
 0.716  0.226509
 0.717  0.226523
 0.718  0.226564
 0.719  0.226648
 0.720  0.226665
 0.721  0.226712
 0.722  0.226792
 0.723  0.226814
 0.724  0.226869
 0.725  0.226944
 0.726  0.226970
 0.727  0.227037
 0.728  0.227103
 0.729  0.227135
 0.730  0.227222
 0.731  0.227269
 0.732  0.227308
 0.733  0.227424
 0.734  0.227443
 0.735  0.227491
 0.736  0.227600
 0.737  0.227625
 0.738  0.227684
 0.739  0.227784
 0.740  0.227816
 0.741  0.227892
 0.742  0.227975
 0.743  0.228017
 0.744  0.228130
 0.745  0.228176
 0.746  0.228229
 0.747  0.228355
 0.748  0.228386
 0.749  0.228455
 0.750  0.228565
 0.751  0.228607
 0.752  0.228702
 0.753  0.228786
 0.754  0.228841
 0.755  0.228982
 0.756  0.229017
 0.757  0.229090
 0.758  0.229213
 0.759  0.229261
 0.760  0.229367
 0.761  0.229455
 0.762  0.229519
 0.763  0.229667
 0.764  0.229710
 0.765  0.229800
 0.766  0.229921
 0.767  0.229981
 0.768  0.230146
 0.769  0.230188
 0.770  0.230272
 0.771  0.230413
 0.772  0.230472
 0.773  0.230609
 0.774  0.230694
 0.775  0.230778
 0.776  0.230931
 0.777  0.230993
 0.778  0.231129
 0.779  0.231227
 0.780  0.231316
 0.781  0.231477
 0.782  0.231544
 0.783  0.231697
 0.784  0.231790
 0.785  0.231889
 0.786  0.232050
 0.787  0.232126
 0.788  0.232323
 0.789  0.232383
 0.790  0.232501
 0.791  0.232653
 0.792  0.232744
 0.793  0.232936
 0.794  0.233009
 0.795  0.233167
 0.796  0.233289
 0.797  0.233404
 0.798  0.233581
 0.799  0.233674
 0.800  0.233884
 0.801  0.233961
 0.802  0.234129
 0.803  0.234262
 0.804  0.234390
 0.805  0.234573
 0.806  0.234680
 0.807  0.234895
 0.808  0.234986
 0.809  0.235225
 0.810  0.235306
 0.811  0.235473
 0.812  0.235635
 0.813  0.235775
 0.814  0.235974
 0.815  0.236098
 0.816  0.236323
 0.817  0.236433
 0.818  0.236679
 0.819  0.236780
 0.820  0.237044
 0.821  0.237137
 0.822  0.237347
 0.823  0.237503
 0.824  0.237687
 0.825  0.237878
 0.826  0.238047
 0.827  0.238261
 0.828  0.238421
 0.829  0.238652
 0.830  0.238806
 0.831  0.239051
 0.832  0.239202
 0.833  0.239457
 0.834  0.239607
 0.835  0.239871
 0.836  0.240022
 0.837  0.240292
 0.838  0.240447
 0.839  0.240722
 0.840  0.240882
 0.841  0.241158
 0.842  0.241328
 0.843  0.241603
 0.844  0.241786
 0.845  0.242057
 0.846  0.242257
 0.847  0.242520
 0.848  0.242747
 0.849  0.242992
 0.850  0.243264
 0.851  0.243476
 0.852  0.243831
 0.853  0.243972
 0.854  0.244319
 0.855  0.244484
 0.856  0.244816
 0.857  0.245017
 0.858  0.245327
 0.859  0.245582
 0.860  0.245853
 0.861  0.246242
 0.862  0.246398
 0.863  0.246767
 0.864  0.246972
 0.865  0.247310
 0.866  0.247599
 0.867  0.247875
 0.868  0.248277
 0.869  0.248472
 0.870  0.248840
 0.871  0.249135
 0.872  0.249433
 0.873  0.249850
 0.874  0.250071
 0.875  0.250442
 0.876  0.250860
 0.877  0.251078
 0.878  0.251491
 0.879  0.251807
 0.880  0.252131
 0.881  0.252572
 0.882  0.252862
 0.883  0.253222
 0.884  0.253680
 0.885  0.253976
 0.886  0.254349
 0.887  0.254816
 0.888  0.255154
 0.889  0.255513
 0.890  0.255979
 0.891  0.256488
 0.892  0.256730
 0.893  0.257180
 0.894  0.257691
 0.895  0.258040
 0.896  0.258435
 0.897  0.258923
 0.898  0.259460
 0.899  0.259819
 0.900  0.260232
 0.901  0.260731
 0.902  0.261276
 0.903  0.261852
 0.904  0.262152
 0.905  0.262627
 0.906  0.263156
 0.907  0.263719
 0.908  0.264305
 0.909  0.264841
 0.910  0.265221
 0.911  0.265730
 0.912  0.266278
 0.913  0.266851
 0.914  0.267438
 0.915  0.268039
 0.916  0.268647
 0.917  0.269263
 0.918  0.269879
 0.919  0.270502
 0.920  0.271121
 0.921  0.271745
 0.922  0.272366
 0.923  0.272983
 0.924  0.273601
 0.925  0.274224
 0.926  0.274857
 0.927  0.275504
 0.928  0.276189
 0.929  0.276974
 0.930  0.277896
 0.931  0.278470
 0.932  0.279096
 0.933  0.279875
 0.934  0.280863
 0.935  0.281414
 0.936  0.282270
 0.937  0.283125
 0.938  0.283815
 0.939  0.284787
 0.940  0.285598
 0.941  0.286363
 0.942  0.287487
 0.943  0.288686
 0.944  0.289126
 0.945  0.289984
 0.946  0.291063
 0.947  0.292408
 0.948  0.292867
 0.949  0.294627
 0.950  0.294934
 0.951  0.296862
 0.952  0.296747
 0.953  0.297617
 0.954  0.296727
 0.955  0.000000
 0.956  0.000000
 0.957  0.000000
 0.958  0.000000
 0.959  0.000000
 0.960  0.000000
 0.961  0.000000
 0.962  0.000000
 0.963  0.000000
 0.964  0.000000
 0.965  0.000000
 0.966  0.000000
 0.967  0.000000
 0.968  0.000000
 0.969  0.000000
 0.970  0.000000
 0.971  0.000000
 0.972  0.000000
 0.973  0.000000
 0.974  0.000000
 0.975  0.000000
 0.976  0.000000
 0.977  0.000000
 0.978  0.000000
 0.979  0.000000
 0.980  0.000000
 0.981  0.000000
 0.982  0.000000
 0.983  0.000000
 0.984  0.000000
 0.985  0.000000
 0.986  0.000000
 0.987  0.000000
 0.988  0.000000
 0.989  0.000000
 0.990  0.000000
 0.991  0.000000
 0.992  0.000000
 0.993  0.000000
 0.994  0.000000
 0.995  0.000000
 0.996  0.000000
 0.997  0.000000
 0.998  0.000000
 0.999  0.000000
 1.000  0.000000
