-0.400  0.000000
-0.399  0.000000
-0.398  0.000000
-0.397  0.000000
-0.396  0.000000
-0.395  0.000000
-0.394  0.000000
-0.393  0.000000
-0.392  0.000000
-0.391  0.000000
-0.390  0.000000
-0.389  0.000000
-0.388  0.000000
-0.387  0.000000
-0.386  0.000000
-0.385  0.000000
-0.384  0.000000
-0.383  0.000000
-0.382  0.000000
-0.381  0.000000
-0.380  0.000000
-0.379  0.000000
-0.378  0.000000
-0.377  0.000000
-0.376  0.000000
-0.375  0.000000
-0.374  0.000000
-0.373  0.000000
-0.372  0.000000
-0.371  0.000000
-0.370  0.000000
-0.369  0.000000
-0.368  0.000000
-0.367  0.000000
-0.366  0.000000
-0.365  0.000000
-0.364  0.000000
-0.363  0.000000
-0.362  0.000000
-0.361  0.000000
-0.360  0.000000
-0.359  0.000000
-0.358  0.000000
-0.357  0.000000
-0.356  0.000000
-0.355  0.000000
-0.354  0.000000
-0.353  0.000000
-0.352  0.000000
-0.351  0.000000
-0.350  0.000000
-0.349  0.000000
-0.348  0.000000
-0.347  0.000000
-0.346  0.000000
-0.345  0.000000
-0.344  0.000000
-0.343  0.000000
-0.342  0.000000
-0.341  0.000000
-0.340  0.000000
-0.339  0.000000
-0.338  0.000000
-0.337  0.000000
-0.336  0.000000
-0.335  0.000000
-0.334  0.000000
-0.333  0.000000
-0.332  0.000000
-0.331  0.000000
-0.330  0.000000
-0.329  0.000000
-0.328  0.000000
-0.327  0.000000
-0.326  0.000000
-0.325  0.000000
-0.324  0.000000
-0.323  0.000000
-0.322  0.000000
-0.321  0.000000
-0.320  0.000000
-0.319  0.000000
-0.318  0.000000
-0.317  0.000000
-0.316  0.000000
-0.315  0.000000
-0.314  0.000000
-0.313  0.000000
-0.312  0.000000
-0.311  0.000000
-0.310  0.000000
-0.309  0.000000
-0.308  0.000000
-0.307  0.000000
-0.306  0.000000
-0.305  0.000000
-0.304  0.000000
-0.303  0.000000
-0.302  0.000000
-0.301  0.000000
-0.300  0.000000
-0.299  0.000000
-0.298  0.000000
-0.297  0.000000
-0.296  0.000000
-0.295  0.000000
-0.294  0.000000
-0.293  0.000000
-0.292  0.000000
-0.291  0.000000
-0.290  0.000000
-0.289  0.000000
-0.288  0.000000
-0.287  0.000000
-0.286  0.000000
-0.285  0.000000
-0.284  0.000000
-0.283  0.000000
-0.282  0.000000
-0.281  0.000000
-0.280  0.000000
-0.279  0.000000
-0.278  0.000000
-0.277  0.000000
-0.276  0.000000
-0.275  0.000000
-0.274  0.000000
-0.273  0.000000
-0.272  0.000000
-0.271  0.000000
-0.270  0.000000
-0.269  0.000000
-0.268  0.000000
-0.267  0.000000
-0.266  0.000000
-0.265  0.000000
-0.264  0.000000
-0.263  0.000000
-0.262  0.000000
-0.261  0.000000
-0.260  0.000000
-0.259  0.000000
-0.258  1.201602
-0.257  0.543840
-0.256  0.469810
-0.255  0.428903
-0.254  0.402995
-0.253  0.384897
-0.252  0.370609
-0.251  1.484439
-0.250  1.748833
-0.249  1.223436
-0.248  1.909201
-0.247  1.360423
-0.246  1.249779
-0.245  1.190039
-0.244  1.152707
-0.243  1.123489
-0.242  1.100945
-0.241  1.083401
-0.240  1.070001
-0.239  1.057810
-0.238  1.048741
-0.237  1.041222
-0.236  1.267422
-0.235  1.203053
-0.234  1.209085
-0.233  1.223919
-0.232  1.239333
-0.231  1.252878
-0.230  1.265035
-0.229  1.419575
-0.228  1.426529
-0.227  1.435557
-0.226  1.448004
-0.225  1.458672
-0.224  1.466674
-0.223  1.479102
-0.222  1.491580
-0.221  1.501849
-0.220  1.513636
-0.219  1.524837
-0.218  1.536774
-0.217  1.548659
-0.216  1.561742
-0.215  1.575254
-0.214  1.588458
-0.213  1.602797
-0.212  1.615782
-0.211  1.630316
-0.210  1.644790
-0.209  1.659568
-0.208  1.675402
-0.207  1.690639
-0.206  1.707698
-0.205  1.724683
-0.204  1.741835
-0.203  1.760456
-0.202  1.778558
-0.201  1.799025
-0.200  1.818852
-0.199  1.839038
-0.198  1.860878
-0.197  1.882927
-0.196  1.905436
-0.195  1.929892
-0.194  1.954462
-0.193  1.980756
-0.192  2.008675
-0.191  2.037220
-0.190  2.066959
-0.189  2.098070
-0.188  2.131153
-0.187  2.165797
-0.186  2.202288
-0.185  2.242192
-0.184  2.283448
-0.183  2.327360
-0.182  2.376071
-0.181  2.426786
-0.180  2.483100
-0.179  2.543482
-0.178  2.609810
-0.177  2.682110
-0.176  2.764174
-0.175  2.855559
-0.174  2.959480
-0.173  3.080867
-0.172  3.226545
-0.171  3.405423
-0.170  3.637756
-0.169  3.971619
-0.168  4.564720
-0.167  5.908882
-0.166  4.398617
-0.165  3.961175
-0.164  3.692392
-0.163  3.499913
-0.162  3.353949
-0.161  3.239630
-0.160  3.137963
-0.159  3.051837
-0.158  2.975851
-0.157  2.911249
-0.156  2.848052
-0.155  2.795570
-0.154  2.746260
-0.153  2.701337
-0.152  2.658624
-0.151  2.620351
-0.150  2.583186
-0.149  2.548735
-0.148  2.517639
-0.147  2.488252
-0.146  2.460049
-0.145  2.435351
-0.144  2.410017
-0.143  2.384524
-0.142  2.362999
-0.141  2.340833
-0.140  2.320533
-0.139  2.300066
-0.138  2.283353
-0.137  2.265263
-0.136  2.248766
-0.135  2.232077
-0.134  2.215999
-0.133  2.201542
-0.132  2.188765
-0.131  2.173424
-0.130  2.161411
-0.129  2.148152
-0.128  2.137329
-0.127  2.125161
-0.126  2.114439
-0.125  2.104810
-0.124  2.092353
-0.123  2.085202
-0.122  2.075206
-0.121  2.066786
-0.120  2.060685
-0.119  2.047891
-0.118  2.030355
-0.117  2.029957
-0.116  2.033461
-0.115  2.049512
-0.114  2.028597
-0.113  2.010021
-0.112  1.996822
-0.111  1.986410
-0.110  1.993253
-0.109  1.991552
-0.108  1.985949
-0.107  1.981719
-0.106  1.980340
-0.105  1.975565
-0.104  1.972593
-0.103  1.971690
-0.102  1.969202
-0.101  1.967492
-0.100  1.966442
-0.099  1.964991
-0.098  1.964142
-0.097  1.960782
-0.096  1.838896
-0.095  1.847566
-0.094  1.857732
-0.093  1.869632
-0.092  1.882229
-0.091  1.896168
-0.090  1.912043
-0.089  1.929260
-0.088  1.949961
-0.087  1.974546
-0.086  2.004397
-0.085  2.047301
-0.084  2.206988
-0.083  2.094679
-0.082  2.082387
-0.081  2.084358
-0.080  2.094693
-0.079  2.107790
-0.078  2.127013
-0.077  2.152196
-0.076  2.182183
-0.075  2.222450
-0.074  2.275495
-0.073  2.359632
-0.072  2.507039
-0.071  2.694557
-0.070  2.393429
-0.069  2.294661
-0.068  2.221679
-0.067  2.174480
-0.066  2.133517
-0.065  2.102067
-0.064  2.074808
-0.063  2.048937
-0.062  2.024513
-0.061  2.004588
-0.060  1.986839
-0.059  1.582727
-0.058  1.592950
-0.057  1.603474
-0.056  1.613911
-0.055  1.626086
-0.054  1.637483
-0.053  1.652249
-0.052  1.667339
-0.051  1.682671
-0.050  1.702811
-0.049  1.718911
-0.048  1.743388
-0.047  1.771628
-0.046  1.797701
-0.045  1.833670
-0.044  1.880239
-0.043  1.934248
-0.042  2.005354
-0.041  2.115413
-0.040  2.333957
-0.039  2.535767
-0.038  2.232362
-0.037  2.115733
-0.036  2.041991
-0.035  1.991948
-0.034  1.945552
-0.033  1.916784
-0.032  1.794472
-0.031  1.052065
-0.030  1.042492
-0.029  1.033113
-0.028  1.024671
-0.027  1.016390
-0.026  1.008637
-0.025  1.000982
-0.024  0.993450
-0.023  0.984085
-0.022  0.938209
-0.021  0.943739
-0.020  0.952315
-0.019  0.964100
-0.018  1.053500
-0.017  1.102847
-0.016  1.152949
-0.015  1.202317
-0.014  1.253420
-0.013  1.318984
-0.012  1.405083
-0.011  1.657556
-0.010  1.498005
-0.009  1.449409
-0.008  1.431208
-0.007  1.427012
-0.006  1.428500
-0.005  1.434876
-0.004  1.449137
-0.003  1.465807
-0.002  1.483495
-0.001  1.503029
 0.000  1.526854
 0.001  1.563302
 0.002  1.399258
 0.003  1.403402
 0.004  1.389076
 0.005  1.346985
 0.006  1.294359
 0.007  1.243891
 0.008  1.204320
 0.009  1.178888
 0.010  1.164165
 0.011  1.167957
 0.012  1.207246
 0.013  1.324571
 0.014  1.644862
 0.015  1.043535
 0.016  0.969433
 0.017  0.929804
 0.018  0.894975
 0.019  0.865013
 0.020  0.840289
 0.021  0.819005
 0.022  0.800479
 0.023  0.783343
 0.024  0.769998
 0.025  0.756399
 0.026  0.743254
 0.027  0.733091
 0.028  0.722138
 0.029  0.712701
 0.030  0.702864
 0.031  0.694886
 0.032  0.685731
 0.033  0.678281
 0.034  0.670108
 0.035  0.662785
 0.036  0.655299
 0.037  0.648057
 0.038  0.640749
 0.039  0.633633
 0.040  0.626904
 0.041  0.619434
 0.042  0.613359
 0.043  0.606988
 0.044  0.600391
 0.045  0.594830
 0.046  0.589006
 0.047  0.583636
 0.048  0.853286
 0.049  0.861129
 0.050  0.877136
 0.051  0.897130
 0.052  0.916538
 0.053  0.936747
 0.054  0.958440
 0.055  0.989275
 0.056  1.017453
 0.057  1.051714
 0.058  1.092154
 0.059  1.149039
 0.060  1.221015
 0.061  1.373381
 0.062  1.470227
 0.063  1.242006
 0.064  1.149538
 0.065  1.088950
 0.066  1.048287
 0.067  1.009040
 0.068  0.982704
 0.069  0.954490
 0.070  0.931437
 0.071  0.910500
 0.072  0.892484
 0.073  0.874337
 0.074  0.857172
 0.075  0.834695
 0.076  0.833013
 0.077  0.858150
 0.078  0.903575
 0.079  1.902544
 0.080  2.218956
 0.081  2.172573
 0.082  1.812191
 0.083  1.676592
 0.084  1.577385
 0.085  1.515407
 0.086  1.462042
 0.087  1.422379
 0.088  1.381191
 0.089  1.347424
 0.090  1.323196
 0.091  1.293878
 0.092  1.273646
 0.093  1.242911
 0.094  1.241309
 0.095  1.199006
 0.096  0.944614
 0.097  0.858177
 0.098  0.854742
 0.099  0.857384
 0.100  0.854114
 0.101  0.856534
 0.102  0.856105
 0.103  0.858701
 0.104  0.865253
 0.105  0.865202
 0.106  0.985831
 0.107  0.997862
 0.108  1.014573
 0.109  1.038957
 0.110  1.058946
 0.111  1.088790
 0.112  1.123703
 0.113  1.174717
 0.114  1.262072
 0.115  1.473270
 0.116  1.262904
 0.117  1.208545
 0.118  1.175269
 0.119  1.152583
 0.120  1.133916
 0.121  1.120826
 0.122  1.107505
 0.123  1.094960
 0.124  1.034835
 0.125  1.030639
 0.126  1.027161
 0.127  1.024221
 0.128  1.023287
 0.129  1.019956
 0.130  1.019705
 0.131  1.017596
 0.132  1.016646
 0.133  1.016645
 0.134  1.017099
 0.135  1.017909
 0.136  1.019817
 0.137  1.022062
 0.138  1.023912
 0.139  1.029988
 0.140  1.032376
 0.141  1.040663
 0.142  1.048128
 0.143  1.061846
 0.144  1.095134
 0.145  1.275943
 0.146  1.082054
 0.147  1.043924
 0.148  1.023182
 0.149  1.006092
 0.150  0.990753
 0.151  0.977932
 0.152  0.968260
 0.153  0.955880
 0.154  0.946723
 0.155  0.936818
 0.156  0.927186
 0.157  0.917957
 0.158  0.909111
 0.159  0.900221
 0.160  0.893179
 0.161  0.883912
 0.162  0.877639
 0.163  0.869204
 0.164  0.860483
 0.165  0.854259
 0.166  0.845744
 0.167  0.837939
 0.168  0.832311
 0.169  0.825637
 0.170  0.816435
 0.171  0.811545
 0.172  0.802079
 0.173  0.874957
 0.174  0.874326
 0.175  0.872763
 0.176  0.869341
 0.177  0.867658
 0.178  0.866597
 0.179  0.860179
 0.180  0.861425
 0.181  0.856756
 0.182  0.854505
 0.183  0.853298
 0.184  0.848271
 0.185  0.845401
 0.186  0.844771
 0.187  0.840423
 0.188  0.837853
 0.189  0.836146
 0.190  0.833183
 0.191  0.830491
 0.192  0.827624
 0.193  0.826001
 0.194  0.820908
 0.195  0.822225
 0.196  0.815473
 0.197  0.817108
 0.198  0.815927
 0.199  0.811694
 0.200  0.810505
 0.201  0.806541
 0.202  0.810318
 0.203  0.764592
 0.204  0.768364
 0.205  0.773411
 0.206  0.780109
 0.207  0.782439
 0.208  0.787946
 0.209  0.795374
 0.210  0.805319
 0.211  0.825099
 0.212  0.849753
 0.213  0.860019
 0.214  0.817726
 0.215  0.791278
 0.216  0.704224
 0.217  0.694294
 0.218  0.693753
 0.219  0.685870
 0.220  0.682771
 0.221  0.685610
 0.222  0.680173
 0.223  0.676859
 0.224  0.676447
 0.225  0.732249
 0.226  0.738246
 0.227  0.746103
 0.228  0.752049
 0.229  0.763648
 0.230  0.775219
 0.231  0.788035
 0.232  0.826691
 0.233  0.874117
 0.234  0.922998
 0.235  0.813226
 0.236  0.789178
 0.237  0.460482
 0.238  0.462930
 0.239  0.466919
 0.240  0.477037
 0.241  0.479178
 0.242  0.484097
 0.243  0.491767
 0.244  0.559342
 0.245  0.599520
 0.246  0.614808
 0.247  0.654038
 0.248  0.699878
 0.249  0.754075
 0.250  0.930444
 0.251  1.194622
 0.252  0.895358
 0.253  0.837373
 0.254  0.806930
 0.255  0.787804
 0.256  0.773210
 0.257  0.762261
 0.258  0.753735
 0.259  0.746055
 0.260  0.739909
 0.261  0.734335
 0.262  0.729204
 0.263  0.724972
 0.264  0.720613
 0.265  0.716954
 0.266  0.713634
 0.267  0.709948
 0.268  0.707221
 0.269  0.704161
 0.270  0.701167
 0.271  0.698772
 0.272  0.695790
 0.273  0.693521
 0.274  0.691223
 0.275  0.688498
 0.276  0.686658
 0.277  0.684122
 0.278  0.682182
 0.279  0.680119
 0.280  0.677621
 0.281  0.676098
 0.282  0.673834
 0.283  0.672049
 0.284  0.670127
 0.285  0.667908
 0.286  0.666365
 0.287  0.664536
 0.288  0.662440
 0.289  0.661023
 0.290  0.658910
 0.291  0.657507
 0.292  0.655850
 0.293  0.653728
 0.294  0.652554
 0.295  0.650416
 0.296  0.649152
 0.297  0.647591
 0.298  0.645625
 0.299  0.644474
 0.300  0.642834
 0.301  0.641231
 0.302  0.639784
 0.303  0.637873
 0.304  0.636753
 0.305  0.635232
 0.306  0.633610
 0.307  0.632334
 0.308  0.630431
 0.309  0.629407
 0.310  0.627931
 0.311  0.626415
 0.312  0.625127
 0.313  0.623214
 0.314  0.622363
 0.315  0.620449
 0.316  0.619493
 0.317  0.618123
 0.318  0.616338
 0.319  0.615521
 0.320  0.613641
 0.321  0.612814
 0.322  0.611288
 0.323  0.610111
 0.324  0.608872
 0.325  0.607064
 0.326  0.606371
 0.327  0.604722
 0.328  0.603696
 0.329  0.602405
 0.330  0.600792
 0.331  0.600082
 0.332  0.598306
 0.333  0.597458
 0.334  0.596158
 0.335  0.594759
 0.336  0.593781
 0.337  0.592043
 0.338  0.591313
 0.339  0.589606
 0.340  0.588906
 0.341  0.587629
 0.342  0.586550
 0.343  0.585412
 0.344  0.583774
 0.345  0.583210
 0.346  0.581578
 0.347  0.580787
 0.348  0.579614
 0.349  0.578308
 0.350  0.577347
 0.351  0.575693
 0.352  0.575118
 0.353  0.573465
 0.354  0.572983
 0.355  0.571494
 0.356  0.570712
 0.357  0.569595
 0.358  0.568304
 0.359  0.567406
 0.360  0.565783
 0.361  0.565352
 0.362  0.563663
 0.363  0.563202
 0.364  0.561649
 0.365  0.561135
 0.366  0.559338
 0.367  0.558851
 0.368  0.557793
 0.369  0.556337
 0.370  0.555902
 0.371  0.554441
 0.372  0.553851
 0.373  0.552346
 0.374  0.551862
 0.375  0.550270
 0.376  0.549813
 0.377  0.548401
 0.378  0.547796
 0.379  0.546448
 0.380  0.545947
 0.381  0.544355
 0.382  0.544127
 0.383  0.541699
 0.384  0.536991
 0.385  0.536671
 0.386  0.536970
 0.387  0.536612
 0.388  0.537184
 0.389  0.536766
 0.390  0.537905
 0.391  0.539733
 0.392  0.553463
 0.393  0.540340
 0.394  0.535637
 0.395  0.532978
 0.396  0.530494
 0.397  0.527888
 0.398  0.526704
 0.399  0.524256
 0.400  0.522725
 0.401  0.520647
 0.402  0.519417
 0.403  0.523294
 0.404  0.523616
 0.405  0.522327
 0.406  0.521496
 0.407  0.520590
 0.408  0.519079
 0.409  0.518977
 0.410  0.517990
 0.411  0.516754
 0.412  0.515895
 0.413  0.515663
 0.414  0.514336
 0.415  0.513074
 0.416  0.512818
 0.417  0.512198
 0.418  0.510967
 0.419  0.509588
 0.420  0.509944
 0.421  0.508777
 0.422  0.507424
 0.423  0.506822
 0.424  0.506069
 0.425  0.505164
 0.426  0.503931
 0.427  0.504205
 0.428  0.502655
 0.429  0.502009
 0.430  0.501301
 0.431  0.500047
 0.432  0.499866
 0.433  0.497182
 0.434  0.498283
 0.435  0.496710
 0.436  0.496755
 0.437  0.496508
 0.438  0.494116
 0.439  0.494515
 0.440  0.492578
 0.441  0.492143
 0.442  0.491405
 0.443  0.490367
 0.444  0.490271
 0.445  0.488434
 0.446  0.490160
 0.447  0.488404
 0.448  0.485768
 0.449  0.487456
 0.450  0.486512
 0.451  0.483463
 0.452  0.484924
 0.453  0.483077
 0.454  0.481375
 0.455  0.482573
 0.456  0.481383
 0.457  0.479224
 0.458  0.480468
 0.459  0.479596
 0.460  0.476923
 0.461  0.476679
 0.462  0.477724
 0.463  0.474859
 0.464  0.476104
 0.465  0.475035
 0.466  0.473162
 0.467  0.473675
 0.468  0.471495
 0.469  0.471880
 0.470  0.471272
 0.471  0.470313
 0.472  0.469582
 0.473  0.468909
 0.474  0.469266
 0.475  0.467169
 0.476  0.466563
 0.477  0.466097
 0.478  0.464834
 0.479  0.468027
 0.480  0.463111
 0.481  0.462992
 0.482  0.462776
 0.483  0.460781
 0.484  0.465646
 0.485  0.459122
 0.486  0.464355
 0.487  0.458061
 0.488  0.460336
 0.489  0.459233
 0.490  0.457305
 0.491  0.456934
 0.492  0.455061
 0.493  0.455183
 0.494  0.453888
 0.495  0.453443
 0.496  0.455096
 0.497  0.451771
 0.498  0.459287
 0.499  0.450095
 0.500  0.451528
 0.501  0.448438
 0.502  0.449598
 0.503  0.450230
 0.504  0.445914
 0.505  0.446757
 0.506  0.444792
 0.507  0.444804
 0.508  0.443741
 0.509  0.444424
 0.510  0.442356
 0.511  0.441518
 0.512  0.441167
 0.513  0.440010
 0.514  0.447954
 0.515  0.439277
 0.516  0.437826
 0.517  0.437840
 0.518  0.436865
 0.519  0.452908
 0.520  0.433770
 0.521  0.433909
 0.522  0.431952
 0.523  0.432676
 0.524  0.429758
 0.525  0.385843
 0.526  0.404194
 0.527  0.395382
 0.528  0.399915
 0.529  0.405046
 0.530  0.412730
 0.531  0.436677
 0.532  0.440349
 0.533  0.483905
 0.534  0.449667
 0.535  0.441858
 0.536  0.437955
 0.537  0.435718
 0.538  0.433948
 0.539  0.432384
 0.540  0.431224
 0.541  0.430155
 0.542  0.429346
 0.543  0.428485
 0.544  0.427457
 0.545  0.426676
 0.546  0.426020
 0.547  0.425421
 0.548  0.424643
 0.549  0.423996
 0.550  0.423374
 0.551  0.422769
 0.552  0.422174
 0.553  0.421393
 0.554  0.420749
 0.555  0.420504
 0.556  0.419527
 0.557  0.419492
 0.558  0.418249
 0.559  0.417707
 0.560  0.416895
 0.561  0.416328
 0.562  0.418359
 0.563  0.322809
 0.564  0.322210
 0.565  0.321857
 0.566  0.321623
 0.567  0.321898
 0.568  0.321119
 0.569  0.321122
 0.570  0.321273
 0.571  0.227409
 0.572  0.227355
 0.573  0.227286
 0.574  0.227226
 0.575  0.227194
 0.576  0.227126
 0.577  0.227064
 0.578  0.227014
 0.579  0.226979
 0.580  0.226916
 0.581  0.226862
 0.582  0.226826
 0.583  0.226780
 0.584  0.226724
 0.585  0.226677
 0.586  0.226656
 0.587  0.226598
 0.588  0.226548
 0.589  0.226512
 0.590  0.226482
 0.591  0.226429
 0.592  0.226387
 0.593  0.226375
 0.594  0.226322
 0.595  0.226275
 0.596  0.226242
 0.597  0.226223
 0.598  0.226174
 0.599  0.226135
 0.600  0.226125
 0.601  0.226082
 0.602  0.226040
 0.603  0.226010
 0.604  0.225999
 0.605  0.225954
 0.606  0.225918
 0.607  0.225908
 0.608  0.225876
 0.609  0.225838
 0.610  0.225812
 0.611  0.225807
 0.612  0.225766
 0.613  0.225734
 0.614  0.225731
 0.615  0.225702
 0.616  0.225667
 0.617  0.225647
 0.618  0.225645
 0.619  0.225608
 0.620  0.225582
 0.621  0.225596
 0.622  0.225557
 0.623  0.225527
 0.624  0.225514
 0.625  0.225513
 0.626  0.225481
 0.627  0.225460
 0.628  0.225477
 0.629  0.225442
 0.630  0.225417
 0.631  0.225414
 0.632  0.225410
 0.633  0.225383
 0.634  0.225370
 0.635  0.225385
 0.636  0.225356
 0.637  0.225338
 0.638  0.225361
 0.639  0.225336
 0.640  0.225315
 0.641  0.225313
 0.642  0.225322
 0.643  0.225299
 0.644  0.225290
 0.645  0.225315
 0.646  0.225290
 0.647  0.225277
 0.648  0.225302
 0.649  0.225288
 0.650  0.225272
 0.651  0.225278
 0.652  0.225293
 0.653  0.225275
 0.654  0.225274
 0.655  0.225304
 0.656  0.225284
 0.657  0.225279
 0.658  0.225321
 0.659  0.225300
 0.660  0.225292
 0.661  0.225313
 0.662  0.225322
 0.663  0.225312
 0.664  0.225323
 0.665  0.225350
 0.666  0.225338
 0.667  0.225345
 0.668  0.225385
 0.669  0.225372
 0.670  0.225375
 0.671  0.225425
 0.672  0.225411
 0.673  0.225412
 0.674  0.225462
 0.675  0.225457
 0.676  0.225457
 0.677  0.225487
 0.678  0.225509
 0.679  0.225507
 0.680  0.225532
 0.681  0.225567
 0.682  0.225565
 0.683  0.225586
 0.684  0.225631
 0.685  0.225629
 0.686  0.225648
 0.687  0.225701
 0.688  0.225699
 0.689  0.225716
 0.690  0.225778
 0.691  0.225775
 0.692  0.225792
 0.693  0.225860
 0.694  0.225857
 0.695  0.225875
 0.696  0.225948
 0.697  0.225946
 0.698  0.225964
 0.699  0.226041
 0.700  0.226041
 0.701  0.226060
 0.702  0.226141
 0.703  0.226142
 0.704  0.226162
 0.705  0.226247
 0.706  0.226249
 0.707  0.226272
 0.708  0.226359
 0.709  0.226363
 0.710  0.226388
 0.711  0.226477
 0.712  0.226483
 0.713  0.226511
 0.714  0.226602
 0.715  0.226610
 0.716  0.226642
 0.717  0.226732
 0.718  0.226744
 0.719  0.226780
 0.720  0.226870
 0.721  0.226884
 0.722  0.226926
 0.723  0.227013
 0.724  0.227032
 0.725  0.227081
 0.726  0.227164
 0.727  0.227187
 0.728  0.227246
 0.729  0.227322
 0.730  0.227350
 0.731  0.227424
 0.732  0.227486
 0.733  0.227521
 0.734  0.227632
 0.735  0.227659
 0.736  0.227702
 0.737  0.227817
 0.738  0.227839
 0.739  0.227894
 0.740  0.227999
 0.741  0.228029
 0.742  0.228098
 0.743  0.228190
 0.744  0.228228
 0.745  0.228322
 0.746  0.228389
 0.747  0.228439
 0.748  0.228569
 0.749  0.228598
 0.750  0.228662
 0.751  0.228778
 0.752  0.228818
 0.753  0.228904
 0.754  0.228997
 0.755  0.229049
 0.756  0.229194
 0.757  0.229227
 0.758  0.229296
 0.759  0.229424
 0.760  0.229469
 0.761  0.229567
 0.762  0.229665
 0.763  0.229726
 0.764  0.229877
 0.765  0.229919
 0.766  0.230003
 0.767  0.230130
 0.768  0.230187
 0.769  0.230330
 0.770  0.230396
 0.771  0.230476
 0.772  0.230622
 0.773  0.230678
 0.774  0.230803
 0.775  0.230901
 0.776  0.230982
 0.777  0.231139
 0.778  0.231198
 0.779  0.231325
 0.780  0.231434
 0.781  0.231520
 0.782  0.231684
 0.783  0.231749
 0.784  0.231890
 0.785  0.231996
 0.786  0.232092
 0.787  0.232257
 0.788  0.232330
 0.789  0.232526
 0.790  0.232588
 0.791  0.232702
 0.792  0.232859
 0.793  0.232947
 0.794  0.233142
 0.795  0.233213
 0.796  0.233363
 0.797  0.233493
 0.798  0.233605
 0.799  0.233786
 0.800  0.233877
 0.801  0.234089
 0.802  0.234164
 0.803  0.234325
 0.804  0.234465
 0.805  0.234590
 0.806  0.234777
 0.807  0.234882
 0.808  0.235099
 0.809  0.235188
 0.810  0.235429
 0.811  0.235508
 0.812  0.235671
 0.813  0.235838
 0.814  0.235975
 0.815  0.236177
 0.816  0.236298
 0.817  0.236525
 0.818  0.236634
 0.819  0.236882
 0.820  0.236981
 0.821  0.237247
 0.822  0.237338
 0.823  0.237542
 0.824  0.237704
 0.825  0.237885
 0.826  0.238079
 0.827  0.238246
 0.828  0.238461
 0.829  0.238620
 0.830  0.238852
 0.831  0.239005
 0.832  0.239251
 0.833  0.239401
 0.834  0.239656
 0.835  0.239806
 0.836  0.240070
 0.837  0.240221
 0.838  0.240491
 0.839  0.240646
 0.840  0.240920
 0.841  0.241081
 0.842  0.241356
 0.843  0.241526
 0.844  0.241801
 0.845  0.241984
 0.846  0.242254
 0.847  0.242455
 0.848  0.242717
 0.849  0.242945
 0.850  0.243189
 0.851  0.243465
 0.852  0.243672
 0.853  0.244026
 0.854  0.244168
 0.855  0.244513
 0.856  0.244680
 0.857  0.245010
 0.858  0.245213
 0.859  0.245521
 0.860  0.245781
 0.861  0.246046
 0.862  0.246433
 0.863  0.246592
 0.864  0.246958
 0.865  0.247167
 0.866  0.247501
 0.867  0.247800
 0.868  0.248067
 0.869  0.248466
 0.870  0.248665
 0.871  0.249029
 0.872  0.249334
 0.873  0.249622
 0.874  0.250036
 0.875  0.250263
 0.876  0.250629
 0.877  0.251079
 0.878  0.251266
 0.879  0.251674
 0.880  0.252008
 0.881  0.252317
 0.882  0.252752
 0.883  0.253057
 0.884  0.253405
 0.885  0.253858
 0.886  0.254170
 0.887  0.254530
 0.888  0.254991
 0.889  0.255355
 0.890  0.255694
 0.891  0.256153
 0.892  0.256670
 0.893  0.256912
 0.894  0.257353
 0.895  0.257858
 0.896  0.258237
 0.897  0.258611
 0.898  0.259090
 0.899  0.259621
 0.900  0.260018
 0.901  0.260405
 0.902  0.260894
 0.903  0.261432
 0.904  0.262003
 0.905  0.262335
 0.906  0.262793
 0.907  0.263312
 0.908  0.263868
 0.909  0.264447
 0.910  0.265048
 0.911  0.265404
 0.912  0.265892
 0.913  0.266430
 0.914  0.266995
 0.915  0.267575
 0.916  0.268170
 0.917  0.268772
 0.918  0.269382
 0.919  0.269996
 0.920  0.270612
 0.921  0.271230
 0.922  0.271846
 0.923  0.272466
 0.924  0.273083
 0.925  0.273701
 0.926  0.274323
 0.927  0.274956
 0.928  0.275613
 0.929  0.276319
 0.930  0.277215
 0.931  0.277951
 0.932  0.278533
 0.933  0.279183
 0.934  0.280056
 0.935  0.280890
 0.936  0.281474
 0.937  0.282577
 0.938  0.283141
 0.939  0.283967
 0.940  0.284787
 0.941  0.285987
 0.942  0.286390
 0.943  0.287427
 0.944  0.288576
 0.945  0.289637
 0.946  0.290319
 0.947  0.291565
 0.948  0.292188
 0.949  0.292766
 0.950  0.294266
 0.951  0.295717
 0.952  0.296202
 0.953  0.298221
 0.954  0.297490
 0.955  0.297651
 0.956  0.000000
 0.957  0.000000
 0.958  0.000000
 0.959  0.000000
 0.960  0.000000
 0.961  0.000000
 0.962  0.000000
 0.963  0.000000
 0.964  0.000000
 0.965  0.000000
 0.966  0.000000
 0.967  0.000000
 0.968  0.000000
 0.969  0.000000
 0.970  0.000000
 0.971  0.000000
 0.972  0.000000
 0.973  0.000000
 0.974  0.000000
 0.975  0.000000
 0.976  0.000000
 0.977  0.000000
 0.978  0.000000
 0.979  0.000000
 0.980  0.000000
 0.981  0.000000
 0.982  0.000000
 0.983  0.000000
 0.984  0.000000
 0.985  0.000000
 0.986  0.000000
 0.987  0.000000
 0.988  0.000000
 0.989  0.000000
 0.990  0.000000
 0.991  0.000000
 0.992  0.000000
 0.993  0.000000
 0.994  0.000000
 0.995  0.000000
 0.996  0.000000
 0.997  0.000000
 0.998  0.000000
 0.999  0.000000
 1.000  0.000000
