-0.400  0.000000
-0.399  0.000000
-0.398  0.000000
-0.397  0.000000
-0.396  0.000000
-0.395  0.000000
-0.394  0.000000
-0.393  0.000000
-0.392  0.000000
-0.391  0.000000
-0.390  0.000000
-0.389  0.000000
-0.388  0.000000
-0.387  0.000000
-0.386  0.000000
-0.385  0.000000
-0.384  0.000000
-0.383  0.000000
-0.382  0.000000
-0.381  0.000000
-0.380  0.000000
-0.379  0.000000
-0.378  0.000000
-0.377  0.000000
-0.376  0.000000
-0.375  0.000000
-0.374  0.000000
-0.373  0.000000
-0.372  0.000000
-0.371  0.000000
-0.370  0.000000
-0.369  0.000000
-0.368  0.000000
-0.367  0.000000
-0.366  0.000000
-0.365  0.000000
-0.364  0.000000
-0.363  0.000000
-0.362  0.000000
-0.361  0.000000
-0.360  0.000000
-0.359  0.000000
-0.358  0.000000
-0.357  0.000000
-0.356  0.000000
-0.355  0.000000
-0.354  0.000000
-0.353  0.000000
-0.352  0.000000
-0.351  0.000000
-0.350  0.000000
-0.349  0.000000
-0.348  0.000000
-0.347  0.000000
-0.346  0.000000
-0.345  0.000000
-0.344  0.000000
-0.343  0.000000
-0.342  0.000000
-0.341  0.000000
-0.340  0.000000
-0.339  0.000000
-0.338  0.000000
-0.337  0.000000
-0.336  0.000000
-0.335  0.000000
-0.334  0.000000
-0.333  0.000000
-0.332  0.000000
-0.331  0.000000
-0.330  0.000000
-0.329  0.000000
-0.328  0.000000
-0.327  0.000000
-0.326  0.000000
-0.325  0.000000
-0.324  0.000000
-0.323  0.000000
-0.322  0.000000
-0.321  0.000000
-0.320  0.000000
-0.319  0.000000
-0.318  0.000000
-0.317  0.000000
-0.316  0.000000
-0.315  0.000000
-0.314  0.000000
-0.313  0.000000
-0.312  0.000000
-0.311  0.000000
-0.310  0.000000
-0.309  0.000000
-0.308  0.000000
-0.307  0.000000
-0.306  0.000000
-0.305  0.000000
-0.304  0.000000
-0.303  0.000000
-0.302  0.000000
-0.301  0.000000
-0.300  0.000000
-0.299  0.000000
-0.298  0.000000
-0.297  0.000000
-0.296  0.000000
-0.295  0.000000
-0.294  0.000000
-0.293  0.000000
-0.292  0.000000
-0.291  0.000000
-0.290  0.000000
-0.289  0.000000
-0.288  0.000000
-0.287  0.000000
-0.286  0.000000
-0.285  0.000000
-0.284  0.000000
-0.283  0.000000
-0.282  0.000000
-0.281  0.000000
-0.280  0.000000
-0.279  0.000000
-0.278  0.000000
-0.277  0.000000
-0.276  0.000000
-0.275  0.000000
-0.274  0.000000
-0.273  0.000000
-0.272  0.000000
-0.271  0.000000
-0.270  0.000000
-0.269  0.000000
-0.268  0.000000
-0.267  1.221765
-0.266  0.562159
-0.265  0.486023
-0.264  0.447317
-0.263  0.422493
-0.262  0.407055
-0.261  0.394187
-0.260  0.385561
-0.259  0.379118
-0.258  0.882611
-0.257  0.882490
-0.256  0.887438
-0.255  0.895151
-0.254  0.902424
-0.253  0.914023
-0.252  0.927872
-0.251  0.941235
-0.250  0.955890
-0.249  0.970714
-0.248  0.984742
-0.247  0.997724
-0.246  1.010693
-0.245  1.020165
-0.244  1.028723
-0.243  1.037313
-0.242  1.043400
-0.241  1.050170
-0.240  1.056819
-0.239  1.060555
-0.238  1.066356
-0.237  1.071794
-0.236  1.075715
-0.235  1.080921
-0.234  1.086867
-0.233  1.092155
-0.232  1.098080
-0.231  1.104065
-0.230  1.110515
-0.229  1.117220
-0.228  1.124183
-0.227  1.132317
-0.226  1.140071
-0.225  1.148121
-0.224  1.157030
-0.223  1.166918
-0.222  1.176550
-0.221  1.187142
-0.220  1.198275
-0.219  1.209931
-0.218  1.958664
-0.217  1.786198
-0.216  1.766124
-0.215  1.760514
-0.214  1.769941
-0.213  1.780515
-0.212  1.793657
-0.211  1.807010
-0.210  1.830293
-0.209  1.847072
-0.208  1.870557
-0.207  1.890183
-0.206  1.915372
-0.205  1.940451
-0.204  1.967274
-0.203  1.995586
-0.202  2.085936
-0.201  2.120172
-0.200  2.155922
-0.199  2.193945
-0.198  2.233539
-0.197  2.277612
-0.196  2.323254
-0.195  2.370998
-0.194  2.423313
-0.193  2.479409
-0.192  2.540920
-0.191  2.609107
-0.190  2.683732
-0.189  2.767376
-0.188  2.860921
-0.187  2.969270
-0.186  3.095810
-0.185  3.246067
-0.184  3.435355
-0.183  3.681958
-0.182  4.039078
-0.181  4.692376
-0.180  5.798190
-0.179  4.461344
-0.178  4.038616
-0.177  3.774463
-0.176  3.591256
-0.175  3.449235
-0.174  3.335668
-0.173  3.240038
-0.172  3.154445
-0.171  3.084292
-0.170  3.019715
-0.169  2.962171
-0.168  2.910573
-0.167  2.863065
-0.166  2.819189
-0.165  2.778341
-0.164  2.739992
-0.163  2.703600
-0.162  2.669686
-0.161  2.638380
-0.160  2.607243
-0.159  2.578761
-0.158  2.553134
-0.157  2.526009
-0.156  2.501633
-0.155  2.477590
-0.154  2.456383
-0.153  2.436924
-0.152  2.274785
-0.151  2.265755
-0.150  2.257442
-0.149  2.248828
-0.148  2.240894
-0.147  2.233227
-0.146  2.226458
-0.145  2.219805
-0.144  2.213386
-0.143  2.207176
-0.142  2.202397
-0.141  2.197523
-0.140  2.192420
-0.139  2.188263
-0.138  2.184398
-0.137  2.180871
-0.136  2.177449
-0.135  2.178462
-0.134  2.176856
-0.133  2.175677
-0.132  2.176882
-0.131  2.180516
-0.130  2.186882
-0.129  2.198927
-0.128  2.220483
-0.127  2.280051
-0.126  2.269941
-0.125  2.117503
-0.124  2.084107
-0.123  2.060785
-0.122  2.041043
-0.121  2.022694
-0.120  2.006538
-0.119  2.032530
-0.118  2.028463
-0.117  1.875879
-0.116  1.882842
-0.115  1.889749
-0.114  1.896830
-0.113  1.905257
-0.112  1.913727
-0.111  1.925947
-0.110  1.936986
-0.109  1.950804
-0.108  1.966664
-0.107  1.985374
-0.106  2.006180
-0.105  2.037194
-0.104  2.081676
-0.103  2.222261
-0.102  2.122107
-0.101  2.091146
-0.100  2.077760
-0.099  2.070197
-0.098  2.066728
-0.097  2.067718
-0.096  2.069556
-0.095  2.072520
-0.094  2.077693
-0.093  2.083837
-0.092  2.090346
-0.091  2.099704
-0.090  2.109319
-0.089  2.119718
-0.088  2.139599
-0.087  2.151291
-0.086  2.171006
-0.085  2.193485
-0.084  2.214342
-0.083  2.241836
-0.082  1.634967
-0.081  1.659674
-0.080  1.686882
-0.079  1.713937
-0.078  1.744023
-0.077  1.775885
-0.076  1.811024
-0.075  1.846283
-0.074  1.887683
-0.073  1.933810
-0.072  1.985681
-0.071  2.046848
-0.070  2.121510
-0.069  2.216274
-0.068  2.374128
-0.067  2.459980
-0.066  2.360133
-0.065  2.368324
-0.064  2.410857
-0.063  2.478092
-0.062  2.577762
-0.061  2.736027
-0.060  2.962119
-0.059  3.344190
-0.058  4.343244
-0.057  2.516988
-0.056  1.885783
-0.055  1.674698
-0.054  1.554861
-0.053  1.471266
-0.052  1.416277
-0.051  1.362489
-0.050  0.966014
-0.049  0.980583
-0.048  0.998086
-0.047  1.017502
-0.046  1.037854
-0.045  1.064295
-0.044  1.092902
-0.043  1.131124
-0.042  1.179060
-0.041  1.244575
-0.040  1.341900
-0.039  1.544073
-0.038  2.487748
-0.037  1.151771
-0.036  1.085383
-0.035  1.049248
-0.034  1.030061
-0.033  1.019521
-0.032  1.011324
-0.031  1.005554
-0.030  1.000983
-0.029  0.997855
-0.028  0.995884
-0.027  0.994286
-0.026  0.993558
-0.025  0.992984
-0.024  0.992306
-0.023  0.992275
-0.022  0.991852
-0.021  0.991685
-0.020  0.991799
-0.019  0.991278
-0.018  0.991067
-0.017  0.990787
-0.016  0.989778
-0.015  0.989107
-0.014  0.987786
-0.013  0.986265
-0.012  0.984946
-0.011  0.983122
-0.010  0.980947
-0.009  0.978890
-0.008  0.976334
-0.007  0.973598
-0.006  0.970900
-0.005  0.967884
-0.004  0.964689
-0.003  0.961583
-0.002  0.958363
-0.001  0.954879
 0.000  0.951558
 0.001  0.948123
 0.002  0.944696
 0.003  0.941305
 0.004  0.937857
 0.005  0.934743
 0.006  0.931561
 0.007  0.928399
 0.008  0.925567
 0.009  0.922950
 0.010  0.920125
 0.011  0.917551
 0.012  0.915534
 0.013  0.913509
 0.014  0.911381
 0.015  0.910166
 0.016  0.909169
 0.017  0.908170
 0.018  0.907929
 0.019  0.908249
 0.020  0.909144
 0.021  0.910544
 0.022  0.912428
 0.023  0.916209
 0.024  0.921328
 0.025  0.928233
 0.026  0.938285
 0.027  0.952477
 0.028  0.974342
 0.029  1.013356
 0.030  1.157894
 0.031  1.022288
 0.032  0.950846
 0.033  0.907637
 0.034  0.878621
 0.035  0.854630
 0.036  0.835898
 0.037  0.818064
 0.038  0.802914
 0.039  0.789335
 0.040  0.776929
 0.041  0.765189
 0.042  0.754232
 0.043  0.744052
 0.044  0.734149
 0.045  0.724793
 0.046  0.716336
 0.047  0.708268
 0.048  0.700264
 0.049  0.692416
 0.050  0.685343
 0.051  0.678316
 0.052  0.670950
 0.053  0.664469
 0.054  0.658076
 0.055  0.651617
 0.056  0.645520
 0.057  0.640034
 0.058  0.633680
 0.059  0.627933
 0.060  0.622492
 0.061  0.617199
 0.062  0.613852
 0.063  0.439560
 0.064  0.438434
 0.065  0.437408
 0.066  0.436697
 0.067  0.435993
 0.068  0.435372
 0.069  0.435033
 0.070  0.434705
 0.071  0.434522
 0.072  0.434673
 0.073  0.434642
 0.074  0.435160
 0.075  0.435462
 0.076  0.436328
 0.077  0.437121
 0.078  0.438361
 0.079  0.439724
 0.080  0.441311
 0.081  0.443359
 0.082  0.445390
 0.083  0.448224
 0.084  0.451183
 0.085  0.454669
 0.086  0.458842
 0.087  0.463405
 0.088  0.468835
 0.089  0.475061
 0.090  0.482434
 0.091  0.490914
 0.092  0.501068
 0.093  0.513089
 0.094  0.527368
 0.095  0.545547
 0.096  0.568728
 0.097  0.599720
 0.098  0.635532
 0.099  0.687291
 0.100  0.774181
 0.101  0.940692
 0.102  4.302072
 0.103  1.867451
 0.104  1.532483
 0.105  1.360272
 0.106  1.255215
 0.107  1.184010
 0.108  1.131828
 0.109  1.092592
 0.110  1.062888
 0.111  1.041878
 0.112  1.026327
 0.113  1.018494
 0.114  0.787112
 0.115  0.814697
 0.116  0.862653
 0.117  0.948869
 0.118  1.160723
 0.119  1.242557
 0.120  0.914361
 0.121  0.810598
 0.122  0.744287
 0.123  0.703216
 0.124  0.153422
 0.125  2.785328
 0.126  1.767618
 0.127  1.367394
 0.128  1.151408
 0.129  1.018099
 0.130  0.933013
 0.131  0.873386
 0.132  0.830933
 0.133  1.048817
 0.134  1.022045
 0.135  1.003114
 0.136  0.989835
 0.137  0.979535
 0.138  0.975804
 0.139  0.973094
 0.140  0.971534
 0.141  0.970037
 0.142  0.971606
 0.143  0.974537
 0.144  0.979726
 0.145  0.986552
 0.146  0.995220
 0.147  1.005324
 0.148  1.015714
 0.149  1.028537
 0.150  1.043044
 0.151  1.061370
 0.152  1.084929
 0.153  1.410430
 0.154  1.493157
 0.155  1.634539
 0.156  2.317669
 0.157  1.626078
 0.158  1.514988
 0.159  1.455603
 0.160  1.415183
 0.161  1.388607
 0.162  1.368485
 0.163  1.352620
 0.164  1.339788
 0.165  1.331329
 0.166  1.324242
 0.167  1.321583
 0.168  1.320021
 0.169  1.322286
 0.170  1.331894
 0.171  1.344549
 0.172  1.372117
 0.173  1.434511
 0.174  1.557139
 0.175  1.371015
 0.176  1.294676
 0.177  1.246335
 0.178  1.208670
 0.179  1.180634
 0.180  1.152810
 0.181  1.125966
 0.182  1.105649
 0.183  1.084028
 0.184  1.065691
 0.185  1.049241
 0.186  1.029507
 0.187  1.013456
 0.188  0.998386
 0.189  0.982245
 0.190  0.969225
 0.191  0.954644
 0.192  0.940978
 0.193  0.929487
 0.194  0.915341
 0.195  0.903431
 0.196  0.892372
 0.197  0.879232
 0.198  0.867271
 0.199  0.856920
 0.200  0.843269
 0.201  0.833797
 0.202  0.823374
 0.203  0.913922
 0.204  0.913058
 0.205  0.910800
 0.206  0.907026
 0.207  0.901967
 0.208  0.897213
 0.209  0.894479
 0.210  0.890607
 0.211  0.886770
 0.212  0.880508
 0.213  0.881106
 0.214  0.876103
 0.215  0.874534
 0.216  0.866765
 0.217  0.865923
 0.218  0.862486
 0.219  0.858760
 0.220  0.795530
 0.221  0.797386
 0.222  0.802333
 0.223  0.811690
 0.224  0.813664
 0.225  0.824042
 0.226  0.829340
 0.227  0.836293
 0.228  0.846534
 0.229  0.811570
 0.230  0.844684
 0.231  0.889510
 0.232  0.944341
 0.233  0.886240
 0.234  0.873931
 0.235  0.862248
 0.236  0.862818
 0.237  0.865814
 0.238  0.869769
 0.239  0.876893
 0.240  0.887614
 0.241  0.911873
 0.242  0.949097
 0.243  0.998954
 0.244  1.151920
 0.245  1.089040
 0.246  0.972933
 0.247  0.925261
 0.248  0.865219
 0.249  0.377371
 0.250  0.454108
 0.251  0.454951
 0.252  0.456734
 0.253  0.461632
 0.254  0.461185
 0.255  0.466045
 0.256  0.470854
 0.257  0.476348
 0.258  0.479630
 0.259  0.485019
 0.260  0.491193
 0.261  0.496914
 0.262  0.505048
 0.263  0.510899
 0.264  0.516496
 0.265  0.531434
 0.266  0.536898
 0.267  0.544830
 0.268  0.555712
 0.269  0.567419
 0.270  0.581955
 0.271  0.595083
 0.272  0.614590
 0.273  0.629011
 0.274  0.650720
 0.275  0.664975
 0.276  0.708714
 0.277  0.754324
 0.278  0.845562
 0.279  2.275321
 0.280  1.170675
 0.281  1.031082
 0.282  0.963028
 0.283  0.919697
 0.284  0.889324
 0.285  0.865814
 0.286  0.847315
 0.287  0.832203
 0.288  0.819112
 0.289  0.808048
 0.290  0.798099
 0.291  0.789352
 0.292  0.781610
 0.293  0.774375
 0.294  0.768084
 0.295  0.761731
 0.296  0.756185
 0.297  0.750920
 0.298  0.746054
 0.299  0.741544
 0.300  0.737103
 0.301  0.732762
 0.302  0.728906
 0.303  0.725098
 0.304  0.721520
 0.305  0.717978
 0.306  0.714579
 0.307  0.711244
 0.308  0.708262
 0.309  0.705091
 0.310  0.702271
 0.311  0.699152
 0.312  0.696590
 0.313  0.693808
 0.314  0.691080
 0.315  0.688683
 0.316  0.685924
 0.317  0.683637
 0.318  0.681193
 0.319  0.678715
 0.320  0.676493
 0.321  0.673928
 0.322  0.671934
 0.323  0.669661
 0.324  0.667521
 0.325  0.665453
 0.326  0.663094
 0.327  0.661368
 0.328  0.658931
 0.329  0.657308
 0.330  0.655253
 0.331  0.653239
 0.332  0.651487
 0.333  0.649149
 0.334  0.647710
 0.335  0.645411
 0.336  0.644060
 0.337  0.641978
 0.338  0.640364
 0.339  0.638649
 0.340  0.636542
 0.341  0.635252
 0.342  0.633140
 0.343  0.631776
 0.344  0.629748
 0.345  0.628281
 0.346  0.626714
 0.347  0.624927
 0.348  0.623518
 0.349  0.621717
 0.350  0.620479
 0.351  0.618551
 0.352  0.617260
 0.353  0.615465
 0.354  0.614009
 0.355  0.612528
 0.356  0.611022
 0.357  0.609751
 0.358  0.608113
 0.359  0.606680
 0.360  0.605188
 0.361  0.603726
 0.362  0.602281
 0.363  0.600886
 0.364  0.599496
 0.365  0.598158
 0.366  0.596615
 0.367  0.595435
 0.368  0.593999
 0.369  0.592699
 0.370  0.590856
 0.371  0.590144
 0.372  0.588365
 0.373  0.587343
 0.374  0.585758
 0.375  0.584954
 0.376  0.583187
 0.377  0.582329
 0.378  0.580864
 0.379  0.579329
 0.380  0.578807
 0.381  0.576748
 0.382  0.576326
 0.383  0.575738
 0.384  0.561948
 0.385  0.561338
 0.386  0.561202
 0.387  0.560459
 0.388  0.560506
 0.389  0.559858
 0.390  0.559903
 0.391  0.559340
 0.392  0.559367
 0.393  0.558891
 0.394  0.559062
 0.395  0.558579
 0.396  0.558897
 0.397  0.558817
 0.398  0.559113
 0.399  0.559561
 0.400  0.559905
 0.401  0.561198
 0.402  0.562997
 0.403  0.565451
 0.404  0.574498
 0.405  0.565726
 0.406  0.555899
 0.407  0.552776
 0.408  0.549626
 0.409  0.546345
 0.410  0.543346
 0.411  0.541614
 0.412  0.538794
 0.413  0.536342
 0.414  0.534902
 0.415  0.531999
 0.416  0.530085
 0.417  0.528280
 0.418  0.534845
 0.419  0.534738
 0.420  0.533253
 0.421  0.532912
 0.422  0.531121
 0.423  0.530809
 0.424  0.529780
 0.425  0.528185
 0.426  0.528030
 0.427  0.526416
 0.428  0.526017
 0.429  0.524395
 0.430  0.523647
 0.431  0.522955
 0.432  0.521498
 0.433  0.521140
 0.434  0.520148
 0.435  0.519224
 0.436  0.517959
 0.437  0.517560
 0.438  0.516226
 0.439  0.515135
 0.440  0.514802
 0.441  0.513488
 0.442  0.512235
 0.443  0.511484
 0.444  0.511057
 0.445  0.509065
 0.446  0.509024
 0.447  0.508774
 0.448  0.506844
 0.449  0.506510
 0.450  0.505860
 0.451  0.504683
 0.452  0.503720
 0.453  0.502555
 0.454  0.502487
 0.455  0.500972
 0.456  0.500093
 0.457  0.499694
 0.458  0.498578
 0.459  0.497535
 0.460  0.497020
 0.461  0.497007
 0.462  0.495030
 0.463  0.494464
 0.464  0.495212
 0.465  0.492531
 0.466  0.490303
 0.467  0.492096
 0.468  0.490207
 0.469  0.488364
 0.470  0.488911
 0.471  0.487862
 0.472  0.487481
 0.473  0.485925
 0.474  0.484533
 0.475  0.485408
 0.476  0.483566
 0.477  0.483998
 0.478  0.481725
 0.479  0.481606
 0.480  0.481442
 0.481  0.479552
 0.482  0.481349
 0.483  0.477183
 0.484  0.476962
 0.485  0.477822
 0.486  0.475118
 0.487  0.475677
 0.488  0.475127
 0.489  0.475045
 0.490  0.472620
 0.491  0.473568
 0.492  0.470030
 0.493  0.474086
 0.494  0.469088
 0.495  0.470687
 0.496  0.467073
 0.497  0.468827
 0.498  0.467851
 0.499  0.468062
 0.500  0.465079
 0.501  0.466587
 0.502  0.463086
 0.503  0.463546
 0.504  0.462455
 0.505  0.463801
 0.506  0.462685
 0.507  0.460601
 0.508  0.459811
 0.509  0.462336
 0.510  0.456655
 0.511  0.459373
 0.512  0.460667
 0.513  0.455855
 0.514  0.454111
 0.515  0.457019
 0.516  0.460551
 0.517  0.454819
 0.518  0.449904
 0.519  0.452669
 0.520  0.449675
 0.521  0.448338
 0.522  0.449571
 0.523  0.447079
 0.524  0.449822
 0.525  0.446409
 0.526  0.443030
 0.527  0.444806
 0.528  0.458673
 0.529  0.378219
 0.530  0.379838
 0.531  0.390451
 0.532  0.388641
 0.533  0.391030
 0.534  0.393816
 0.535  0.397271
 0.536  0.401293
 0.537  0.406030
 0.538  0.411534
 0.539  0.417785
 0.540  0.423438
 0.541  0.430783
 0.542  0.441239
 0.543  0.482074
 0.544  0.525304
 0.545  0.476679
 0.546  0.463426
 0.547  0.456331
 0.548  0.451810
 0.549  0.448524
 0.550  0.445696
 0.551  0.443545
 0.552  0.441720
 0.553  0.440656
 0.554  0.438840
 0.555  0.438176
 0.556  0.435808
 0.557  0.437857
 0.558  0.336672
 0.559  0.335938
 0.560  0.335340
 0.561  0.334606
 0.562  0.334040
 0.563  0.333433
 0.564  0.332858
 0.565  0.332412
 0.566  0.331823
 0.567  0.331328
 0.568  0.330940
 0.569  0.330404
 0.570  0.329940
 0.571  0.329574
 0.572  0.329168
 0.573  0.328656
 0.574  0.328282
 0.575  0.327975
 0.576  0.327545
 0.577  0.327077
 0.578  0.326712
 0.579  0.326410
 0.580  0.326131
 0.581  0.325856
 0.582  0.325344
 0.583  0.324943
 0.584  0.324570
 0.585  0.324225
 0.586  0.323884
 0.587  0.323575
 0.588  0.323335
 0.589  0.323300
 0.590  0.322790
 0.591  0.322271
 0.592  0.322231
 0.593  0.321663
 0.594  0.321893
 0.595  0.321997
 0.596  0.321148
 0.597  0.321355
 0.598  0.228920
 0.599  0.228847
 0.600  0.228786
 0.601  0.228743
 0.602  0.228671
 0.603  0.228608
 0.604  0.228566
 0.605  0.228511
 0.606  0.228447
 0.607  0.228395
 0.608  0.228365
 0.609  0.228301
 0.610  0.228246
 0.611  0.228213
 0.612  0.228168
 0.613  0.228112
 0.614  0.228068
 0.615  0.228046
 0.616  0.227989
 0.617  0.227942
 0.618  0.227921
 0.619  0.227879
 0.620  0.227830
 0.621  0.227795
 0.622  0.227779
 0.623  0.227728
 0.624  0.227689
 0.625  0.227688
 0.626  0.227637
 0.627  0.227595
 0.628  0.227570
 0.629  0.227556
 0.630  0.227512
 0.631  0.227481
 0.632  0.227483
 0.633  0.227438
 0.634  0.227404
 0.635  0.227392
 0.636  0.227374
 0.637  0.227337
 0.638  0.227316
 0.639  0.227318
 0.640  0.227279
 0.641  0.227254
 0.642  0.227270
 0.643  0.227230
 0.644  0.227202
 0.645  0.227195
 0.646  0.227189
 0.647  0.227159
 0.648  0.227144
 0.649  0.227156
 0.650  0.227124
 0.651  0.227106
 0.652  0.227131
 0.653  0.227098
 0.654  0.227076
 0.655  0.227080
 0.656  0.227079
 0.657  0.227055
 0.658  0.227051
 0.659  0.227067
 0.660  0.227042
 0.661  0.227033
 0.662  0.227062
 0.663  0.227037
 0.664  0.227025
 0.665  0.227064
 0.666  0.227038
 0.667  0.227025
 0.668  0.227037
 0.669  0.227047
 0.670  0.227032
 0.671  0.227038
 0.672  0.227063
 0.673  0.227047
 0.674  0.227049
 0.675  0.227085
 0.676  0.227068
 0.677  0.227068
 0.678  0.227114
 0.679  0.227097
 0.680  0.227095
 0.681  0.227150
 0.682  0.227133
 0.683  0.227130
 0.684  0.227162
 0.685  0.227175
 0.686  0.227172
 0.687  0.227197
 0.688  0.227224
 0.689  0.227221
 0.690  0.227243
 0.691  0.227279
 0.692  0.227276
 0.693  0.227297
 0.694  0.227341
 0.695  0.227338
 0.696  0.227359
 0.697  0.227410
 0.698  0.227408
 0.699  0.227428
 0.700  0.227485
 0.701  0.227484
 0.702  0.227505
 0.703  0.227566
 0.704  0.227566
 0.705  0.227589
 0.706  0.227654
 0.707  0.227656
 0.708  0.227680
 0.709  0.227749
 0.710  0.227752
 0.711  0.227778
 0.712  0.227850
 0.713  0.227855
 0.714  0.227885
 0.715  0.227957
 0.716  0.227965
 0.717  0.227999
 0.718  0.228072
 0.719  0.228082
 0.720  0.228121
 0.721  0.228193
 0.722  0.228207
 0.723  0.228252
 0.724  0.228321
 0.725  0.228339
 0.726  0.228392
 0.727  0.228456
 0.728  0.228478
 0.729  0.228543
 0.730  0.228599
 0.731  0.228626
 0.732  0.228712
 0.733  0.228749
 0.734  0.228783
 0.735  0.228891
 0.736  0.228906
 0.737  0.228949
 0.738  0.229051
 0.739  0.229072
 0.740  0.229125
 0.741  0.229220
 0.742  0.229248
 0.743  0.229315
 0.744  0.229396
 0.745  0.229432
 0.746  0.229528
 0.747  0.229581
 0.748  0.229628
 0.749  0.229749
 0.750  0.229776
 0.751  0.229836
 0.752  0.229945
 0.753  0.229981
 0.754  0.230062
 0.755  0.230150
 0.756  0.230198
 0.757  0.230337
 0.758  0.230366
 0.759  0.230429
 0.760  0.230553
 0.761  0.230593
 0.762  0.230680
 0.763  0.230780
 0.764  0.230834
 0.765  0.230983
 0.766  0.231019
 0.767  0.231093
 0.768  0.231222
 0.769  0.231271
 0.770  0.231383
 0.771  0.231473
 0.772  0.231542
 0.773  0.231691
 0.774  0.231739
 0.775  0.231839
 0.776  0.231955
 0.777  0.232023
 0.778  0.232186
 0.779  0.232235
 0.780  0.232335
 0.781  0.232465
 0.782  0.232535
 0.783  0.232708
 0.784  0.232761
 0.785  0.232867
 0.786  0.233002
 0.787  0.233079
 0.788  0.233258
 0.789  0.233317
 0.790  0.233436
 0.791  0.233570
 0.792  0.233658
 0.793  0.233836
 0.794  0.233905
 0.795  0.234056
 0.796  0.234168
 0.797  0.234274
 0.798  0.234444
 0.799  0.234529
 0.800  0.234732
 0.801  0.234800
 0.802  0.234941
 0.803  0.235086
 0.804  0.235195
 0.805  0.235383
 0.806  0.235473
 0.807  0.235691
 0.808  0.235766
 0.809  0.235925
 0.810  0.236072
 0.811  0.236198
 0.812  0.236388
 0.813  0.236495
 0.814  0.236714
 0.815  0.236807
 0.816  0.237049
 0.817  0.237132
 0.818  0.237305
 0.819  0.237466
 0.820  0.237612
 0.821  0.237810
 0.822  0.237940
 0.823  0.238163
 0.824  0.238281
 0.825  0.238524
 0.826  0.238633
 0.827  0.238893
 0.828  0.238995
 0.829  0.239259
 0.830  0.239366
 0.831  0.239583
 0.832  0.239746
 0.833  0.239943
 0.834  0.240135
 0.835  0.240321
 0.836  0.240531
 0.837  0.240712
 0.838  0.240936
 0.839  0.241116
 0.840  0.241349
 0.841  0.241529
 0.842  0.241769
 0.843  0.241954
 0.844  0.242199
 0.845  0.242391
 0.846  0.242636
 0.847  0.242840
 0.848  0.243081
 0.849  0.243303
 0.850  0.243536
 0.851  0.243786
 0.852  0.244000
 0.853  0.244311
 0.854  0.244476
 0.855  0.244819
 0.856  0.244963
 0.857  0.245300
 0.858  0.245465
 0.859  0.245790
 0.860  0.245984
 0.861  0.246292
 0.862  0.246530
 0.863  0.246807
 0.864  0.247150
 0.865  0.247339
 0.866  0.247710
 0.867  0.247894
 0.868  0.248241
 0.869  0.248483
 0.870  0.248791
 0.871  0.249195
 0.872  0.249366
 0.873  0.249750
 0.874  0.249979
 0.875  0.250322
 0.876  0.250710
 0.877  0.250925
 0.878  0.251327
 0.879  0.251585
 0.880  0.251930
 0.881  0.252371
 0.882  0.252581
 0.883  0.252976
 0.884  0.253383
 0.885  0.253630
 0.886  0.254056
 0.887  0.254397
 0.888  0.254721
 0.889  0.255167
 0.890  0.255511
 0.891  0.255851
 0.892  0.256308
 0.893  0.256707
 0.894  0.257021
 0.895  0.257477
 0.896  0.257993
 0.897  0.258246
 0.898  0.258685
 0.899  0.259193
 0.900  0.259579
 0.901  0.259951
 0.902  0.260433
 0.903  0.260969
 0.904  0.261350
 0.905  0.261753
 0.906  0.262250
 0.907  0.262795
 0.908  0.263372
 0.909  0.263675
 0.910  0.264152
 0.911  0.264684
 0.912  0.265251
 0.913  0.265842
 0.914  0.266317
 0.915  0.266739
 0.916  0.267260
 0.917  0.267817
 0.918  0.268398
 0.919  0.268993
 0.920  0.269602
 0.921  0.270219
 0.922  0.270842
 0.923  0.271468
 0.924  0.272100
 0.925  0.272729
 0.926  0.273360
 0.927  0.273988
 0.928  0.274613
 0.929  0.275237
 0.930  0.275861
 0.931  0.276487
 0.932  0.277118
 0.933  0.277765
 0.934  0.278443
 0.935  0.279212
 0.936  0.280208
 0.937  0.280780
 0.938  0.281410
 0.939  0.282198
 0.940  0.283193
 0.941  0.283755
 0.942  0.284694
 0.943  0.285472
 0.944  0.286260
 0.945  0.287144
 0.946  0.288351
 0.947  0.288777
 0.948  0.289817
 0.949  0.290960
 0.950  0.292069
 0.951  0.293079
 0.952  0.293896
 0.953  0.294535
 0.954  0.295375
 0.955  0.296511
 0.956  0.297725
 0.957  0.298320
 0.958  0.299435
 0.959  0.300484
 0.960  0.309323
 0.961  0.000000
 0.962  0.000000
 0.963  0.000000
 0.964  0.000000
 0.965  0.000000
 0.966  0.000000
 0.967  0.000000
 0.968  0.000000
 0.969  0.000000
 0.970  0.000000
 0.971  0.000000
 0.972  0.000000
 0.973  0.000000
 0.974  0.000000
 0.975  0.000000
 0.976  0.000000
 0.977  0.000000
 0.978  0.000000
 0.979  0.000000
 0.980  0.000000
 0.981  0.000000
 0.982  0.000000
 0.983  0.000000
 0.984  0.000000
 0.985  0.000000
 0.986  0.000000
 0.987  0.000000
 0.988  0.000000
 0.989  0.000000
 0.990  0.000000
 0.991  0.000000
 0.992  0.000000
 0.993  0.000000
 0.994  0.000000
 0.995  0.000000
 0.996  0.000000
 0.997  0.000000
 0.998  0.000000
 0.999  0.000000
 1.000  0.000000
