-0.400  0.000000
-0.399  0.000000
-0.398  0.000000
-0.397  0.000000
-0.396  0.000000
-0.395  0.000000
-0.394  0.000000
-0.393  0.000000
-0.392  0.000000
-0.391  0.000000
-0.390  0.000000
-0.389  0.000000
-0.388  0.000000
-0.387  0.000000
-0.386  0.000000
-0.385  0.000000
-0.384  0.000000
-0.383  0.000000
-0.382  0.000000
-0.381  0.000000
-0.380  0.000000
-0.379  0.000000
-0.378  0.000000
-0.377  0.000000
-0.376  0.000000
-0.375  0.000000
-0.374  0.000000
-0.373  0.000000
-0.372  0.000000
-0.371  0.000000
-0.370  0.000000
-0.369  0.000000
-0.368  0.000000
-0.367  0.000000
-0.366  0.000000
-0.365  0.000000
-0.364  0.000000
-0.363  0.000000
-0.362  0.000000
-0.361  0.000000
-0.360  0.000000
-0.359  0.000000
-0.358  0.000000
-0.357  0.000000
-0.356  0.000000
-0.355  0.000000
-0.354  0.000000
-0.353  0.000000
-0.352  0.000000
-0.351  0.000000
-0.350  0.000000
-0.349  0.000000
-0.348  0.000000
-0.347  0.000000
-0.346  0.000000
-0.345  0.000000
-0.344  0.000000
-0.343  0.000000
-0.342  0.000000
-0.341  0.000000
-0.340  0.000000
-0.339  0.000000
-0.338  0.000000
-0.337  0.000000
-0.336  0.000000
-0.335  0.000000
-0.334  0.000000
-0.333  0.000000
-0.332  0.000000
-0.331  0.000000
-0.330  0.000000
-0.329  0.000000
-0.328  0.000000
-0.327  0.000000
-0.326  0.000000
-0.325  0.000000
-0.324  0.000000
-0.323  0.000000
-0.322  0.000000
-0.321  0.000000
-0.320  0.000000
-0.319  0.000000
-0.318  0.000000
-0.317  0.000000
-0.316  0.000000
-0.315  0.000000
-0.314  0.000000
-0.313  0.000000
-0.312  0.000000
-0.311  0.000000
-0.310  0.000000
-0.309  0.000000
-0.308  0.000000
-0.307  0.000000
-0.306  0.000000
-0.305  0.000000
-0.304  0.000000
-0.303  0.000000
-0.302  0.000000
-0.301  0.000000
-0.300  0.000000
-0.299  0.000000
-0.298  0.000000
-0.297  0.000000
-0.296  0.000000
-0.295  0.000000
-0.294  0.000000
-0.293  0.000000
-0.292  0.000000
-0.291  0.000000
-0.290  0.000000
-0.289  0.000000
-0.288  0.000000
-0.287  0.000000
-0.286  0.000000
-0.285  0.000000
-0.284  0.000000
-0.283  0.000000
-0.282  0.000000
-0.281  0.000000
-0.280  0.000000
-0.279  0.000000
-0.278  0.000000
-0.277  0.000000
-0.276  0.000000
-0.275  0.000000
-0.274  0.000000
-0.273  0.000000
-0.272  0.000000
-0.271  0.000000
-0.270  0.000000
-0.269  0.000000
-0.268  0.000000
-0.267  0.000000
-0.266  0.000000
-0.265  0.000000
-0.264  0.000000
-0.263  0.000000
-0.262  0.000000
-0.261  0.000000
-0.260  0.000000
-0.259  0.000000
-0.258  0.000000
-0.257  0.000000
-0.256  1.365504
-0.255  0.779393
-0.254  0.615141
-0.253  0.522947
-0.252  1.234398
-0.251  1.252819
-0.250  1.528668
-0.249  1.119385
-0.248  1.416284
-0.247  1.426642
-0.246  1.251263
-0.245  1.185760
-0.244  1.144755
-0.243  1.114723
-0.242  1.090014
-0.241  1.071794
-0.240  1.213856
-0.239  1.225438
-0.238  1.240253
-0.237  1.331410
-0.236  1.343894
-0.235  1.350605
-0.234  1.358857
-0.233  1.369851
-0.232  1.377194
-0.231  1.387595
-0.230  1.394617
-0.229  1.404967
-0.228  1.413155
-0.227  1.422027
-0.226  1.432297
-0.225  1.443836
-0.224  1.451843
-0.223  1.462785
-0.222  1.472837
-0.221  1.484855
-0.220  1.495397
-0.219  1.505370
-0.218  1.515464
-0.217  1.529308
-0.216  1.540858
-0.215  1.554282
-0.214  1.566044
-0.213  1.579630
-0.212  1.593167
-0.211  1.606113
-0.210  1.619230
-0.209  1.632509
-0.208  1.649026
-0.207  1.663145
-0.206  1.678691
-0.205  1.693736
-0.204  1.710143
-0.203  1.727561
-0.202  1.744916
-0.201  1.762052
-0.200  1.780825
-0.199  1.800107
-0.198  1.819453
-0.197  1.839411
-0.196  1.860500
-0.195  1.882966
-0.194  1.905773
-0.193  1.928739
-0.192  1.953294
-0.191  1.978459
-0.190  2.005501
-0.189  2.033946
-0.188  2.062393
-0.187  2.092973
-0.186  2.125164
-0.185  2.159313
-0.184  2.195274
-0.183  2.233568
-0.182  2.272733
-0.181  2.316261
-0.180  2.362093
-0.179  2.411677
-0.178  2.464187
-0.177  2.522649
-0.176  2.586310
-0.175  2.655114
-0.174  2.732930
-0.173  2.817519
-0.172  2.916355
-0.171  3.029463
-0.170  3.161487
-0.169  3.324569
-0.168  3.533496
-0.167  3.821829
-0.166  4.297904
-0.165  6.012291
-0.164  4.502737
-0.163  3.973586
-0.162  3.690074
-0.161  3.485665
-0.160  3.337362
-0.159  3.216818
-0.158  3.111184
-0.157  3.026234
-0.156  2.946145
-0.155  2.883237
-0.154  2.824157
-0.153  2.767920
-0.152  2.718105
-0.151  2.673399
-0.150  2.633422
-0.149  2.593663
-0.148  2.558066
-0.147  2.525011
-0.146  2.493376
-0.145  2.465319
-0.144  2.437671
-0.143  2.409851
-0.142  2.385846
-0.141  2.360345
-0.140  2.339622
-0.139  2.318114
-0.138  2.299680
-0.137  2.280724
-0.136  2.260448
-0.135  2.243207
-0.134  2.227151
-0.133  2.212330
-0.132  2.195236
-0.131  2.183155
-0.130  2.167070
-0.129  2.155877
-0.128  2.139707
-0.127  2.129576
-0.126  2.118376
-0.125  2.107847
-0.124  2.096201
-0.123  2.086520
-0.122  2.075446
-0.121  2.065213
-0.120  2.058751
-0.119  2.051330
-0.118  2.040514
-0.117  2.033723
-0.116  2.026240
-0.115  2.018613
-0.114  2.011550
-0.113  2.005100
-0.112  1.999347
-0.111  1.990017
-0.110  2.000743
-0.109  1.984446
-0.108  1.970783
-0.107  1.973108
-0.106  1.968298
-0.105  1.965614
-0.104  1.964124
-0.103  1.960929
-0.102  1.955894
-0.101  1.952728
-0.100  1.951174
-0.099  1.948848
-0.098  1.947575
-0.097  1.948256
-0.096  1.948929
-0.095  1.949338
-0.094  1.947714
-0.093  1.954065
-0.092  1.951016
-0.091  1.947922
-0.090  1.877282
-0.089  1.866907
-0.088  1.881238
-0.087  1.898332
-0.086  1.921987
-0.085  1.948327
-0.084  1.978827
-0.083  2.038129
-0.082  2.048950
-0.081  2.052476
-0.080  2.049106
-0.079  2.064286
-0.078  2.082021
-0.077  2.110248
-0.076  2.139690
-0.075  2.183786
-0.074  2.252632
-0.073  2.397191
-0.072  2.470182
-0.071  2.282950
-0.070  2.186602
-0.069  2.119382
-0.068  2.075089
-0.067  2.036015
-0.066  2.006097
-0.065  1.976593
-0.064  1.951581
-0.063  1.929740
-0.062  1.909778
-0.061  1.890519
-0.060  1.870867
-0.059  1.857181
-0.058  1.841479
-0.057  1.826065
-0.056  1.813748
-0.055  1.800143
-0.054  1.788162
-0.053  1.775077
-0.052  1.763912
-0.051  1.751780
-0.050  1.741303
-0.049  1.732748
-0.048  1.725996
-0.047  1.717406
-0.046  1.708522
-0.045  1.566368
-0.044  1.575182
-0.043  1.582450
-0.042  1.593677
-0.041  1.602951
-0.040  1.617334
-0.039  1.632376
-0.038  1.650274
-0.037  1.673996
-0.036  1.708869
-0.035  1.772610
-0.034  1.869746
-0.033  1.730030
-0.032  1.676626
-0.031  1.639318
-0.030  1.610446
-0.029  1.582883
-0.028  1.558652
-0.027  1.536202
-0.026  1.515470
-0.025  1.493436
-0.024  1.475335
-0.023  1.456293
-0.022  1.434623
-0.021  1.527326
-0.020  1.529277
-0.019  1.518092
-0.018  1.508526
-0.017  1.508795
-0.016  1.510039
-0.015  1.490007
-0.014  1.490451
-0.013  1.489643
-0.012  1.121866
-0.011  1.140445
-0.010  1.159072
-0.009  1.180445
-0.008  1.200044
-0.007  1.222125
-0.006  1.246900
-0.005  1.275301
-0.004  1.313912
-0.003  1.380493
-0.002  1.374048
-0.001  1.350416
 0.000  1.347995
 0.001  1.353850
 0.002  1.361823
 0.003  1.374679
 0.004  1.389435
 0.005  1.406517
 0.006  1.435126
 0.007  1.464478
 0.008  1.513312
 0.009  1.580201
 0.010  1.699777
 0.011  2.339569
 0.012  1.845545
 0.013  1.705823
 0.014  1.619741
 0.015  1.605105
 0.016  1.072518
 0.017  1.105411
 0.018  1.158595
 0.019  1.194455
 0.020  1.587942
 0.021  1.031141
 0.022  0.818871
 0.023  0.677189
 0.024  0.655640
 0.025  0.642985
 0.026  0.629404
 0.027  0.619767
 0.028  0.741672
 0.029  0.760835
 0.030  0.769574
 0.031  0.785543
 0.032  0.799299
 0.033  0.810985
 0.034  0.828860
 0.035  0.843516
 0.036  0.857965
 0.037  0.877186
 0.038  0.896061
 0.039  0.914436
 0.040  0.937554
 0.041  0.960328
 0.042  0.986843
 0.043  1.022210
 0.044  1.060886
 0.045  1.116679
 0.046  1.217956
 0.047  1.210198
 0.048  1.099084
 0.049  1.052036
 0.050  1.012351
 0.051  0.986223
 0.052  0.960635
 0.053  0.943148
 0.054  0.923117
 0.055  1.381429
 0.056  1.500312
 0.057  1.983072
 0.058  1.638377
 0.059  1.539962
 0.060  1.441519
 0.061  1.389967
 0.062  1.352204
 0.063  1.326340
 0.064  1.303606
 0.065  1.288292
 0.066  1.265450
 0.067  1.250312
 0.068  1.242485
 0.069  1.229201
 0.070  1.218748
 0.071  1.205824
 0.072  1.209336
 0.073  1.282141
 0.074  1.238816
 0.075  1.208426
 0.076  1.192882
 0.077  1.177384
 0.078  1.161501
 0.079  1.151399
 0.080  1.142344
 0.081  1.128119
 0.082  1.114997
 0.083  1.106141
 0.084  1.090051
 0.085  1.084730
 0.086  1.072567
 0.087  1.073361
 0.088  1.041273
 0.089  1.108998
 0.090  1.073986
 0.091  0.884402
 0.092  0.893805
 0.093  0.908402
 0.094  0.921875
 0.095  0.943407
 0.096  0.961816
 0.097  0.987082
 0.098  1.011777
 0.099  1.051396
 0.100  1.104509
 0.101  1.251396
 0.102  1.160106
 0.103  1.116968
 0.104  1.095509
 0.105  1.080287
 0.106  1.068595
 0.107  1.058831
 0.108  1.052693
 0.109  1.045669
 0.110  1.038894
 0.111  1.033855
 0.112  1.029208
 0.113  1.024410
 0.114  1.017922
 0.115  1.014612
 0.116  1.013015
 0.117  1.007215
 0.118  1.001966
 0.119  0.999800
 0.120  0.995741
 0.121  0.991937
 0.122  0.986856
 0.123  0.984456
 0.124  0.981076
 0.125  0.978348
 0.126  0.974866
 0.127  0.970895
 0.128  0.966668
 0.129  0.968829
 0.130  0.937444
 0.131  0.937104
 0.132  0.939119
 0.133  0.940779
 0.134  0.943403
 0.135  0.944960
 0.136  0.950391
 0.137  0.953108
 0.138  0.960845
 0.139  0.971544
 0.140  1.020143
 0.141  0.973745
 0.142  0.954632
 0.143  0.940409
 0.144  0.930620
 0.145  0.921208
 0.146  0.913445
 0.147  0.903634
 0.148  0.896853
 0.149  0.888351
 0.150  0.884517
 0.151  0.875453
 0.152  0.869242
 0.153  0.861183
 0.154  0.854426
 0.155  0.891203
 0.156  0.886759
 0.157  0.881950
 0.158  0.883045
 0.159  0.876790
 0.160  0.876733
 0.161  0.872306
 0.162  0.873353
 0.163  0.868581
 0.164  0.868104
 0.165  0.863190
 0.166  0.862233
 0.167  0.858867
 0.168  0.859430
 0.169  0.853732
 0.170  0.852331
 0.171  0.849325
 0.172  0.846943
 0.173  0.844691
 0.174  0.843248
 0.175  0.842539
 0.176  0.837089
 0.177  0.838358
 0.178  0.831363
 0.179  0.832115
 0.180  0.828340
 0.181  0.825215
 0.182  0.821402
 0.183  0.823990
 0.184  0.819601
 0.185  0.816014
 0.186  0.822131
 0.187  0.810707
 0.188  0.813504
 0.189  0.809922
 0.190  0.804798
 0.191  0.807202
 0.192  0.801172
 0.193  0.800719
 0.194  0.800588
 0.195  0.795227
 0.196  0.794049
 0.197  0.789673
 0.198  0.787661
 0.199  0.783070
 0.200  0.785432
 0.201  0.780065
 0.202  0.766786
 0.203  0.770047
 0.204  0.775408
 0.205  0.777825
 0.206  0.793707
 0.207  0.806662
 0.208  0.777027
 0.209  0.762124
 0.210  0.758059
 0.211  0.747894
 0.212  0.744767
 0.213  0.768768
 0.214  0.767688
 0.215  0.755060
 0.216  0.750088
 0.217  0.750713
 0.218  0.736530
 0.219  0.707343
 0.220  0.716594
 0.221  0.714175
 0.222  0.711209
 0.223  0.732697
 0.224  0.730598
 0.225  0.749035
 0.226  0.755488
 0.227  0.789021
 0.228  0.796852
 0.229  0.761004
 0.230  0.718690
 0.231  0.714739
 0.232  0.728706
 0.233  0.734761
 0.234  0.625313
 0.235  0.523162
 0.236  0.543910
 0.237  0.566592
 0.238  0.602395
 0.239  0.642178
 0.240  0.683195
 0.241  0.758386
 0.242  0.865286
 0.243  0.780031
 0.244  0.754337
 0.245  0.740054
 0.246  0.730842
 0.247  0.723850
 0.248  0.718939
 0.249  0.714238
 0.250  0.710677
 0.251  0.707391
 0.252  0.704542
 0.253  0.701757
 0.254  0.699090
 0.255  0.696823
 0.256  0.694331
 0.257  0.692244
 0.258  0.689988
 0.259  0.688206
 0.260  0.686239
 0.261  0.684133
 0.262  0.682184
 0.263  0.680194
 0.264  0.678766
 0.265  0.676690
 0.266  0.675071
 0.267  0.673375
 0.268  0.671945
 0.269  0.670137
 0.270  0.668396
 0.271  0.666828
 0.272  0.665175
 0.273  0.663595
 0.274  0.661993
 0.275  0.660550
 0.276  0.659097
 0.277  0.657334
 0.278  0.655797
 0.279  0.654220
 0.280  0.652976
 0.281  0.651039
 0.282  0.649786
 0.283  0.648372
 0.284  0.646708
 0.285  0.645701
 0.286  0.643869
 0.287  0.642599
 0.288  0.641237
 0.289  0.639454
 0.290  0.638668
 0.291  0.636850
 0.292  0.635658
 0.293  0.634246
 0.294  0.633213
 0.295  0.631782
 0.296  0.630122
 0.297  0.628923
 0.298  0.627483
 0.299  0.626502
 0.300  0.625017
 0.301  0.623542
 0.302  0.622356
 0.303  0.620959
 0.304  0.619972
 0.305  0.618538
 0.306  0.617110
 0.307  0.615897
 0.308  0.614594
 0.309  0.613606
 0.310  0.612253
 0.311  0.610815
 0.312  0.609647
 0.313  0.608374
 0.314  0.607406
 0.315  0.606156
 0.316  0.604618
 0.317  0.603511
 0.318  0.602279
 0.319  0.600651
 0.320  0.600234
 0.321  0.598513
 0.322  0.597502
 0.323  0.596314
 0.324  0.594885
 0.325  0.594379
 0.326  0.592529
 0.327  0.591703
 0.328  0.590508
 0.329  0.589289
 0.330  0.588544
 0.331  0.586634
 0.332  0.586012
 0.333  0.584999
 0.334  0.583869
 0.335  0.582783
 0.336  0.581762
 0.337  0.580429
 0.338  0.579690
 0.339  0.578574
 0.340  0.577061
 0.341  0.576081
 0.342  0.574971
 0.343  0.573657
 0.344  0.573176
 0.345  0.571329
 0.346  0.570746
 0.347  0.569783
 0.348  0.568760
 0.349  0.567706
 0.350  0.566718
 0.351  0.565501
 0.352  0.563939
 0.353  0.563793
 0.354  0.562076
 0.355  0.561406
 0.356  0.560375
 0.357  0.559455
 0.358  0.558606
 0.359  0.557548
 0.360  0.556400
 0.361  0.554819
 0.362  0.554729
 0.363  0.552942
 0.364  0.552427
 0.365  0.551577
 0.366  0.550671
 0.367  0.549607
 0.368  0.548502
 0.369  0.547623
 0.370  0.546414
 0.371  0.545932
 0.372  0.543772
 0.373  0.543815
 0.374  0.542224
 0.375  0.542165
 0.376  0.540391
 0.377  0.540062
 0.378  0.538143
 0.379  0.538424
 0.380  0.536895
 0.381  0.536555
 0.382  0.535029
 0.383  0.534277
 0.384  0.532635
 0.385  0.530766
 0.386  0.529805
 0.387  0.530460
 0.388  0.530887
 0.389  0.536388
 0.390  0.529415
 0.391  0.528536
 0.392  0.525410
 0.393  0.523106
 0.394  0.521483
 0.395  0.523574
 0.396  0.522592
 0.397  0.521941
 0.398  0.521799
 0.399  0.519558
 0.400  0.519370
 0.401  0.518418
 0.402  0.518339
 0.403  0.516737
 0.404  0.515989
 0.405  0.514696
 0.406  0.515048
 0.407  0.513398
 0.408  0.512537
 0.409  0.510913
 0.410  0.511922
 0.411  0.509986
 0.412  0.509139
 0.413  0.507491
 0.414  0.507102
 0.415  0.506615
 0.416  0.505885
 0.417  0.506462
 0.418  0.504118
 0.419  0.503345
 0.420  0.502568
 0.421  0.503638
 0.422  0.500889
 0.423  0.500092
 0.424  0.499310
 0.425  0.498775
 0.426  0.497614
 0.427  0.496871
 0.428  0.498855
 0.429  0.495206
 0.430  0.494444
 0.431  0.494918
 0.432  0.493262
 0.433  0.492032
 0.434  0.491379
 0.435  0.492311
 0.436  0.489692
 0.437  0.488983
 0.438  0.490605
 0.439  0.487367
 0.440  0.486640
 0.441  0.487471
 0.442  0.485939
 0.443  0.484328
 0.444  0.484245
 0.445  0.484879
 0.446  0.482012
 0.447  0.481340
 0.448  0.483849
 0.449  0.479756
 0.450  0.479078
 0.451  0.479634
 0.452  0.477517
 0.453  0.476845
 0.454  0.477352
 0.455  0.475282
 0.456  0.474727
 0.457  0.475061
 0.458  0.473101
 0.459  0.472662
 0.460  0.472817
 0.461  0.470937
 0.462  0.472469
 0.463  0.472706
 0.464  0.468828
 0.465  0.474439
 0.466  0.472017
 0.467  0.466751
 0.468  0.466874
 0.469  0.466813
 0.470  0.466129
 0.471  0.464695
 0.472  0.463257
 0.473  0.463230
 0.474  0.470023
 0.475  0.461489
 0.476  0.461046
 0.477  0.459911
 0.478  0.459610
 0.479  0.459012
 0.480  0.465819
 0.481  0.457483
 0.482  0.456940
 0.483  0.456013
 0.484  0.465999
 0.485  0.454641
 0.486  0.454002
 0.487  0.453280
 0.488  0.452535
 0.489  0.452222
 0.490  0.451107
 0.491  0.451127
 0.492  0.449755
 0.493  0.451596
 0.494  0.448523
 0.495  0.472241
 0.496  0.447336
 0.497  0.482919
 0.498  0.446214
 0.499  0.445603
 0.500  0.445152
 0.501  0.444401
 0.502  0.442704
 0.503  0.443246
 0.504  0.441469
 0.505  0.442176
 0.506  0.451225
 0.507  0.439417
 0.508  0.438948
 0.509  0.453198
 0.510  0.437656
 0.511  0.437200
 0.512  0.436004
 0.513  0.435042
 0.514  0.438004
 0.515  0.438458
 0.516  0.441789
 0.517  0.433121
 0.518  0.430120
 0.519  0.437512
 0.520  0.431404
 0.521  0.431554
 0.522  0.436697
 0.523  0.437142
 0.524  0.403325
 0.525  0.403965
 0.526  0.417791
 0.527  0.428358
 0.528  0.454454
 0.529  0.442359
 0.530  0.436025
 0.531  0.432651
 0.532  0.431087
 0.533  0.429965
 0.534  0.428888
 0.535  0.428093
 0.536  0.427432
 0.537  0.426793
 0.538  0.425934
 0.539  0.425390
 0.540  0.424760
 0.541  0.424264
 0.542  0.423575
 0.543  0.422970
 0.544  0.422306
 0.545  0.421701
 0.546  0.421184
 0.547  0.420665
 0.548  0.420151
 0.549  0.419637
 0.550  0.419128
 0.551  0.418550
 0.552  0.418071
 0.553  0.417708
 0.554  0.417002
 0.555  0.417043
 0.556  0.415738
 0.557  0.415052
 0.558  0.414208
 0.559  0.414028
 0.560  0.411397
 0.561  0.321127
 0.562  0.319944
 0.563  0.319612
 0.564  0.320032
 0.565  0.317832
 0.566  0.226751
 0.567  0.226698
 0.568  0.226661
 0.569  0.226618
 0.570  0.226562
 0.571  0.226515
 0.572  0.226495
 0.573  0.226437
 0.574  0.226386
 0.575  0.226347
 0.576  0.226321
 0.577  0.226267
 0.578  0.226222
 0.579  0.226196
 0.580  0.226157
 0.581  0.226109
 0.582  0.226070
 0.583  0.226056
 0.584  0.226005
 0.585  0.225961
 0.586  0.225932
 0.587  0.225908
 0.588  0.225862
 0.589  0.225825
 0.590  0.225820
 0.591  0.225771
 0.592  0.225730
 0.593  0.225702
 0.594  0.225688
 0.595  0.225644
 0.596  0.225609
 0.597  0.225602
 0.598  0.225566
 0.599  0.225527
 0.600  0.225501
 0.601  0.225495
 0.602  0.225454
 0.603  0.225422
 0.604  0.225413
 0.605  0.225388
 0.606  0.225352
 0.607  0.225329
 0.608  0.225329
 0.609  0.225291
 0.610  0.225262
 0.611  0.225258
 0.612  0.225236
 0.613  0.225204
 0.614  0.225186
 0.615  0.225189
 0.616  0.225154
 0.617  0.225129
 0.618  0.225136
 0.619  0.225111
 0.620  0.225083
 0.621  0.225070
 0.622  0.225075
 0.623  0.225044
 0.624  0.225025
 0.625  0.225045
 0.626  0.225012
 0.627  0.224989
 0.628  0.224985
 0.629  0.224987
 0.630  0.224961
 0.631  0.224948
 0.632  0.224969
 0.633  0.224940
 0.634  0.224923
 0.635  0.224934
 0.636  0.224926
 0.637  0.224906
 0.638  0.224903
 0.639  0.224918
 0.640  0.224895
 0.641  0.224886
 0.642  0.224917
 0.643  0.224892
 0.644  0.224879
 0.645  0.224894
 0.646  0.224895
 0.647  0.224879
 0.648  0.224882
 0.649  0.224904
 0.650  0.224886
 0.651  0.224884
 0.652  0.224920
 0.653  0.224900
 0.654  0.224893
 0.655  0.224926
 0.656  0.224920
 0.657  0.224911
 0.658  0.224926
 0.659  0.224946
 0.660  0.224935
 0.661  0.224943
 0.662  0.224978
 0.663  0.224965
 0.664  0.224969
 0.665  0.225016
 0.666  0.225002
 0.667  0.225003
 0.668  0.225060
 0.669  0.225045
 0.670  0.225044
 0.671  0.225075
 0.672  0.225094
 0.673  0.225092
 0.674  0.225115
 0.675  0.225149
 0.676  0.225146
 0.677  0.225164
 0.678  0.225210
 0.679  0.225206
 0.680  0.225222
 0.681  0.225277
 0.682  0.225273
 0.683  0.225287
 0.684  0.225350
 0.685  0.225345
 0.686  0.225358
 0.687  0.225428
 0.688  0.225424
 0.689  0.225437
 0.690  0.225513
 0.691  0.225508
 0.692  0.225521
 0.693  0.225584
 0.694  0.225599
 0.695  0.225612
 0.696  0.225670
 0.697  0.225696
 0.698  0.225710
 0.699  0.225766
 0.700  0.225798
 0.701  0.225814
 0.702  0.225871
 0.703  0.225907
 0.704  0.225925
 0.705  0.225984
 0.706  0.226022
 0.707  0.226042
 0.708  0.226106
 0.709  0.226144
 0.710  0.226166
 0.711  0.226239
 0.712  0.226271
 0.713  0.226297
 0.714  0.226387
 0.715  0.226406
 0.716  0.226435
 0.717  0.226536
 0.718  0.226547
 0.719  0.226580
 0.720  0.226680
 0.721  0.226694
 0.722  0.226734
 0.723  0.226832
 0.724  0.226849
 0.725  0.226896
 0.726  0.226989
 0.727  0.227012
 0.728  0.227068
 0.729  0.227154
 0.730  0.227183
 0.731  0.227251
 0.732  0.227326
 0.733  0.227362
 0.734  0.227454
 0.735  0.227506
 0.736  0.227550
 0.737  0.227671
 0.738  0.227695
 0.739  0.227749
 0.740  0.227861
 0.741  0.227892
 0.742  0.227961
 0.743  0.228059
 0.744  0.228099
 0.745  0.228194
 0.746  0.228266
 0.747  0.228317
 0.748  0.228451
 0.749  0.228483
 0.750  0.228550
 0.751  0.228669
 0.752  0.228710
 0.753  0.228802
 0.754  0.228896
 0.755  0.228951
 0.756  0.229098
 0.757  0.229134
 0.758  0.229209
 0.759  0.229336
 0.760  0.229385
 0.761  0.229495
 0.762  0.229586
 0.763  0.229653
 0.764  0.229803
 0.765  0.229849
 0.766  0.229944
 0.767  0.230065
 0.768  0.230129
 0.769  0.230295
 0.770  0.230341
 0.771  0.230432
 0.772  0.230570
 0.773  0.230635
 0.774  0.230814
 0.775  0.230861
 0.776  0.230955
 0.777  0.231103
 0.778  0.231171
 0.779  0.231358
 0.780  0.231409
 0.781  0.231511
 0.782  0.231663
 0.783  0.231739
 0.784  0.231929
 0.785  0.231988
 0.786  0.232105
 0.787  0.232252
 0.788  0.232340
 0.789  0.232528
 0.790  0.232598
 0.791  0.232749
 0.792  0.232872
 0.793  0.232981
 0.794  0.233158
 0.795  0.233245
 0.796  0.233455
 0.797  0.233527
 0.798  0.233676
 0.799  0.233822
 0.800  0.233938
 0.801  0.234127
 0.802  0.234224
 0.803  0.234443
 0.804  0.234526
 0.805  0.234707
 0.806  0.234839
 0.807  0.234980
 0.808  0.235164
 0.809  0.235283
 0.810  0.235497
 0.811  0.235603
 0.812  0.235841
 0.813  0.235934
 0.814  0.236169
 0.815  0.236276
 0.816  0.236454
 0.817  0.236628
 0.818  0.236783
 0.819  0.236988
 0.820  0.237129
 0.821  0.237357
 0.822  0.237488
 0.823  0.237733
 0.824  0.237857
 0.825  0.238118
 0.826  0.238236
 0.827  0.238510
 0.828  0.238624
 0.829  0.238909
 0.830  0.239021
 0.831  0.239315
 0.832  0.239427
 0.833  0.239729
 0.834  0.239841
 0.835  0.240150
 0.836  0.240263
 0.837  0.240577
 0.838  0.240695
 0.839  0.241013
 0.840  0.241135
 0.841  0.241455
 0.842  0.241586
 0.843  0.241904
 0.844  0.242046
 0.845  0.242362
 0.846  0.242518
 0.847  0.242829
 0.848  0.243003
 0.849  0.243305
 0.850  0.243505
 0.851  0.243791
 0.852  0.244030
 0.853  0.244289
 0.854  0.244619
 0.855  0.244802
 0.856  0.245165
 0.857  0.245332
 0.858  0.245677
 0.859  0.245887
 0.860  0.246205
 0.861  0.246491
 0.862  0.246751
 0.863  0.247142
 0.864  0.247323
 0.865  0.247687
 0.866  0.247939
 0.867  0.248253
 0.868  0.248672
 0.869  0.248853
 0.870  0.249238
 0.871  0.249512
 0.872  0.249835
 0.873  0.250264
 0.874  0.250479
 0.875  0.250861
 0.876  0.251275
 0.877  0.251505
 0.878  0.251923
 0.879  0.252255
 0.880  0.252574
 0.881  0.253016
 0.882  0.253336
 0.883  0.253682
 0.884  0.254137
 0.885  0.254484
 0.886  0.254828
 0.887  0.255286
 0.888  0.255752
 0.889  0.256019
 0.890  0.256468
 0.891  0.256979
 0.892  0.257282
 0.893  0.257696
 0.894  0.258190
 0.895  0.258731
 0.896  0.259011
 0.897  0.259459
 0.898  0.259972
 0.899  0.260527
 0.900  0.260873
 0.901  0.261308
 0.902  0.261820
 0.903  0.262369
 0.904  0.262949
 0.905  0.263346
 0.906  0.263787
 0.907  0.264307
 0.908  0.264859
 0.909  0.265436
 0.910  0.266029
 0.911  0.266638
 0.912  0.267224
 0.913  0.267635
 0.914  0.268162
 0.915  0.268724
 0.916  0.269307
 0.917  0.269902
 0.918  0.270509
 0.919  0.271126
 0.920  0.271753
 0.921  0.272392
 0.922  0.273048
 0.923  0.273737
 0.924  0.274517
 0.925  0.275314
 0.926  0.275909
 0.927  0.276518
 0.928  0.277152
 0.929  0.277855
 0.930  0.278882
 0.931  0.279509
 0.932  0.280109
 0.933  0.280943
 0.934  0.281837
 0.935  0.282439
 0.936  0.283593
 0.937  0.284079
 0.938  0.285233
 0.939  0.285771
 0.940  0.286715
 0.941  0.287857
 0.942  0.289037
 0.943  0.289514
 0.944  0.290496
 0.945  0.291841
 0.946  0.292374
 0.947  0.293177
 0.948  0.294143
 0.949  0.295109
 0.950  0.297286
 0.951  0.298462
 0.952  0.297525
 0.953  0.000000
 0.954  0.000000
 0.955  0.000000
 0.956  0.000000
 0.957  0.000000
 0.958  0.000000
 0.959  0.000000
 0.960  0.000000
 0.961  0.000000
 0.962  0.000000
 0.963  0.000000
 0.964  0.000000
 0.965  0.000000
 0.966  0.000000
 0.967  0.000000
 0.968  0.000000
 0.969  0.000000
 0.970  0.000000
 0.971  0.000000
 0.972  0.000000
 0.973  0.000000
 0.974  0.000000
 0.975  0.000000
 0.976  0.000000
 0.977  0.000000
 0.978  0.000000
 0.979  0.000000
 0.980  0.000000
 0.981  0.000000
 0.982  0.000000
 0.983  0.000000
 0.984  0.000000
 0.985  0.000000
 0.986  0.000000
 0.987  0.000000
 0.988  0.000000
 0.989  0.000000
 0.990  0.000000
 0.991  0.000000
 0.992  0.000000
 0.993  0.000000
 0.994  0.000000
 0.995  0.000000
 0.996  0.000000
 0.997  0.000000
 0.998  0.000000
 0.999  0.000000
 1.000  0.000000
