-0.0400  1.115748
-0.0399  1.113945
-0.0398  1.111773
-0.0397  1.110211
-0.0396  1.108656
-0.0395  1.107106
-0.0394  1.106077
-0.0393  1.104808
-0.0392  1.103439
-0.0391  1.101821
-0.0390  1.100528
-0.0389  1.099373
-0.0388  1.098272
-0.0387  1.096770
-0.0386  1.095217
-0.0385  1.093480
-0.0384  1.091784
-0.0383  1.090690
-0.0382  1.089453
-0.0381  1.088254
-0.0380  1.087198
-0.0379  1.086568
-0.0378  1.085990
-0.0377  1.084435
-0.0376  1.082413
-0.0375  1.080599
-0.0374  1.078879
-0.0373  1.077433
-0.0372  1.076983
-0.0371  1.077485
-0.0370  1.076971
-0.0369  1.075097
-0.0368  1.072796
-0.0367  1.071293
-0.0366  1.069982
-0.0365  1.072025
-0.0364  1.068489
-0.0363  1.068084
-0.0362  1.064431
-0.0361  1.063115
-0.0360  1.067504
-0.0359  1.061834
-0.0358  1.060321
-0.0357  1.067182
-0.0356  1.054399
-0.0355  0.932254
-0.0354  0.933081
-0.0353  0.933840
-0.0352  0.934652
-0.0351  0.936193
-0.0350  0.937527
-0.0349  0.938699
-0.0348  0.939631
-0.0347  0.940481
-0.0346  0.941302
-0.0345  0.942085
-0.0344  0.942842
-0.0343  0.943567
-0.0342  0.944274
-0.0341  0.945708
-0.0340  0.947081
-0.0339  0.948163
-0.0338  0.949177
-0.0337  0.950102
-0.0336  0.951075
-0.0335  0.951972
-0.0334  0.952800
-0.0333  0.953591
-0.0332  0.954419
-0.0331  0.956267
-0.0330  0.957669
-0.0329  0.958973
-0.0328  0.960001
-0.0327  0.961061
-0.0326  0.962061
-0.0325  0.962965
-0.0324  0.963837
-0.0323  0.964709
-0.0322  0.965757
-0.0321  0.967801
-0.0320  0.969259
-0.0319  0.970550
-0.0318  0.971728
-0.0317  0.972783
-0.0316  0.973834
-0.0315  0.974852
-0.0314  0.975824
-0.0313  0.976774
-0.0312  0.979102
-0.0311  0.980696
-0.0310  0.982128
-0.0309  0.983363
-0.0308  0.984498
-0.0307  0.985583
-0.0306  0.986537
-0.0305  0.987521
-0.0304  0.988645
-0.0303  0.991220
-0.0302  0.992953
-0.0301  0.994454
-0.0300  0.995891
-0.0299  0.997227
-0.0298  0.998472
-0.0297  0.999656
-0.0296  1.000827
-0.0295  1.003018
-0.0294  1.005283
-0.0293  1.006983
-0.0292  1.008647
-0.0291  1.010143
-0.0290  1.011598
-0.0289  1.012873
-0.0288  1.014161
-0.0287  1.015859
-0.0286  1.018810
-0.0285  1.020928
-0.0284  1.022660
-0.0283  1.024229
-0.0282  1.025784
-0.0281  1.027183
-0.0280  1.028538
-0.0279  1.031153
-0.0278  1.033999
-0.0277  1.036053
-0.0276  1.038030
-0.0275  1.039819
-0.0274  1.041510
-0.0273  1.043210
-0.0272  1.044910
-0.0271  1.049123
-0.0270  1.051821
-0.0269  1.054160
-0.0268  1.056193
-0.0267  1.058167
-0.0266  1.059983
-0.0265  1.061674
-0.0264  1.066263
-0.0263  1.069375
-0.0262  1.071956
-0.0261  1.074292
-0.0260  1.076458
-0.0259  1.078487
-0.0258  1.081853
-0.0257  1.086492
-0.0256  1.089782
-0.0255  1.092736
-0.0254  1.095312
-0.0253  1.097677
-0.0252  1.100798
-0.0251  1.106987
-0.0250  1.110829
-0.0249  1.114050
-0.0248  1.117006
-0.0247  1.119824
-0.0246  1.125878
-0.0245  1.131504
-0.0244  1.135683
-0.0243  1.139587
-0.0242  1.336897
-0.0241  1.337617
-0.0240  1.343786
-0.0239  1.361520
-0.0238  1.370601
-0.0237  1.379626
-0.0236  1.402198
-0.0235  1.416475
-0.0234  1.427484
-0.0233  1.440511
-0.0232  1.468458
-0.0231  1.484502
-0.0230  1.501213
-0.0229  1.521498
-0.0228  1.552349
-0.0227  1.583948
-0.0226  1.607307
-0.0225  1.651374
-0.0224  1.691018
-0.0223  1.753018
-0.0222  1.819968
-0.0221  1.972100
-0.0220  2.375990
-0.0219  2.018156
-0.0218  1.873968
-0.0217  1.800828
-0.0216  1.741724
-0.0215  1.699871
-0.0214  1.670525
-0.0213  1.644711
-0.0212  1.617676
-0.0211  1.597412
-0.0210  1.582060
-0.0209  1.567313
-0.0208  1.553740
-0.0207  1.540527
-0.0206  1.529740
-0.0205  1.518914
-0.0204  1.508573
-0.0203  1.500150
-0.0202  1.492122
-0.0201  1.484882
-0.0200  1.477855
-0.0199  1.471226
-0.0198  1.464830
-0.0197  1.458515
-0.0196  1.452663
-0.0195  1.447507
-0.0194  1.442843
-0.0193  1.438297
-0.0192  1.434389
-0.0191  1.430335
-0.0190  1.425989
-0.0189  1.421703
-0.0188  1.417561
-0.0187  1.414702
-0.0186  1.412581
-0.0185  1.408934
-0.0184  1.405522
-0.0183  1.402415
-0.0182  1.399822
-0.0181  1.398830
-0.0180  1.395122
-0.0179  1.391799
-0.0178  1.389312
-0.0177  1.387394
-0.0176  1.387363
-0.0175  1.384586
-0.0174  1.381795
-0.0173  1.379392
-0.0172  1.377686
-0.0171  1.378312
-0.0170  1.375114
-0.0169  1.372423
-0.0168  1.370475
-0.0167  1.370326
-0.0166  1.370194
-0.0165  1.366949
-0.0164  1.364756
-0.0163  1.364053
-0.0162  1.365404
-0.0161  1.361967
-0.0160  1.359381
-0.0159  1.360353
-0.0158  1.361072
-0.0157  1.357249
-0.0156  1.356220
-0.0155  1.360424
-0.0154  1.355069
-0.0153  1.352555
-0.0152  1.358506
-0.0151  1.351022
-0.0150  1.353201
-0.0149  1.351373
-0.0148  1.349526
-0.0147  1.348650
-0.0146  1.359137
-0.0145  1.366064
-0.0144  1.176975
-0.0143  1.068847
-0.0142  1.068997
-0.0141  1.069186
-0.0140  1.069322
-0.0139  1.069388
-0.0138  1.069506
-0.0137  1.069680
-0.0136  1.069765
-0.0135  1.069760
-0.0134  1.069824
-0.0133  1.069874
-0.0132  1.069929
-0.0131  1.070188
-0.0130  1.070299
-0.0129  1.070378
-0.0128  1.070431
-0.0127  1.070517
-0.0126  1.070748
-0.0125  1.070915
-0.0124  1.071057
-0.0123  1.071178
-0.0122  1.071409
-0.0121  1.071630
-0.0120  1.071787
-0.0119  1.071924
-0.0118  1.072027
-0.0117  1.072116
-0.0116  1.072197
-0.0115  1.072258
-0.0114  1.072292
-0.0113  1.072290
-0.0112  1.072440
-0.0111  1.072591
-0.0110  1.072779
-0.0109  1.072998
-0.0108  1.073228
-0.0107  1.073425
-0.0106  1.073580
-0.0105  1.073707
-0.0104  1.073807
-0.0103  1.073922
-0.0102  1.074064
-0.0101  1.074193
-0.0100  1.074417
-0.0099  1.074564
-0.0098  1.074634
-0.0097  1.074664
-0.0096  1.074674
-0.0095  1.074870
-0.0094  1.074923
-0.0093  1.075065
-0.0092  1.075272
-0.0091  1.075427
-0.0090  1.075534
-0.0089  1.075604
-0.0088  1.075636
-0.0087  1.075611
-0.0086  1.075452
-0.0085  1.075430
-0.0084  1.075471
-0.0083  1.075589
-0.0082  1.075709
-0.0081  1.075918
-0.0080  1.075997
-0.0079  1.076156
-0.0078  1.075979
-0.0077  1.076138
-0.0076  1.076250
-0.0075  1.076314
-0.0074  1.076345
-0.0073  1.076441
-0.0072  1.076439
-0.0071  1.076310
-0.0070  1.076023
-0.0069  1.076082
-0.0068  1.076124
-0.0067  1.076126
-0.0066  1.076090
-0.0065  1.076064
-0.0064  1.076193
-0.0063  1.076155
-0.0062  1.076127
-0.0061  1.076188
-0.0060  1.076204
-0.0059  1.076170
-0.0058  1.076092
-0.0057  1.075913
-0.0056  1.075603
-0.0055  1.075077
-0.0054  1.075079
-0.0053  1.075169
-0.0052  1.075193
-0.0051  1.075121
-0.0050  1.075062
-0.0049  1.075131
-0.0048  1.074770
-0.0047  1.074752
-0.0046  1.074846
-0.0045  1.074898
-0.0044  1.074917
-0.0043  1.074837
-0.0042  1.074607
-0.0041  1.074204
-0.0040  1.073697
-0.0039  1.073649
-0.0038  1.073573
-0.0037  1.073446
-0.0036  1.073245
-0.0035  1.073170
-0.0034  1.073101
-0.0033  1.072515
-0.0032  1.072582
-0.0031  1.072576
-0.0030  1.072525
-0.0029  1.072419
-0.0028  1.072238
-0.0027  1.071860
-0.0026  1.071260
-0.0025  1.071035
-0.0024  1.070986
-0.0023  1.070894
-0.0022  1.070729
-0.0021  1.070496
-0.0020  1.070590
-0.0019  1.070280
-0.0018  1.069787
-0.0017  1.069826
-0.0016  1.069803
-0.0015  1.069738
-0.0014  1.069556
-0.0013  1.069345
-0.0012  1.068909
-0.0011  1.068040
-0.0010  1.068011
-0.0009  1.067976
-0.0008  1.067884
-0.0007  1.067644
-0.0006  1.067774
-0.0005  1.067618
-0.0004  1.066821
-0.0003  1.066733
-0.0002  1.066704
-0.0001  1.066616
 0.0000  1.066441
 0.0001  1.066155
 0.0002  1.065855
 0.0003  1.065336
 0.0004  1.064670
 0.0005  1.064656
 0.0006  1.064586
 0.0007  1.064583
 0.0008  1.064904
 0.0009  1.064917
 0.0010  1.064687
 0.0011  1.063812
 0.0012  1.063888
 0.0013  1.063900
 0.0014  1.063847
 0.0015  1.063711
 0.0016  1.063467
 0.0017  1.063110
 0.0018  1.062401
 0.0019  1.061865
 0.0020  1.061819
 0.0021  1.062326
 0.0022  1.062560
 0.0023  1.062601
 0.0024  1.062504
 0.0025  1.062140
 0.0026  1.061362
 0.0027  1.061524
 0.0028  1.061587
 0.0029  1.061501
 0.0030  1.061379
 0.0031  1.061203
 0.0032  1.060859
 0.0033  1.060221
 0.0034  1.060547
 0.0035  1.060993
 0.0036  1.061288
 0.0037  1.061460
 0.0038  1.061500
 0.0039  1.061461
 0.0040  1.061167
 0.0041  1.060320
 0.0042  1.060499
 0.0043  1.060625
 0.0044  1.060729
 0.0045  1.060816
 0.0046  1.061426
 0.0047  1.061782
 0.0048  1.061677
 0.0049  1.061340
 0.0050  1.061707
 0.0051  1.061963
 0.0052  1.062153
 0.0053  1.062282
 0.0054  1.062276
 0.0055  1.062178
 0.0056  1.061648
 0.0057  1.061364
 0.0058  1.062685
 0.0059  1.063561
 0.0060  1.064236
 0.0061  1.064733
 0.0062  1.065113
 0.0063  1.065263
 0.0064  1.064846
 0.0065  1.065050
 0.0066  1.065510
 0.0067  1.065908
 0.0068  1.066250
 0.0069  1.067632
 0.0070  1.068644
 0.0071  1.069244
 0.0072  1.069159
 0.0073  1.069860
 0.0074  1.070608
 0.0075  1.071336
 0.0076  1.071977
 0.0077  1.072557
 0.0078  1.073084
 0.0079  1.074061
 0.0080  1.075347
 0.0081  1.076607
 0.0082  1.077944
 0.0083  1.079145
 0.0084  1.080262
 0.0085  1.081232
 0.0086  1.082143
 0.0087  1.082970
 0.0088  1.083435
 0.0089  1.085317
 0.0090  1.088186
 0.0091  1.090346
 0.0092  1.092348
 0.0093  1.094182
 0.0094  1.095943
 0.0095  1.097599
 0.0096  1.098968
 0.0097  1.100266
 0.0098  1.104115
 0.0099  1.108033
 0.0100  1.111339
 0.0101  1.114470
 0.0102  1.117557
 0.0103  1.120583
 0.0104  1.123542
 0.0105  1.125979
 0.0106  1.132458
 0.0107  1.138979
 0.0108  1.144957
 0.0109  1.151029
 0.0110  1.157227
 0.0111  1.164045
 0.0112  1.171089
 0.0113  1.184415
 0.0114  1.198261
 0.0115  1.214120
 0.0116  1.233081
 0.0117  1.258070
 0.0118  1.302532
 0.0119  1.438124
 0.0120  1.361647
 0.0121  1.273491
 0.0122  1.234430
 0.0123  1.212400
 0.0124  1.191437
 0.0125  1.173332
 0.0126  1.162949
 0.0127  1.146597
 0.0128  1.139057
 0.0129  1.127064
 0.0130  1.119471
 0.0131  1.109076
 0.0132  1.102009
 0.0133  1.096698
 0.0134  1.087757
 0.0135  1.083004
 0.0136  1.078004
 0.0137  1.070145
 0.0138  1.065710
 0.0139  1.061728
 0.0140  1.055251
 0.0141  1.049662
 0.0142  1.046850
 0.0143  1.042818
 0.0144  1.036794
 0.0145  1.033482
 0.0146  1.030588
 0.0147  1.027203
 0.0148  1.021980
 0.0149  1.017592
 0.0150  1.015146
 0.0151  1.012586
 0.0152  1.009302
 0.0153  1.004538
 0.0154  1.001964
 0.0155  0.999685
 0.0156  0.996972
 0.0157  0.993805
 0.0158  0.988862
 0.0159  0.986445
 0.0160  0.984559
 0.0161  0.982464
 0.0162  0.980057
 0.0163  0.976872
 0.0164  0.973645
 0.0165  0.971670
 0.0166  0.969532
 0.0167  0.967075
 0.0168  0.964186
 0.0169  0.961441
 0.0170  0.958378
 0.0171  0.956793
 0.0172  0.955166
 0.0173  0.953355
 0.0174  0.951334
 0.0175  0.949027
 0.0176  0.945705
 0.0177  0.943010
 0.0178  0.941519
 0.0179  0.940040
 0.0180  0.938469
 0.0181  0.936752
 0.0182  0.934734
 0.0183  0.932180
 0.0184  0.929804
 0.0185  0.928288
 0.0186  0.926551
 0.0187  0.924471
 0.0188  0.923043
 0.0189  0.921260
 0.0190  0.919353
 0.0191  0.916742
 0.0192  0.915103
 0.0193  0.913749
 0.0194  0.912327
 0.0195  0.910833
 0.0196  0.909114
 0.0197  0.907104
 0.0198  0.905601
 0.0199  0.903787
 0.0200  0.901525
 0.0201  0.900230
 0.0202  0.898942
 0.0203  0.897653
 0.0204  0.896251
 0.0205  0.894761
 0.0206  0.893075
 0.0207  0.891039
 0.0208  0.889424
 0.0209  0.887360
 0.0210  0.886328
 0.0211  0.885317
 0.0212  0.884301
 0.0213  0.882977
 0.0214  0.881603
 0.0215  0.880141
 0.0216  0.878564
 0.0217  0.876460
 0.0218  0.874830
 0.0219  0.873009
 0.0220  0.872037
 0.0221  0.871025
 0.0222  0.869973
 0.0223  0.868896
 0.0224  0.867781
 0.0225  0.866404
 0.0226  0.864988
 0.0227  0.863363
 0.0228  0.861615
 0.0229  0.859821
 0.0230  0.858662
 0.0231  0.857733
 0.0232  0.856777
 0.0233  0.855800
 0.0234  0.854786
 0.0235  0.853727
 0.0236  0.852642
 0.0237  0.851275
 0.0238  0.849563
 0.0239  0.847964
 0.0240  0.846608
 0.0241  0.845124
 0.0242  0.844272
 0.0243  0.843422
 0.0244  0.842562
 0.0245  0.841583
 0.0246  0.840575
 0.0247  0.839537
 0.0248  0.838412
 0.0249  0.837184
 0.0250  0.835294
 0.0251  0.834185
 0.0252  0.832914
 0.0253  0.831389
 0.0254  0.830523
 0.0255  0.829761
 0.0256  0.828892
 0.0257  0.827916
 0.0258  0.827043
 0.0259  0.826162
 0.0260  0.825086
 0.0261  0.823818
 0.0262  0.822434
 0.0263  0.821444
 0.0264  0.820381
 0.0265  0.819167
 0.0266  0.817796
 0.0267  0.816973
 0.0268  0.816136
 0.0269  0.815277
 0.0270  0.814393
 0.0271  0.813486
 0.0272  0.812512
 0.0273  0.811465
 0.0274  0.810340
 0.0275  0.809410
 0.0276  0.808468
 0.0277  0.807465
 0.0278  0.806402
 0.0279  0.805102
 0.0280  0.803955
 0.0281  0.803114
 0.0282  0.802287
 0.0283  0.801437
 0.0284  0.800550
 0.0285  0.799613
 0.0286  0.798590
 0.0287  0.797698
 0.0288  0.796941
 0.0289  0.796162
 0.0290  0.795279
 0.0291  0.794344
 0.0292  0.793378
 0.0293  0.792326
 0.0294  0.791019
 0.0295  0.790124
 0.0296  0.789297
 0.0297  0.788459
 0.0298  0.787591
 0.0299  0.786645
 0.0300  0.785887
 0.0301  0.785134
 0.0302  0.784378
 0.0303  0.783665
 0.0304  0.782815
 0.0305  0.781930
 0.0306  0.781026
 0.0307  0.780075
 0.0308  0.779073
 0.0309  0.777871
 0.0310  0.776805
 0.0311  0.776052
 0.0312  0.775262
 0.0313  0.774541
 0.0314  0.773721
 0.0315  0.773019
 0.0316  0.772326
 0.0317  0.771678
 0.0318  0.770913
 0.0319  0.770111
 0.0320  0.769282
 0.0321  0.768442
 0.0322  0.767583
 0.0323  0.766675
 0.0324  0.765665
 0.0325  0.764712
 0.0326  0.763681
 0.0327  0.763007
 0.0328  0.762320
 0.0329  0.761635
 0.0330  0.760953
 0.0331  0.760343
 0.0332  0.759578
 0.0333  0.758802
 0.0334  0.758018
 0.0335  0.757219
 0.0336  0.756377
 0.0337  0.755535
 0.0338  0.754791
 0.0339  0.754060
 0.0340  0.753297
 0.0341  0.752483
 0.0342  0.751569
 0.0343  0.750542
 0.0344  0.749905
 0.0345  0.749325
 0.0346  0.748627
 0.0347  0.747922
 0.0348  0.747198
 0.0349  0.746401
 0.0350  0.745718
 0.0351  0.745044
 0.0352  0.744348
 0.0353  0.743649
 0.0354  0.742952
 0.0355  0.742239
 0.0356  0.741526
 0.0357  0.740815
 0.0358  0.740121
 0.0359  0.739327
 0.0360  0.738400
 0.0361  0.737422
 0.0362  0.736676
 0.0363  0.736033
 0.0364  0.735382
 0.0365  0.734720
 0.0366  0.734054
 0.0367  0.733495
 0.0368  0.732852
 0.0369  0.732205
 0.0370  0.731562
 0.0371  0.730933
 0.0372  0.730212
 0.0373  0.729506
 0.0374  0.728776
 0.0375  0.728015
 0.0376  0.727319
 0.0377  0.726591
 0.0378  0.725836
 0.0379  0.724920
 0.0380  0.724227
 0.0381  0.723633
 0.0382  0.723033
 0.0383  0.722446
 0.0384  0.721922
 0.0385  0.721268
 0.0386  0.720595
 0.0387  0.719874
 0.0388  0.719205
 0.0389  0.718563
 0.0390  0.717911
 0.0391  0.717258
 0.0392  0.716610
 0.0393  0.715949
 0.0394  0.715294
 0.0395  0.714679
 0.0396  0.714067
 0.0397  0.713428
 0.0398  0.712616
 0.0399  0.711696
 0.0400  0.710980
