-0.400  0.000000
-0.399  0.000000
-0.398  0.000000
-0.397  0.000000
-0.396  0.000000
-0.395  0.000000
-0.394  0.000000
-0.393  0.000000
-0.392  0.000000
-0.391  0.000000
-0.390  0.000000
-0.389  0.000000
-0.388  0.000000
-0.387  0.000000
-0.386  0.000000
-0.385  0.000000
-0.384  0.000000
-0.383  0.000000
-0.382  0.000000
-0.381  0.000000
-0.380  0.000000
-0.379  0.000000
-0.378  0.000000
-0.377  0.000000
-0.376  0.000000
-0.375  0.000000
-0.374  0.000000
-0.373  0.000000
-0.372  0.000000
-0.371  0.000000
-0.370  0.000000
-0.369  0.000000
-0.368  0.000000
-0.367  0.000000
-0.366  0.000000
-0.365  0.000000
-0.364  0.000000
-0.363  0.000000
-0.362  0.000000
-0.361  0.000000
-0.360  0.000000
-0.359  0.000000
-0.358  0.000000
-0.357  0.000000
-0.356  0.000000
-0.355  0.000000
-0.354  0.000000
-0.353  0.000000
-0.352  0.000000
-0.351  0.000000
-0.350  0.000000
-0.349  0.000000
-0.348  0.000000
-0.347  0.000000
-0.346  0.000000
-0.345  0.000000
-0.344  0.000000
-0.343  0.000000
-0.342  0.000000
-0.341  0.000000
-0.340  0.000000
-0.339  0.000000
-0.338  0.000000
-0.337  0.000000
-0.336  0.000000
-0.335  0.000000
-0.334  0.000000
-0.333  0.000000
-0.332  0.000000
-0.331  0.000000
-0.330  0.000000
-0.329  0.000000
-0.328  0.000000
-0.327  0.000000
-0.326  0.000000
-0.325  0.000000
-0.324  0.000000
-0.323  0.000000
-0.322  0.000000
-0.321  0.000000
-0.320  0.000000
-0.319  0.000000
-0.318  0.000000
-0.317  0.000000
-0.316  0.000000
-0.315  0.000000
-0.314  0.000000
-0.313  0.000000
-0.312  0.000000
-0.311  0.000000
-0.310  0.000000
-0.309  0.000000
-0.308  0.000000
-0.307  0.000000
-0.306  0.000000
-0.305  0.000000
-0.304  0.000000
-0.303  0.000000
-0.302  0.000000
-0.301  0.000000
-0.300  0.000000
-0.299  0.000000
-0.298  0.000000
-0.297  0.000000
-0.296  0.000000
-0.295  0.000000
-0.294  0.000000
-0.293  0.000000
-0.292  0.000000
-0.291  0.000000
-0.290  0.000000
-0.289  0.000000
-0.288  0.000000
-0.287  0.000000
-0.286  0.000000
-0.285  0.000000
-0.284  0.000000
-0.283  0.000000
-0.282  0.000000
-0.281  0.000000
-0.280  0.000000
-0.279  0.000000
-0.278  0.000000
-0.277  0.000000
-0.276  0.000000
-0.275  0.000000
-0.274  0.000000
-0.273  0.000000
-0.272  0.000000
-0.271  0.000000
-0.270  0.000000
-0.269  0.000000
-0.268  0.000000
-0.267  0.000000
-0.266  0.000000
-0.265  0.000000
-0.264  0.000000
-0.263  0.000000
-0.262  0.000000
-0.261  0.000000
-0.260  0.000000
-0.259  0.000000
-0.258  0.000000
-0.257  0.000000
-0.256  1.205302
-0.255  0.748173
-0.254  0.593383
-0.253  0.507277
-0.252  1.331921
-0.251  1.468641
-0.250  1.250665
-0.249  0.835308
-0.248  1.376069
-0.247  1.472217
-0.246  1.268715
-0.245  1.194350
-0.244  1.149491
-0.243  1.115804
-0.242  1.092894
-0.241  1.074639
-0.240  1.058135
-0.239  1.376100
-0.238  1.314629
-0.237  1.317990
-0.236  1.316399
-0.235  1.349081
-0.234  1.357917
-0.233  1.367569
-0.232  1.378172
-0.231  1.384139
-0.230  1.396071
-0.229  1.402754
-0.228  1.413188
-0.227  1.423825
-0.226  1.431212
-0.225  1.442041
-0.224  1.453366
-0.223  1.463239
-0.222  1.472442
-0.221  1.482609
-0.220  1.495293
-0.219  1.508559
-0.218  1.517610
-0.217  1.527488
-0.216  1.540768
-0.215  1.552173
-0.214  1.564991
-0.213  1.577686
-0.212  1.591704
-0.211  1.605218
-0.210  1.618756
-0.209  1.632480
-0.208  1.647508
-0.207  1.661798
-0.206  1.677875
-0.205  1.693340
-0.204  1.709670
-0.203  1.725854
-0.202  1.743499
-0.201  1.762101
-0.200  1.779567
-0.199  1.797956
-0.198  1.817955
-0.197  1.838864
-0.196  1.859614
-0.195  1.880160
-0.194  1.903672
-0.193  1.927265
-0.192  1.951375
-0.191  1.977468
-0.190  2.003771
-0.189  2.031124
-0.188  2.060334
-0.187  2.090383
-0.186  2.122418
-0.185  2.156510
-0.184  2.192386
-0.183  2.229475
-0.182  2.270869
-0.181  2.313039
-0.180  2.358802
-0.179  2.407343
-0.178  2.460259
-0.177  2.516820
-0.176  2.580275
-0.175  2.648945
-0.174  2.725520
-0.173  2.809620
-0.172  2.907460
-0.171  3.019286
-0.170  3.149048
-0.169  3.309917
-0.168  3.510807
-0.167  3.793659
-0.166  4.245678
-0.165  5.615679
-0.164  4.547135
-0.163  3.997885
-0.162  3.704772
-0.161  3.500090
-0.160  3.346569
-0.159  3.222643
-0.158  3.115186
-0.157  3.030747
-0.156  2.951753
-0.155  2.886008
-0.154  2.827119
-0.153  2.770289
-0.152  2.722808
-0.151  2.677478
-0.150  2.634792
-0.149  2.595969
-0.148  2.560809
-0.147  2.527442
-0.146  2.496945
-0.145  2.466221
-0.144  2.437665
-0.143  2.413301
-0.142  2.386620
-0.141  2.363431
-0.140  2.340806
-0.139  2.321156
-0.138  2.300468
-0.137  2.282764
-0.136  2.261501
-0.135  2.245331
-0.134  2.228892
-0.133  2.214091
-0.132  2.197222
-0.131  2.183386
-0.130  2.170258
-0.129  2.156654
-0.128  2.143469
-0.127  2.129589
-0.126  2.118571
-0.125  2.109479
-0.124  2.094670
-0.123  2.087136
-0.122  2.078369
-0.121  2.067053
-0.120  2.058802
-0.119  2.050000
-0.118  2.041200
-0.117  2.034534
-0.116  2.027742
-0.115  2.018730
-0.114  2.012479
-0.113  2.007337
-0.112  1.991681
-0.111  1.994433
-0.110  1.995973
-0.109  1.986044
-0.108  1.973419
-0.107  1.964234
-0.106  1.969045
-0.105  1.964291
-0.104  1.962849
-0.103  1.961161
-0.102  1.957019
-0.101  1.954807
-0.100  1.951590
-0.099  1.950678
-0.098  1.947829
-0.097  1.947959
-0.096  1.947308
-0.095  1.947594
-0.094  1.946235
-0.093  1.948962
-0.092  1.949266
-0.091  1.953717
-0.090  1.952442
-0.089  1.963393
-0.088  1.887581
-0.087  1.907809
-0.086  1.936611
-0.085  1.970417
-0.084  2.039667
-0.083  2.005287
-0.082  2.012962
-0.081  2.020292
-0.080  2.032049
-0.079  2.048106
-0.078  2.069419
-0.077  2.092153
-0.076  2.125752
-0.075  2.172066
-0.074  2.237240
-0.073  2.372213
-0.072  2.548577
-0.071  2.291597
-0.070  2.182427
-0.069  2.120850
-0.068  2.072424
-0.067  2.032762
-0.066  2.000835
-0.065  1.973270
-0.064  1.947307
-0.063  1.924786
-0.062  1.905656
-0.061  1.886831
-0.060  1.869001
-0.059  1.852775
-0.058  1.838422
-0.057  1.823294
-0.056  1.809071
-0.055  1.796684
-0.054  1.784498
-0.053  1.771269
-0.052  1.760983
-0.051  1.747049
-0.050  1.737412
-0.049  1.729286
-0.048  1.715282
-0.047  1.705079
-0.046  1.702813
-0.045  1.559866
-0.044  1.567202
-0.043  1.575580
-0.042  1.583993
-0.041  1.593764
-0.040  1.603856
-0.039  1.616073
-0.038  1.632960
-0.037  1.649625
-0.036  1.674774
-0.035  1.718459
-0.034  1.820100
-0.033  1.753998
-0.032  1.680955
-0.031  1.639289
-0.030  1.607579
-0.029  1.576455
-0.028  1.551170
-0.027  1.528410
-0.026  1.506982
-0.025  1.485007
-0.024  1.465566
-0.023  1.444672
-0.022  1.522560
-0.021  1.515831
-0.020  1.510806
-0.019  1.506085
-0.018  1.506836
-0.017  1.492812
-0.016  1.487097
-0.015  1.484682
-0.014  1.480994
-0.013  1.448397
-0.012  1.428353
-0.011  1.434827
-0.010  1.439105
-0.009  1.437075
-0.008  1.229625
-0.007  1.254952
-0.006  1.281341
-0.005  1.316912
-0.004  1.364622
-0.003  1.523422
-0.002  1.411636
-0.001  1.405256
 0.000  1.409602
 0.001  1.426005
 0.002  1.444373
 0.003  1.473727
 0.004  1.514758
 0.005  1.573553
 0.006  1.664307
 0.007  1.942053
 0.008  1.756879
 0.009  1.625767
 0.010  1.553833
 0.011  1.499074
 0.012  1.524324
 0.013  1.505183
 0.014  1.451317
 0.015  0.975869
 0.016  0.995350
 0.017  1.020477
 0.018  0.978444
 0.019  1.043926
 0.020  1.180974
 0.021  1.546673
 0.022  0.922924
 0.023  0.789313
 0.024  0.732409
 0.025  0.627566
 0.026  0.618039
 0.027  0.606830
 0.028  0.599780
 0.029  0.589980
 0.030  0.584921
 0.031  0.577101
 0.032  0.572032
 0.033  0.824513
 0.034  0.840264
 0.035  0.857957
 0.036  0.869748
 0.037  0.884889
 0.038  0.902020
 0.039  0.923160
 0.040  0.943184
 0.041  0.965052
 0.042  0.986662
 0.043  1.015723
 0.044  1.046427
 0.045  1.086101
 0.046  1.139346
 0.047  1.265805
 0.048  1.239648
 0.049  1.118903
 0.050  1.065404
 0.051  1.026200
 0.052  0.995415
 0.053  0.970253
 0.054  0.950263
 0.055  1.413331
 0.056  1.529464
 0.057  1.851367
 0.058  1.698064
 0.059  1.532389
 0.060  1.450233
 0.061  1.400108
 0.062  1.360833
 0.063  1.329842
 0.064  1.251508
 0.065  1.236508
 0.066  1.226037
 0.067  1.214951
 0.068  1.209934
 0.069  1.201706
 0.070  1.191447
 0.071  1.189449
 0.072  1.187904
 0.073  1.181564
 0.074  1.181480
 0.075  1.178895
 0.076  1.177609
 0.077  1.178308
 0.078  1.187710
 0.079  1.191533
 0.080  1.208646
 0.081  1.378708
 0.082  1.259540
 0.083  1.133463
 0.084  1.116648
 0.085  1.104229
 0.086  1.109691
 0.087  1.118620
 0.088  1.101423
 0.089  1.096397
 0.090  1.096074
 0.091  0.873087
 0.092  0.884997
 0.093  0.898944
 0.094  0.919052
 0.095  0.933338
 0.096  0.956419
 0.097  0.980652
 0.098  1.009605
 0.099  1.058898
 0.100  1.095180
 0.101  1.342121
 0.102  1.149600
 0.103  1.111379
 0.104  1.090677
 0.105  1.076697
 0.106  1.066487
 0.107  1.057176
 0.108  1.050572
 0.109  1.045376
 0.110  1.038803
 0.111  1.032531
 0.112  1.028864
 0.113  1.023330
 0.114  1.021471
 0.115  1.014245
 0.116  1.010695
 0.117  1.006060
 0.118  1.002851
 0.119  0.999615
 0.120  0.994694
 0.121  0.991256
 0.122  0.987822
 0.123  0.986098
 0.124  0.981699
 0.125  0.976107
 0.126  0.976973
 0.127  0.972054
 0.128  0.931036
 0.129  0.930172
 0.130  0.932167
 0.131  0.932280
 0.132  0.933070
 0.133  0.934875
 0.134  0.933563
 0.135  0.937263
 0.136  0.938504
 0.137  0.939901
 0.138  0.939370
 0.139  0.943277
 0.140  0.948246
 0.141  0.951944
 0.142  0.963302
 0.143  0.995185
 0.144  0.966494
 0.145  0.940099
 0.146  0.925580
 0.147  0.915043
 0.148  0.905961
 0.149  0.898641
 0.150  0.890688
 0.151  0.882906
 0.152  0.897405
 0.153  0.900983
 0.154  0.891243
 0.155  0.894580
 0.156  0.885981
 0.157  0.889830
 0.158  0.882294
 0.159  0.882194
 0.160  0.876091
 0.161  0.876832
 0.162  0.870321
 0.163  0.872637
 0.164  0.866667
 0.165  0.866086
 0.166  0.860743
 0.167  0.861179
 0.168  0.855969
 0.169  0.855852
 0.170  0.850856
 0.171  0.852353
 0.172  0.847043
 0.173  0.844929
 0.174  0.844171
 0.175  0.839556
 0.176  0.838968
 0.177  0.836075
 0.178  0.832353
 0.179  0.829407
 0.180  0.830498
 0.181  0.826366
 0.182  0.822811
 0.183  0.826160
 0.184  0.821230
 0.185  0.817060
 0.186  0.819496
 0.187  0.812105
 0.188  0.813474
 0.189  0.809040
 0.190  0.804323
 0.191  0.808894
 0.192  0.800923
 0.193  0.802958
 0.194  0.798871
 0.195  0.793601
 0.196  0.800582
 0.197  0.789080
 0.198  0.789876
 0.199  0.790075
 0.200  0.784928
 0.201  0.783104
 0.202  0.781680
 0.203  0.763574
 0.204  0.769590
 0.205  0.777758
 0.206  0.785152
 0.207  0.822493
 0.208  0.781889
 0.209  0.768023
 0.210  0.753932
 0.211  0.751749
 0.212  0.740219
 0.213  0.757388
 0.214  0.754055
 0.215  0.770430
 0.216  0.745807
 0.217  0.756069
 0.218  0.743672
 0.219  0.749721
 0.220  0.753173
 0.221  0.730143
 0.222  0.728662
 0.223  0.747596
 0.224  0.763330
 0.225  0.803141
 0.226  0.786955
 0.227  0.751119
 0.228  0.744047
 0.229  0.730696
 0.230  0.713941
 0.231  0.726958
 0.232  0.701824
 0.233  0.675778
 0.234  0.487894
 0.235  0.514921
 0.236  0.550983
 0.237  0.568690
 0.238  0.597614
 0.239  0.664305
 0.240  0.686517
 0.241  0.766463
 0.242  0.972360
 0.243  0.799875
 0.244  0.764452
 0.245  0.746401
 0.246  0.735420
 0.247  0.727803
 0.248  0.721488
 0.249  0.716428
 0.250  0.712525
 0.251  0.708759
 0.252  0.705808
 0.253  0.702667
 0.254  0.699958
 0.255  0.697687
 0.256  0.694890
 0.257  0.692855
 0.258  0.690415
 0.259  0.688538
 0.260  0.686736
 0.261  0.684427
 0.262  0.682458
 0.263  0.681042
 0.264  0.678919
 0.265  0.676947
 0.266  0.675411
 0.267  0.673476
 0.268  0.672144
 0.269  0.670196
 0.270  0.668570
 0.271  0.667079
 0.272  0.665212
 0.273  0.663752
 0.274  0.662008
 0.275  0.660616
 0.276  0.659280
 0.277  0.657328
 0.278  0.655874
 0.279  0.654202
 0.280  0.652936
 0.281  0.651805
 0.282  0.649798
 0.283  0.648352
 0.284  0.647386
 0.285  0.645643
 0.286  0.643950
 0.287  0.642695
 0.288  0.641206
 0.289  0.640148
 0.290  0.638603
 0.291  0.636923
 0.292  0.635804
 0.293  0.634219
 0.294  0.633235
 0.295  0.631722
 0.296  0.630182
 0.297  0.629070
 0.298  0.627427
 0.299  0.626515
 0.300  0.624976
 0.301  0.623602
 0.302  0.622497
 0.303  0.620901
 0.304  0.619981
 0.305  0.618456
 0.306  0.617167
 0.307  0.616027
 0.308  0.614534
 0.309  0.613617
 0.310  0.612163
 0.311  0.610873
 0.312  0.609786
 0.313  0.608315
 0.314  0.607395
 0.315  0.606063
 0.316  0.604686
 0.317  0.603652
 0.318  0.602222
 0.319  0.601445
 0.320  0.600140
 0.321  0.598597
 0.322  0.597602
 0.323  0.596272
 0.324  0.595668
 0.325  0.594371
 0.326  0.592619
 0.327  0.591671
 0.328  0.590444
 0.329  0.589160
 0.330  0.588633
 0.331  0.586738
 0.332  0.585943
 0.333  0.584957
 0.334  0.583745
 0.335  0.582839
 0.336  0.581911
 0.337  0.580377
 0.338  0.579649
 0.339  0.578462
 0.340  0.577157
 0.341  0.576213
 0.342  0.574899
 0.343  0.573502
 0.344  0.573216
 0.345  0.571445
 0.346  0.570671
 0.347  0.569719
 0.348  0.568605
 0.349  0.567806
 0.350  0.566884
 0.351  0.565439
 0.352  0.564903
 0.353  0.563812
 0.354  0.562204
 0.355  0.561330
 0.356  0.560290
 0.357  0.559273
 0.358  0.558688
 0.359  0.557726
 0.360  0.556330
 0.361  0.554943
 0.362  0.554732
 0.363  0.553104
 0.364  0.552348
 0.365  0.551489
 0.366  0.550577
 0.367  0.549766
 0.368  0.548665
 0.369  0.547553
 0.370  0.546205
 0.371  0.546052
 0.372  0.543972
 0.373  0.543749
 0.374  0.541963
 0.375  0.542255
 0.376  0.540614
 0.377  0.540036
 0.378  0.539348
 0.379  0.538525
 0.380  0.537108
 0.381  0.536509
 0.382  0.534597
 0.383  0.534336
 0.384  0.532659
 0.385  0.530619
 0.386  0.529600
 0.387  0.529870
 0.388  0.530345
 0.389  0.532166
 0.390  0.533448
 0.391  0.528517
 0.392  0.525717
 0.393  0.523458
 0.394  0.521183
 0.395  0.524121
 0.396  0.522789
 0.397  0.521995
 0.398  0.521371
 0.399  0.519980
 0.400  0.519453
 0.401  0.518462
 0.402  0.517974
 0.403  0.516074
 0.404  0.516055
 0.405  0.514818
 0.406  0.514702
 0.407  0.513482
 0.408  0.512597
 0.409  0.511040
 0.410  0.511580
 0.411  0.510060
 0.412  0.509222
 0.413  0.507367
 0.414  0.508547
 0.415  0.506686
 0.416  0.505952
 0.417  0.506087
 0.418  0.504199
 0.419  0.503436
 0.420  0.502630
 0.421  0.503234
 0.422  0.500972
 0.423  0.500167
 0.424  0.498793
 0.425  0.498778
 0.426  0.497689
 0.427  0.496939
 0.428  0.498412
 0.429  0.495289
 0.430  0.494527
 0.431  0.494062
 0.432  0.493287
 0.433  0.492114
 0.434  0.491448
 0.435  0.494040
 0.436  0.489783
 0.437  0.489071
 0.438  0.489841
 0.439  0.487470
 0.440  0.486722
 0.441  0.486312
 0.442  0.486024
 0.443  0.484419
 0.444  0.483683
 0.445  0.485109
 0.446  0.482122
 0.447  0.481414
 0.448  0.484232
 0.449  0.479855
 0.450  0.479165
 0.451  0.483949
 0.452  0.477621
 0.453  0.476934
 0.454  0.482242
 0.455  0.475390
 0.456  0.474783
 0.457  0.475020
 0.458  0.473213
 0.459  0.472613
 0.460  0.472765
 0.461  0.471063
 0.462  0.470468
 0.463  0.470544
 0.464  0.468943
 0.465  0.470684
 0.466  0.472785
 0.467  0.466817
 0.468  0.466838
 0.469  0.467102
 0.470  0.464720
 0.471  0.464665
 0.472  0.463341
 0.473  0.469749
 0.474  0.465566
 0.475  0.461246
 0.476  0.461035
 0.477  0.460093
 0.478  0.473520
 0.479  0.459015
 0.480  0.458223
 0.481  0.457456
 0.482  0.456816
 0.483  0.455995
 0.484  0.469634
 0.485  0.454640
 0.486  0.453995
 0.487  0.489469
 0.488  0.452508
 0.489  0.452838
 0.490  0.451090
 0.491  0.451756
 0.492  0.449698
 0.493  0.450633
 0.494  0.448312
 0.495  0.579994
 0.496  0.447084
 0.497  0.462238
 0.498  0.445925
 0.499  0.445600
 0.500  0.444851
 0.501  0.444190
 0.502  0.459373
 0.503  0.443007
 0.504  0.441250
 0.505  0.441830
 0.506  0.448071
 0.507  0.439120
 0.508  0.449467
 0.509  0.438052
 0.510  0.437492
 0.511  0.436855
 0.512  0.440034
 0.513  0.442598
 0.514  0.444262
 0.515  0.447680
 0.516  0.445849
 0.517  0.437740
 0.518  0.434372
 0.519  0.430322
 0.520  0.434317
 0.521  0.436012
 0.522  0.434223
 0.523  0.436280
 0.524  0.404074
 0.525  0.403011
 0.526  0.416192
 0.527  0.426257
 0.528  0.451574
 0.529  0.441524
 0.530  0.435465
 0.531  0.432435
 0.532  0.430794
 0.533  0.429606
 0.534  0.428867
 0.535  0.428113
 0.536  0.427180
 0.537  0.426580
 0.538  0.425951
 0.539  0.425476
 0.540  0.424659
 0.541  0.424061
 0.542  0.423407
 0.543  0.422906
 0.544  0.422437
 0.545  0.422014
 0.546  0.421371
 0.547  0.420795
 0.548  0.420228
 0.549  0.419654
 0.550  0.419081
 0.551  0.418471
 0.552  0.417998
 0.553  0.417802
 0.554  0.416885
 0.555  0.416689
 0.556  0.416613
 0.557  0.415942
 0.558  0.414055
 0.559  0.412841
 0.560  0.321080
 0.561  0.320365
 0.562  0.320559
 0.563  0.319881
 0.564  0.319793
 0.565  0.319155
 0.566  0.321365
 0.567  0.226670
 0.568  0.226629
 0.569  0.226593
 0.570  0.226537
 0.571  0.226489
 0.572  0.226471
 0.573  0.226413
 0.574  0.226362
 0.575  0.226321
 0.576  0.226298
 0.577  0.226245
 0.578  0.226198
 0.579  0.226167
 0.580  0.226136
 0.581  0.226087
 0.582  0.226046
 0.583  0.226035
 0.584  0.225984
 0.585  0.225939
 0.586  0.225908
 0.587  0.225889
 0.588  0.225842
 0.589  0.225803
 0.590  0.225789
 0.591  0.225752
 0.592  0.225710
 0.593  0.225679
 0.594  0.225670
 0.595  0.225625
 0.596  0.225588
 0.597  0.225572
 0.598  0.225548
 0.599  0.225508
 0.600  0.225479
 0.601  0.225478
 0.602  0.225435
 0.603  0.225402
 0.604  0.225387
 0.605  0.225370
 0.606  0.225333
 0.607  0.225308
 0.608  0.225312
 0.609  0.225272
 0.610  0.225242
 0.611  0.225231
 0.612  0.225219
 0.613  0.225185
 0.614  0.225164
 0.615  0.225172
 0.616  0.225136
 0.617  0.225110
 0.618  0.225106
 0.619  0.225094
 0.620  0.225064
 0.621  0.225048
 0.622  0.225058
 0.623  0.225026
 0.624  0.225004
 0.625  0.225014
 0.626  0.224995
 0.627  0.224970
 0.628  0.224961
 0.629  0.224970
 0.630  0.224942
 0.631  0.224927
 0.632  0.224952
 0.633  0.224922
 0.634  0.224903
 0.635  0.224906
 0.636  0.224909
 0.637  0.224886
 0.638  0.224880
 0.639  0.224901
 0.640  0.224877
 0.641  0.224865
 0.642  0.224900
 0.643  0.224874
 0.644  0.224859
 0.645  0.224866
 0.646  0.224877
 0.647  0.224860
 0.648  0.224859
 0.649  0.224887
 0.650  0.224867
 0.651  0.224862
 0.652  0.224903
 0.653  0.224881
 0.654  0.224872
 0.655  0.224891
 0.656  0.224902
 0.657  0.224890
 0.658  0.224900
 0.659  0.224928
 0.660  0.224915
 0.661  0.224919
 0.662  0.224960
 0.663  0.224946
 0.664  0.224946
 0.665  0.224999
 0.666  0.224983
 0.667  0.224981
 0.668  0.225013
 0.669  0.225026
 0.670  0.225023
 0.671  0.225045
 0.672  0.225076
 0.673  0.225071
 0.674  0.225088
 0.675  0.225131
 0.676  0.225125
 0.677  0.225139
 0.678  0.225192
 0.679  0.225185
 0.680  0.225197
 0.681  0.225259
 0.682  0.225252
 0.683  0.225263
 0.684  0.225331
 0.685  0.225324
 0.686  0.225334
 0.687  0.225395
 0.688  0.225403
 0.689  0.225413
 0.690  0.225462
 0.691  0.225488
 0.692  0.225497
 0.693  0.225543
 0.694  0.225578
 0.695  0.225589
 0.696  0.225632
 0.697  0.225675
 0.698  0.225686
 0.699  0.225730
 0.700  0.225777
 0.701  0.225790
 0.702  0.225835
 0.703  0.225886
 0.704  0.225900
 0.705  0.225948
 0.706  0.226001
 0.707  0.226017
 0.708  0.226068
 0.709  0.226122
 0.710  0.226140
 0.711  0.226197
 0.712  0.226249
 0.713  0.226271
 0.714  0.226334
 0.715  0.226383
 0.716  0.226408
 0.717  0.226484
 0.718  0.226523
 0.719  0.226553
 0.720  0.226660
 0.721  0.226671
 0.722  0.226705
 0.723  0.226810
 0.724  0.226825
 0.725  0.226866
 0.726  0.226967
 0.727  0.226987
 0.728  0.227035
 0.729  0.227131
 0.730  0.227156
 0.731  0.227215
 0.732  0.227303
 0.733  0.227334
 0.734  0.227408
 0.735  0.227482
 0.736  0.227520
 0.737  0.227629
 0.738  0.227669
 0.739  0.227717
 0.740  0.227838
 0.741  0.227865
 0.742  0.227925
 0.743  0.228035
 0.744  0.228070
 0.745  0.228149
 0.746  0.228240
 0.747  0.228286
 0.748  0.228416
 0.749  0.228456
 0.750  0.228515
 0.751  0.228644
 0.752  0.228681
 0.753  0.228761
 0.754  0.228870
 0.755  0.228919
 0.756  0.229043
 0.757  0.229106
 0.758  0.229172
 0.759  0.229310
 0.760  0.229355
 0.761  0.229447
 0.762  0.229558
 0.763  0.229619
 0.764  0.229778
 0.765  0.229819
 0.766  0.229903
 0.767  0.230037
 0.768  0.230095
 0.769  0.230230
 0.770  0.230311
 0.771  0.230392
 0.772  0.230543
 0.773  0.230602
 0.774  0.230728
 0.775  0.230831
 0.776  0.230914
 0.777  0.231075
 0.778  0.231137
 0.779  0.231271
 0.780  0.231378
 0.781  0.231469
 0.782  0.231634
 0.783  0.231703
 0.784  0.231861
 0.785  0.231955
 0.786  0.232059
 0.787  0.232222
 0.788  0.232302
 0.789  0.232500
 0.790  0.232564
 0.791  0.232691
 0.792  0.232840
 0.793  0.232938
 0.794  0.233128
 0.795  0.233207
 0.796  0.233403
 0.797  0.233492
 0.798  0.233621
 0.799  0.233789
 0.800  0.233893
 0.801  0.234097
 0.802  0.234184
 0.803  0.234415
 0.804  0.234489
 0.805  0.234640
 0.806  0.234805
 0.807  0.234930
 0.808  0.235131
 0.809  0.235238
 0.810  0.235467
 0.811  0.235561
 0.812  0.235811
 0.813  0.235895
 0.814  0.236073
 0.815  0.236239
 0.816  0.236392
 0.817  0.236592
 0.818  0.236729
 0.819  0.236954
 0.820  0.237079
 0.821  0.237324
 0.822  0.237441
 0.823  0.237701
 0.824  0.237812
 0.825  0.238087
 0.826  0.238192
 0.827  0.238479
 0.828  0.238581
 0.829  0.238831
 0.830  0.238979
 0.831  0.239210
 0.832  0.239385
 0.833  0.239610
 0.834  0.239799
 0.835  0.240025
 0.836  0.240221
 0.837  0.240454
 0.838  0.240651
 0.839  0.240899
 0.840  0.241091
 0.841  0.241367
 0.842  0.241539
 0.843  0.241873
 0.844  0.241997
 0.845  0.242330
 0.846  0.242466
 0.847  0.242795
 0.848  0.242947
 0.849  0.243269
 0.850  0.243442
 0.851  0.243752
 0.852  0.243955
 0.853  0.244247
 0.854  0.244495
 0.855  0.244755
 0.856  0.245116
 0.857  0.245278
 0.858  0.245643
 0.859  0.245823
 0.860  0.246165
 0.861  0.246399
 0.862  0.246704
 0.863  0.247070
 0.864  0.247267
 0.865  0.247651
 0.866  0.247862
 0.867  0.248210
 0.868  0.248532
 0.869  0.248796
 0.870  0.249203
 0.871  0.249428
 0.872  0.249788
 0.873  0.250210
 0.874  0.250413
 0.875  0.250821
 0.876  0.251119
 0.877  0.251449
 0.878  0.251888
 0.879  0.252150
 0.880  0.252522
 0.881  0.252982
 0.882  0.253236
 0.883  0.253630
 0.884  0.254105
 0.885  0.254373
 0.886  0.254771
 0.887  0.255251
 0.888  0.255573
 0.889  0.255953
 0.890  0.256428
 0.891  0.256935
 0.892  0.257187
 0.893  0.257642
 0.894  0.258157
 0.895  0.258546
 0.896  0.258922
 0.897  0.259407
 0.898  0.259941
 0.899  0.260430
 0.900  0.260758
 0.901  0.261242
 0.902  0.261776
 0.903  0.262345
 0.904  0.262811
 0.905  0.263203
 0.906  0.263705
 0.907  0.264249
 0.908  0.264822
 0.909  0.265414
 0.910  0.266020
 0.911  0.266468
 0.912  0.266943
 0.913  0.267481
 0.914  0.268046
 0.915  0.268629
 0.916  0.269225
 0.917  0.269829
 0.918  0.270440
 0.919  0.271058
 0.920  0.271679
 0.921  0.272307
 0.922  0.272946
 0.923  0.273596
 0.924  0.274274
 0.925  0.275004
 0.926  0.275955
 0.927  0.276541
 0.928  0.277139
 0.929  0.277776
 0.930  0.278503
 0.931  0.279583
 0.932  0.280114
 0.933  0.280761
 0.934  0.281949
 0.935  0.282416
 0.936  0.283230
 0.937  0.284098
 0.938  0.284945
 0.939  0.285709
 0.940  0.286879
 0.941  0.287538
 0.942  0.288300
 0.943  0.289220
 0.944  0.290151
 0.945  0.291071
 0.946  0.292692
 0.947  0.293166
 0.948  0.294870
 0.949  0.296131
 0.950  0.296240
 0.951  0.297276
 0.952  0.297459
 0.953  0.000000
 0.954  0.000000
 0.955  0.000000
 0.956  0.000000
 0.957  0.000000
 0.958  0.000000
 0.959  0.000000
 0.960  0.000000
 0.961  0.000000
 0.962  0.000000
 0.963  0.000000
 0.964  0.000000
 0.965  0.000000
 0.966  0.000000
 0.967  0.000000
 0.968  0.000000
 0.969  0.000000
 0.970  0.000000
 0.971  0.000000
 0.972  0.000000
 0.973  0.000000
 0.974  0.000000
 0.975  0.000000
 0.976  0.000000
 0.977  0.000000
 0.978  0.000000
 0.979  0.000000
 0.980  0.000000
 0.981  0.000000
 0.982  0.000000
 0.983  0.000000
 0.984  0.000000
 0.985  0.000000
 0.986  0.000000
 0.987  0.000000
 0.988  0.000000
 0.989  0.000000
 0.990  0.000000
 0.991  0.000000
 0.992  0.000000
 0.993  0.000000
 0.994  0.000000
 0.995  0.000000
 0.996  0.000000
 0.997  0.000000
 0.998  0.000000
 0.999  0.000000
 1.000  0.000000
