-0.0400  1.180541
-0.0399  1.178123
-0.0398  1.175503
-0.0397  1.172879
-0.0396  1.169926
-0.0395  1.166442
-0.0394  1.162056
-0.0393  1.159983
-0.0392  1.157870
-0.0391  1.155488
-0.0390  1.153506
-0.0389  1.150947
-0.0388  1.148289
-0.0387  1.144499
-0.0386  1.142756
-0.0385  1.141146
-0.0384  1.139282
-0.0383  1.137287
-0.0382  1.135227
-0.0381  1.133010
-0.0380  1.130528
-0.0379  1.127030
-0.0378  1.125543
-0.0377  1.124018
-0.0376  1.122630
-0.0375  1.121146
-0.0374  1.119540
-0.0373  1.117867
-0.0372  1.116087
-0.0371  1.113870
-0.0370  1.111587
-0.0369  1.110131
-0.0368  1.108579
-0.0367  1.106957
-0.0366  1.105320
-0.0365  1.104094
-0.0364  1.102648
-0.0363  1.101146
-0.0362  1.099180
-0.0361  1.097147
-0.0360  1.095918
-0.0359  1.094602
-0.0358  1.093233
-0.0357  1.091851
-0.0356  1.090486
-0.0355  1.088818
-0.0354  1.087359
-0.0353  1.086173
-0.0352  1.084460
-0.0351  1.083449
-0.0350  1.082390
-0.0349  1.081312
-0.0348  1.080020
-0.0347  1.078740
-0.0346  1.077568
-0.0345  1.076250
-0.0344  1.074691
-0.0343  1.072862
-0.0342  1.071766
-0.0341  1.071052
-0.0340  1.070025
-0.0339  1.068792
-0.0338  1.067771
-0.0337  1.066730
-0.0336  1.065627
-0.0335  1.064353
-0.0334  1.062981
-0.0333  1.061278
-0.0332  1.059968
-0.0331  1.058984
-0.0330  1.058526
-0.0329  1.057806
-0.0328  1.056865
-0.0327  1.055862
-0.0326  1.054810
-0.0325  1.053666
-0.0324  1.052368
-0.0323  1.050880
-0.0322  1.049323
-0.0321  1.048309
-0.0320  1.047264
-0.0319  1.046557
-0.0318  1.046338
-0.0317  1.045516
-0.0316  1.044591
-0.0315  1.043557
-0.0314  1.042406
-0.0313  1.041559
-0.0312  1.040409
-0.0311  1.039275
-0.0310  1.038159
-0.0309  1.036989
-0.0308  1.035904
-0.0307  1.035570
-0.0306  1.034407
-0.0305  1.033705
-0.0304  1.033071
-0.0303  1.031877
-0.0302  1.030782
-0.0301  1.029374
-0.0300  1.028022
-0.0299  1.027146
-0.0298  1.026210
-0.0297  1.025203
-0.0296  1.026065
-0.0295  1.025437
-0.0294  1.024753
-0.0293  1.023037
-0.0292  1.021373
-0.0291  1.020503
-0.0290  1.019441
-0.0289  1.020532
-0.0288  1.018183
-0.0287  1.018723
-0.0286  1.015289
-0.0285  1.012165
-0.0284  1.025858
-0.0283  1.014902
-0.0282  0.977426
-0.0281  0.941949
-0.0280  0.942798
-0.0279  0.943661
-0.0278  0.944599
-0.0277  0.945308
-0.0276  0.945977
-0.0275  0.947555
-0.0274  0.948732
-0.0273  0.949695
-0.0272  0.950563
-0.0271  0.951390
-0.0270  0.952184
-0.0269  0.952942
-0.0268  0.953684
-0.0267  0.954407
-0.0266  0.955199
-0.0265  0.956779
-0.0264  0.958152
-0.0263  0.959316
-0.0262  0.960435
-0.0261  0.961789
-0.0260  0.962821
-0.0259  0.963712
-0.0258  0.964534
-0.0257  0.965316
-0.0256  0.966044
-0.0255  0.967843
-0.0254  0.969147
-0.0253  0.970319
-0.0252  0.971390
-0.0251  0.972319
-0.0250  0.973220
-0.0249  0.974172
-0.0248  0.975067
-0.0247  0.975921
-0.0246  0.976973
-0.0245  0.979245
-0.0244  0.981144
-0.0243  0.982347
-0.0242  0.983579
-0.0241  0.984751
-0.0240  0.985728
-0.0239  0.986718
-0.0238  0.987718
-0.0237  0.988713
-0.0236  0.991252
-0.0235  0.992716
-0.0234  0.994160
-0.0233  0.995440
-0.0232  0.996627
-0.0231  0.997823
-0.0230  0.999021
-0.0229  1.000148
-0.0228  1.001287
-0.0227  1.004478
-0.0226  1.006365
-0.0225  1.007789
-0.0224  1.009125
-0.0223  1.010459
-0.0222  1.011687
-0.0221  1.012861
-0.0220  1.014014
-0.0219  1.016693
-0.0218  1.018934
-0.0217  1.020800
-0.0216  1.022465
-0.0215  1.023966
-0.0214  1.025448
-0.0213  1.026918
-0.0212  1.028345
-0.0211  1.113637
-0.0210  1.120695
-0.0209  1.137152
-0.0208  1.135929
-0.0207  1.136561
-0.0206  1.142942
-0.0205  1.150031
-0.0204  1.157429
-0.0203  1.162399
-0.0202  1.166959
-0.0201  1.172702
-0.0200  1.178342
-0.0199  1.184128
-0.0198  1.190663
-0.0197  1.197155
-0.0196  1.204926
-0.0195  1.211401
-0.0194  1.217685
-0.0193  1.224179
-0.0192  1.231070
-0.0191  1.238457
-0.0190  1.247312
-0.0189  1.256084
-0.0188  1.262459
-0.0187  1.269194
-0.0186  1.277631
-0.0185  1.286410
-0.0184  1.297307
-0.0183  1.307294
-0.0182  1.315768
-0.0181  1.323847
-0.0180  1.336365
-0.0179  1.347558
-0.0178  1.362561
-0.0177  1.373172
-0.0176  1.383715
-0.0175  1.398109
-0.0174  1.417066
-0.0173  1.432535
-0.0172  1.444810
-0.0171  1.466414
-0.0170  1.491772
-0.0169  1.511617
-0.0168  1.535319
-0.0167  1.578680
-0.0166  1.609579
-0.0165  1.661663
-0.0164  1.743116
-0.0163  1.944756
-0.0162  1.872387
-0.0161  1.739139
-0.0160  1.686111
-0.0159  1.639954
-0.0158  1.607627
-0.0157  1.581760
-0.0156  1.564354
-0.0155  1.544420
-0.0154  1.532539
-0.0153  1.518681
-0.0152  1.509742
-0.0151  1.500623
-0.0150  1.491141
-0.0149  1.481622
-0.0148  1.475440
-0.0147  1.469231
-0.0146  1.464862
-0.0145  1.460835
-0.0144  1.456649
-0.0143  1.451396
-0.0142  1.445844
-0.0141  1.441792
-0.0140  1.438415
-0.0139  1.435431
-0.0138  1.432410
-0.0137  1.429398
-0.0136  1.426352
-0.0135  1.423113
-0.0134  1.421161
-0.0133  1.419151
-0.0132  1.417174
-0.0131  1.415190
-0.0130  1.413366
-0.0129  1.412402
-0.0128  1.412048
-0.0127  1.410694
-0.0126  1.409112
-0.0125  1.407895
-0.0124  1.406622
-0.0123  1.405153
-0.0122  1.403906
-0.0121  1.402866
-0.0120  1.402406
-0.0119  1.401586
-0.0118  1.400245
-0.0117  1.399463
-0.0116  1.398857
-0.0115  1.398407
-0.0114  1.398006
-0.0113  1.398536
-0.0112  1.398574
-0.0111  1.398757
-0.0110  1.397478
-0.0109  1.396525
-0.0108  1.396246
-0.0107  1.396558
-0.0106  1.398652
-0.0105  1.397360
-0.0104  1.396346
-0.0103  1.395566
-0.0102  1.395239
-0.0101  1.394990
-0.0100  1.396012
-0.0099  1.397744
-0.0098  1.397343
-0.0097  1.396582
-0.0096  1.396124
-0.0095  1.396646
-0.0094  1.398843
-0.0093  1.400276
-0.0092  1.398549
-0.0091  1.397611
-0.0090  1.398083
-0.0089  1.398931
-0.0088  1.402509
-0.0087  1.400940
-0.0086  1.399975
-0.0085  1.399327
-0.0084  1.400442
-0.0083  1.403993
-0.0082  1.402258
-0.0081  1.401439
-0.0080  1.401522
-0.0079  1.407911
-0.0078  1.405841
-0.0077  1.403592
-0.0076  1.403640
-0.0075  1.410814
-0.0074  1.405720
-0.0073  1.404426
-0.0072  1.414419
-0.0071  1.408367
-0.0070  1.406729
-0.0069  1.414436
-0.0068  1.405966
-0.0067  1.413417
-0.0066  1.432876
-0.0065  1.376481
-0.0064  1.186099
-0.0063  1.187303
-0.0062  1.188340
-0.0061  1.188775
-0.0060  1.189054
-0.0059  1.189221
-0.0058  1.189438
-0.0057  1.190177
-0.0056  1.191979
-0.0055  1.193720
-0.0054  1.194003
-0.0053  1.194044
-0.0052  1.194062
-0.0051  1.194136
-0.0050  1.194250
-0.0049  1.194579
-0.0048  1.197176
-0.0047  1.197633
-0.0046  1.197609
-0.0045  1.197659
-0.0044  1.197625
-0.0043  1.197546
-0.0042  1.197523
-0.0041  1.198308
-0.0040  1.200840
-0.0039  1.201114
-0.0038  1.201017
-0.0037  1.200741
-0.0036  1.200533
-0.0035  1.200530
-0.0034  1.200629
-0.0033  1.202240
-0.0032  1.202069
-0.0031  1.201431
-0.0030  1.201250
-0.0029  1.201011
-0.0028  1.200797
-0.0027  1.200655
-0.0026  1.200689
-0.0025  1.201330
-0.0024  1.201464
-0.0023  1.201347
-0.0022  1.201011
-0.0021  1.200555
-0.0020  1.200027
-0.0019  1.200257
-0.0018  1.200356
-0.0017  1.200030
-0.0016  1.199181
-0.0015  1.198184
-0.0014  1.197903
-0.0013  1.197531
-0.0012  1.197185
-0.0011  1.196318
-0.0010  1.195849
-0.0009  1.195913
-0.0008  1.195657
-0.0007  1.195104
-0.0006  1.193879
-0.0005  1.193045
-0.0004  1.192902
-0.0003  1.192524
-0.0002  1.191572
-0.0001  1.189683
 0.0000  1.189024
 0.0001  1.188440
 0.0002  1.187703
 0.0003  1.186582
 0.0004  1.184516
 0.0005  1.184645
 0.0006  1.184323
 0.0007  1.183732
 0.0008  1.182567
 0.0009  1.180544
 0.0010  1.180220
 0.0011  1.179871
 0.0012  1.178892
 0.0013  1.177505
 0.0014  1.175677
 0.0015  1.175121
 0.0016  1.174227
 0.0017  1.173126
 0.0018  1.171328
 0.0019  1.170454
 0.0020  1.170175
 0.0021  1.169559
 0.0022  1.168587
 0.0023  1.166142
 0.0024  1.165252
 0.0025  1.164669
 0.0026  1.163797
 0.0027  1.162414
 0.0028  1.159695
 0.0029  1.159107
 0.0030  1.158465
 0.0031  1.157459
 0.0032  1.156873
 0.0033  1.154625
 0.0034  1.154532
 0.0035  1.153933
 0.0036  1.153090
 0.0037  1.151765
 0.0038  1.149093
 0.0039  1.148691
 0.0040  1.148226
 0.0041  1.147436
 0.0042  1.146080
 0.0043  1.143304
 0.0044  1.142940
 0.0045  1.143333
 0.0046  1.143005
 0.0047  1.142198
 0.0048  1.139837
 0.0049  1.139643
 0.0050  1.139248
 0.0051  1.138625
 0.0052  1.137601
 0.0053  1.135569
 0.0054  1.134350
 0.0055  1.133934
 0.0056  1.133203
 0.0057  1.133066
 0.0058  1.132614
 0.0059  1.130868
 0.0060  1.130999
 0.0061  1.130949
 0.0062  1.130535
 0.0063  1.129720
 0.0064  1.127538
 0.0065  1.127414
 0.0066  1.127382
 0.0067  1.126826
 0.0068  1.126311
 0.0069  1.126703
 0.0070  1.125658
 0.0071  1.126155
 0.0072  1.126461
 0.0073  1.126454
 0.0074  1.126134
 0.0075  1.124681
 0.0076  1.124107
 0.0077  1.124382
 0.0078  1.124229
 0.0079  1.124732
 0.0080  1.125907
 0.0081  1.125070
 0.0082  1.125829
 0.0083  1.126753
 0.0084  1.127264
 0.0085  1.127580
 0.0086  1.127455
 0.0087  1.126095
 0.0088  1.126528
 0.0089  1.128024
 0.0090  1.130617
 0.0091  1.132044
 0.0092  1.132964
 0.0093  1.132638
 0.0094  1.133661
 0.0095  1.135115
 0.0096  1.136429
 0.0097  1.137532
 0.0098  1.139711
 0.0099  1.142841
 0.0100  1.144554
 0.0101  1.147192
 0.0102  1.149651
 0.0103  1.151931
 0.0104  1.153948
 0.0105  1.155814
 0.0106  1.157394
 0.0107  1.164234
 0.0108  1.169253
 0.0109  1.173874
 0.0110  1.178286
 0.0111  1.182335
 0.0112  1.186168
 0.0113  1.190392
 0.0114  1.201673
 0.0115  1.211062
 0.0116  1.220165
 0.0117  1.229576
 0.0118  1.239815
 0.0119  1.250301
 0.0120  1.272765
 0.0121  1.295563
 0.0122  1.323538
 0.0123  1.360434
 0.0124  1.419922
 0.0125  1.618735
 0.0126  1.516925
 0.0127  1.355286
 0.0128  1.309660
 0.0129  1.263379
 0.0130  1.231599
 0.0131  1.213624
 0.0132  1.192605
 0.0133  1.170000
 0.0134  1.157780
 0.0135  1.142339
 0.0136  1.132127
 0.0137  1.119569
 0.0138  1.111765
 0.0139  1.098962
 0.0140  1.092951
 0.0141  1.082584
 0.0142  1.074941
 0.0143  1.069859
 0.0144  1.062642
 0.0145  1.055025
 0.0146  1.050537
 0.0147  1.044816
 0.0148  1.035574
 0.0149  1.031530
 0.0150  1.027817
 0.0151  1.023218
 0.0152  1.015895
 0.0153  1.013005
 0.0154  1.009583
 0.0155  1.005535
 0.0156  0.998738
 0.0157  0.994353
 0.0158  0.991521
 0.0159  0.988635
 0.0160  0.985145
 0.0161  0.980489
 0.0162  0.976124
 0.0163  0.973329
 0.0164  0.969908
 0.0165  0.966940
 0.0166  0.963879
 0.0167  0.959192
 0.0168  0.956640
 0.0169  0.954445
 0.0170  0.951749
 0.0171  0.948811
 0.0172  0.945295
 0.0173  0.941092
 0.0174  0.937592
 0.0175  0.935803
 0.0176  0.933965
 0.0177  0.931866
 0.0178  0.929642
 0.0179  0.927079
 0.0180  0.924026
 0.0181  0.919491
 0.0182  0.917610
 0.0183  0.915916
 0.0184  0.914093
 0.0185  0.912210
 0.0186  0.910141
 0.0187  0.907872
 0.0188  0.905009
 0.0189  0.901509
 0.0190  0.899082
 0.0191  0.897745
 0.0192  0.896319
 0.0193  0.894862
 0.0194  0.892646
 0.0195  0.890705
 0.0196  0.888545
 0.0197  0.885906
 0.0198  0.882948
 0.0199  0.880564
 0.0200  0.879280
 0.0201  0.877944
 0.0202  0.876509
 0.0203  0.874991
 0.0204  0.873484
 0.0205  0.871792
 0.0206  0.869065
 0.0207  0.865976
 0.0208  0.863612
 0.0209  0.862170
 0.0210  0.861100
 0.0211  0.860010
 0.0212  0.858851
 0.0213  0.857537
 0.0214  0.856148
 0.0215  0.854641
 0.0216  0.852976
 0.0217  0.850978
 0.0218  0.846644
 0.0219  0.845584
 0.0220  0.844517
 0.0221  0.843433
 0.0222  0.842291
 0.0223  0.841110
 0.0224  0.839893
 0.0225  0.838598
 0.0226  0.837243
 0.0227  0.835809
 0.0228  0.833931
 0.0229  0.831262
 0.0230  0.829002
 0.0231  0.827914
 0.0232  0.826833
 0.0233  0.825765
 0.0234  0.824654
 0.0235  0.823524
 0.0236  0.822336
 0.0237  0.821174
 0.0238  0.819833
 0.0239  0.818318
 0.0240  0.816786
 0.0241  0.815271
 0.0242  0.813321
 0.0243  0.811917
 0.0244  0.810927
 0.0245  0.809895
 0.0246  0.808828
 0.0247  0.807736
 0.0248  0.806598
 0.0249  0.805396
 0.0250  0.804168
 0.0251  0.802927
 0.0252  0.801677
 0.0253  0.800408
 0.0254  0.799056
 0.0255  0.797479
 0.0256  0.795822
 0.0257  0.794844
 0.0258  0.793820
 0.0259  0.792761
 0.0260  0.791587
 0.0261  0.790537
 0.0262  0.789462
 0.0263  0.788386
 0.0264  0.787318
 0.0265  0.786259
 0.0266  0.785181
 0.0267  0.784026
 0.0268  0.782838
 0.0269  0.781698
 0.0270  0.780445
 0.0271  0.779044
 0.0272  0.778103
 0.0273  0.777154
 0.0274  0.776208
 0.0275  0.775251
 0.0276  0.774279
 0.0277  0.773292
 0.0278  0.772290
 0.0279  0.771251
 0.0280  0.770098
 0.0281  0.769126
 0.0282  0.768135
 0.0283  0.767147
 0.0284  0.766125
 0.0285  0.765133
 0.0286  0.763804
 0.0287  0.762435
 0.0288  0.761498
 0.0289  0.760560
 0.0290  0.759634
 0.0291  0.758713
 0.0292  0.757762
 0.0293  0.756751
 0.0294  0.756022
 0.0295  0.755175
 0.0296  0.754329
 0.0297  0.753480
 0.0298  0.752627
 0.0299  0.751818
 0.0300  0.750845
 0.0301  0.749853
 0.0302  0.748779
 0.0303  0.747513
 0.0304  0.746389
 0.0305  0.745505
 0.0306  0.744615
 0.0307  0.743828
 0.0308  0.743040
 0.0309  0.742253
 0.0310  0.741453
 0.0311  0.740657
 0.0312  0.739903
 0.0313  0.739087
 0.0314  0.738195
 0.0315  0.737295
 0.0316  0.736380
 0.0317  0.735427
 0.0318  0.734322
 0.0319  0.733351
 0.0320  0.732398
 0.0321  0.731233
 0.0322  0.730458
 0.0323  0.729786
 0.0324  0.729112
 0.0325  0.728464
 0.0326  0.727771
 0.0327  0.726992
 0.0328  0.726204
 0.0329  0.725411
 0.0330  0.724600
 0.0331  0.723707
 0.0332  0.722935
 0.0333  0.722175
 0.0334  0.721401
 0.0335  0.720625
 0.0336  0.719836
 0.0337  0.719035
 0.0338  0.718269
 0.0339  0.717363
 0.0340  0.716234
 0.0341  0.715416
 0.0342  0.714662
 0.0343  0.713887
 0.0344  0.713014
 0.0345  0.712271
 0.0346  0.711528
 0.0347  0.710786
 0.0348  0.710089
 0.0349  0.709398
 0.0350  0.708770
 0.0351  0.708221
 0.0352  0.707492
 0.0353  0.706744
 0.0354  0.705989
 0.0355  0.705217
 0.0356  0.704425
 0.0357  0.703561
 0.0358  0.702799
 0.0359  0.701964
 0.0360  0.700964
 0.0361  0.700333
 0.0362  0.699716
 0.0363  0.699124
 0.0364  0.698436
 0.0365  0.697747
 0.0366  0.697053
 0.0367  0.696347
 0.0368  0.695627
 0.0369  0.694892
 0.0370  0.694110
 0.0371  0.693433
 0.0372  0.692746
 0.0373  0.692063
 0.0374  0.691392
 0.0375  0.690678
 0.0376  0.689882
 0.0377  0.689144
 0.0378  0.688431
 0.0379  0.687697
 0.0380  0.686903
 0.0381  0.686056
 0.0382  0.685418
 0.0383  0.684718
 0.0384  0.684118
 0.0385  0.683526
 0.0386  0.682964
 0.0387  0.682330
 0.0388  0.681693
 0.0389  0.681049
 0.0390  0.680401
 0.0391  0.679741
 0.0392  0.679076
 0.0393  0.678411
 0.0394  0.677731
 0.0395  0.677029
 0.0396  0.676294
 0.0397  0.675659
 0.0398  0.674971
 0.0399  0.674274
 0.0400  0.673558
