-0.0400  1.603856
-0.0399  1.604997
-0.0398  1.607141
-0.0397  1.608796
-0.0396  1.610221
-0.0395  1.611469
-0.0394  1.612527
-0.0393  1.613468
-0.0392  1.614293
-0.0391  1.614994
-0.0390  1.616073
-0.0389  1.618072
-0.0388  1.619596
-0.0387  1.621149
-0.0386  1.622262
-0.0385  1.623229
-0.0384  1.625394
-0.0383  1.627078
-0.0382  1.628471
-0.0381  1.631031
-0.0380  1.632960
-0.0379  1.634420
-0.0378  1.636081
-0.0377  1.637770
-0.0376  1.639109
-0.0375  1.640361
-0.0374  1.641321
-0.0373  1.644025
-0.0372  1.646058
-0.0371  1.647795
-0.0370  1.649625
-0.0369  1.651691
-0.0368  1.654852
-0.0367  1.657082
-0.0366  1.659359
-0.0365  1.663392
-0.0364  1.666348
-0.0363  1.668940
-0.0362  1.670960
-0.0361  1.672884
-0.0360  1.674774
-0.0359  1.676669
-0.0358  1.680194
-0.0357  1.684046
-0.0356  1.687171
-0.0355  1.693141
-0.0354  1.698240
-0.0353  1.702439
-0.0352  1.706248
-0.0351  1.712796
-0.0350  1.718459
-0.0349  1.722951
-0.0348  1.727321
-0.0347  1.731256
-0.0346  1.734711
-0.0345  1.751728
-0.0344  1.765236
-0.0343  1.775818
-0.0342  1.785580
-0.0341  1.794562
-0.0340  1.820100
-0.0339  1.857286
-0.0338  1.902275
-0.0337  2.061558
-0.0336  1.877747
-0.0335  1.856807
-0.0334  1.821026
-0.0333  1.790756
-0.0332  1.781863
-0.0331  1.768307
-0.0330  1.753998
-0.0329  1.744899
-0.0328  1.732689
-0.0327  1.724590
-0.0326  1.717751
-0.0325  1.712854
-0.0324  1.707078
-0.0323  1.699889
-0.0322  1.692266
-0.0321  1.688287
-0.0320  1.680955
-0.0319  1.674887
-0.0318  1.668463
-0.0317  1.664655
-0.0316  1.662127
-0.0315  1.659194
-0.0314  1.656384
-0.0313  1.649613
-0.0312  1.645972
-0.0311  1.642618
-0.0310  1.639289
-0.0309  1.634835
-0.0308  1.629342
-0.0307  1.627270
-0.0306  1.624376
-0.0305  1.621451
-0.0304  1.618473
-0.0303  1.614532
-0.0302  1.611063
-0.0301  1.609203
-0.0300  1.607579
-0.0299  1.604290
-0.0298  1.600905
-0.0297  1.596003
-0.0296  1.593427
-0.0295  1.590402
-0.0294  1.587743
-0.0293  1.585905
-0.0292  1.580806
-0.0291  1.578238
-0.0290  1.576455
-0.0289  1.574422
-0.0288  1.572428
-0.0287  1.569552
-0.0286  1.567411
-0.0285  1.565960
-0.0284  1.564014
-0.0283  1.561472
-0.0282  1.558080
-0.0281  1.553747
-0.0280  1.551170
-0.0279  1.549023
-0.0278  1.546827
-0.0277  1.544086
-0.0276  1.541665
-0.0275  1.538480
-0.0274  1.537013
-0.0273  1.535498
-0.0272  1.533915
-0.0271  1.532762
-0.0270  1.528410
-0.0269  1.526041
-0.0268  1.523443
-0.0267  1.521733
-0.0266  1.519824
-0.0265  1.516541
-0.0264  1.515192
-0.0263  1.514158
-0.0262  1.512190
-0.0261  1.509845
-0.0260  1.506982
-0.0259  1.503329
-0.0258  1.501516
-0.0257  1.500640
-0.0256  1.498609
-0.0255  1.495836
-0.0254  1.492967
-0.0253  1.489225
-0.0252  1.487543
-0.0251  1.486032
-0.0250  1.485007
-0.0249  1.484320
-0.0248  1.480782
-0.0247  1.477662
-0.0246  1.476577
-0.0245  1.475458
-0.0244  1.474109
-0.0243  1.471978
-0.0242  1.469952
-0.0241  1.467808
-0.0240  1.465566
-0.0239  1.462537
-0.0238  1.459705
-0.0237  1.456265
-0.0236  1.455013
-0.0235  1.455148
-0.0234  1.452666
-0.0233  1.450386
-0.0232  1.447829
-0.0231  1.445670
-0.0230  1.444672
-0.0229  1.443791
-0.0228  1.443132
-0.0227  1.439531
-0.0226  1.454141
-0.0225  1.503639
-0.0224  1.525133
-0.0223  1.547431
-0.0222  1.518395
-0.0221  1.519634
-0.0220  1.522560
-0.0219  1.525649
-0.0218  1.524975
-0.0217  1.529699
-0.0216  1.525259
-0.0215  1.518146
-0.0214  1.517648
-0.0213  1.516000
-0.0212  1.516035
-0.0211  1.516282
-0.0210  1.515831
-0.0209  1.518537
-0.0208  1.522077
-0.0207  1.525089
-0.0206  1.521768
-0.0205  1.514629
-0.0204  1.512387
-0.0203  1.512200
-0.0202  1.512061
-0.0201  1.512736
-0.0200  1.510806
-0.0199  1.510403
-0.0198  1.510033
-0.0197  1.509755
-0.0196  1.509197
-0.0195  1.508973
-0.0194  1.520257
-0.0193  1.513035
-0.0192  1.507456
-0.0191  1.505897
-0.0190  1.506085
-0.0189  1.508765
-0.0188  1.509461
-0.0187  1.503311
-0.0186  1.503846
-0.0185  1.502604
-0.0184  1.501944
-0.0183  1.502384
-0.0182  1.503129
-0.0181  1.503535
-0.0180  1.506836
-0.0179  1.512335
-0.0178  1.501791
-0.0177  1.498200
-0.0176  1.497277
-0.0175  1.496960
-0.0174  1.495672
-0.0173  1.494653
-0.0172  1.496060
-0.0171  1.507116
-0.0170  1.492812
-0.0169  1.495097
-0.0168  1.496092
-0.0167  1.495161
-0.0166  1.493793
-0.0165  1.490478
-0.0164  1.491362
-0.0163  1.509930
-0.0162  1.497883
-0.0161  1.489576
-0.0160  1.487097
-0.0159  1.486863
-0.0158  1.486576
-0.0157  1.487544
-0.0156  1.492692
-0.0155  1.499401
-0.0154  1.487982
-0.0153  1.487259
-0.0152  1.486598
-0.0151  1.486369
-0.0150  1.484682
-0.0149  1.483445
-0.0148  1.482615
-0.0147  1.480870
-0.0146  1.483708
-0.0145  1.489827
-0.0144  1.485699
-0.0143  1.491368
-0.0142  1.492291
-0.0141  1.479244
-0.0140  1.480994
-0.0139  1.478941
-0.0138  1.475213
-0.0137  1.475436
-0.0136  1.479579
-0.0135  1.479598
-0.0134  1.487925
-0.0133  1.475358
-0.0132  1.468045
-0.0131  1.476001
-0.0130  1.448397
-0.0129  1.425687
-0.0128  1.425052
-0.0127  1.425959
-0.0126  1.428815
-0.0125  1.428476
-0.0124  1.432223
-0.0123  1.432960
-0.0122  1.428767
-0.0121  1.427465
-0.0120  1.428353
-0.0119  1.428964
-0.0118  1.426549
-0.0117  1.427773
-0.0116  1.429145
-0.0115  1.432069
-0.0114  1.429937
-0.0113  1.431351
-0.0112  1.432702
-0.0111  1.435789
-0.0110  1.434827
-0.0109  1.433026
-0.0108  1.431316
-0.0107  1.433898
-0.0106  1.433843
-0.0105  1.433173
-0.0104  1.432270
-0.0103  1.439748
-0.0102  1.441119
-0.0101  1.436728
-0.0100  1.439105
-0.0099  1.435280
-0.0098  1.433839
-0.0097  1.439507
-0.0096  1.436114
-0.0095  1.444429
-0.0094  1.441976
-0.0093  1.435386
-0.0092  1.446728
-0.0091  1.432739
-0.0090  1.437075
-0.0089  1.432658
-0.0088  1.212083
-0.0087  1.213697
-0.0086  1.215392
-0.0085  1.217191
-0.0084  1.218913
-0.0083  1.220561
-0.0082  1.222243
-0.0081  1.226313
-0.0080  1.229625
-0.0079  1.232729
-0.0078  1.235749
-0.0077  1.238509
-0.0076  1.239808
-0.0075  1.241702
-0.0074  1.244238
-0.0073  1.247452
-0.0072  1.249845
-0.0071  1.251884
-0.0070  1.254952
-0.0069  1.258300
-0.0068  1.261555
-0.0067  1.264183
-0.0066  1.268118
-0.0065  1.270502
-0.0064  1.272076
-0.0063  1.274019
-0.0062  1.276408
-0.0061  1.278614
-0.0060  1.281341
-0.0059  1.287532
-0.0058  1.291889
-0.0057  1.295812
-0.0056  1.299441
-0.0055  1.302357
-0.0054  1.304526
-0.0053  1.306352
-0.0052  1.309738
-0.0051  1.312572
-0.0050  1.316912
-0.0049  1.322378
-0.0048  1.326012
-0.0047  1.330139
-0.0046  1.335500
-0.0045  1.340791
-0.0044  1.346052
-0.0043  1.348997
-0.0042  1.352654
-0.0041  1.358665
-0.0040  1.364622
-0.0039  1.369604
-0.0038  1.375076
-0.0037  1.382497
-0.0036  1.391789
-0.0035  1.398940
-0.0034  1.415954
-0.0033  1.424029
-0.0032  1.430902
-0.0031  1.452433
-0.0030  1.523422
-0.0029  1.522507
-0.0028  1.482813
-0.0027  1.448284
-0.0026  1.435521
-0.0025  1.432074
-0.0024  1.429627
-0.0023  1.425191
-0.0022  1.417884
-0.0021  1.414060
-0.0020  1.411636
-0.0019  1.408879
-0.0018  1.407361
-0.0017  1.408309
-0.0016  1.408221
-0.0015  1.407949
-0.0014  1.405125
-0.0013  1.405007
-0.0012  1.404028
-0.0011  1.405150
-0.0010  1.405256
-0.0009  1.405814
-0.0008  1.406065
-0.0007  1.405729
-0.0006  1.405711
-0.0005  1.405602
-0.0004  1.407522
-0.0003  1.409389
-0.0002  1.409124
-0.0001  1.409261
 0.0000  1.409602
 0.0001  1.410417
 0.0002  1.413321
 0.0003  1.415906
 0.0004  1.417285
 0.0005  1.418485
 0.0006  1.419234
 0.0007  1.420257
 0.0008  1.422850
 0.0009  1.424036
 0.0010  1.426005
 0.0011  1.427823
 0.0012  1.429132
 0.0013  1.430308
 0.0014  1.432884
 0.0015  1.436438
 0.0016  1.437992
 0.0017  1.438310
 0.0018  1.439589
 0.0019  1.441061
 0.0020  1.444373
 0.0021  1.448981
 0.0022  1.452418
 0.0023  1.455555
 0.0024  1.458679
 0.0025  1.461016
 0.0026  1.463935
 0.0027  1.465914
 0.0028  1.467906
 0.0029  1.470961
 0.0030  1.473727
 0.0031  1.476449
 0.0032  1.482799
 0.0033  1.487445
 0.0034  1.491004
 0.0035  1.492646
 0.0036  1.494988
 0.0037  1.499694
 0.0038  1.504771
 0.0039  1.509564
 0.0040  1.514758
 0.0041  1.519141
 0.0042  1.526184
 0.0043  1.530822
 0.0044  1.535530
 0.0045  1.540232
 0.0046  1.544401
 0.0047  1.551415
 0.0048  1.560246
 0.0049  1.566855
 0.0050  1.573553
 0.0051  1.577723
 0.0052  1.586727
 0.0053  1.595553
 0.0054  1.603018
 0.0055  1.610605
 0.0056  1.620439
 0.0057  1.635584
 0.0058  1.646427
 0.0059  1.653972
 0.0060  1.664307
 0.0061  1.683210
 0.0062  1.696978
 0.0063  1.710354
 0.0064  1.734685
 0.0065  1.756059
 0.0066  1.775647
 0.0067  1.802473
 0.0068  1.841746
 0.0069  1.876650
 0.0070  1.942053
 0.0071  2.020322
 0.0072  2.211258
 0.0073  2.201575
 0.0074  2.035828
 0.0075  1.952891
 0.0076  1.901076
 0.0077  1.853844
 0.0078  1.810095
 0.0079  1.794480
 0.0080  1.756879
 0.0081  1.751711
 0.0082  1.723316
 0.0083  1.713399
 0.0084  1.702307
 0.0085  1.691839
 0.0086  1.680954
 0.0087  1.665694
 0.0088  1.648475
 0.0089  1.645999
 0.0090  1.625767
 0.0091  1.618539
 0.0092  1.606015
 0.0093  1.598477
 0.0094  1.587075
 0.0095  1.583440
 0.0096  1.571167
 0.0097  1.574526
 0.0098  1.566182
 0.0099  1.556749
 0.0100  1.553833
 0.0101  1.541944
 0.0102  1.540517
 0.0103  1.528056
 0.0104  1.523100
 0.0105  1.516553
 0.0106  1.510243
 0.0107  1.500500
 0.0108  1.500170
 0.0109  1.493844
 0.0110  1.499074
 0.0111  1.487032
 0.0112  1.478069
 0.0113  1.477590
 0.0114  1.466895
 0.0115  1.467307
 0.0116  1.465992
 0.0117  1.535309
 0.0118  1.535532
 0.0119  1.517878
 0.0120  1.524324
 0.0121  1.533875
 0.0122  1.529473
 0.0123  1.516248
 0.0124  1.507198
 0.0125  1.505668
 0.0126  1.494483
 0.0127  1.495224
 0.0128  1.492579
 0.0129  1.494567
 0.0130  1.505183
 0.0131  1.489363
 0.0132  1.483450
 0.0133  1.483783
 0.0134  1.473021
 0.0135  1.470281
 0.0136  1.467892
 0.0137  1.481866
 0.0138  1.473810
 0.0139  1.477987
 0.0140  1.451317
 0.0141  1.443826
 0.0142  1.461361
 0.0143  1.354136
 0.0144  0.970614
 0.0145  0.971765
 0.0146  0.972718
 0.0147  0.973794
 0.0148  0.974729
 0.0149  0.975546
 0.0150  0.975869
 0.0151  0.977822
 0.0152  0.979860
 0.0153  0.983204
 0.0154  0.988582
 0.0155  0.988051
 0.0156  0.988514
 0.0157  0.988888
 0.0158  0.991614
 0.0159  0.991857
 0.0160  0.995350
 0.0161  1.001068
 0.0162  1.007082
 0.0163  1.004475
 0.0164  1.005500
 0.0165  1.008178
 0.0166  1.008322
 0.0167  1.017885
 0.0168  1.024614
 0.0169  1.020187
 0.0170  1.020477
 0.0171  1.030054
 0.0172  1.033414
 0.0173  1.027415
 0.0174  0.989097
 0.0175  0.957755
 0.0176  0.961964
 0.0177  0.965632
 0.0178  0.969980
 0.0179  0.974231
 0.0180  0.978444
 0.0181  0.982111
 0.0182  0.988402
 0.0183  0.994602
 0.0184  1.000242
 0.0185  1.007453
 0.0186  1.014712
 0.0187  1.023371
 0.0188  1.030625
 0.0189  1.037346
 0.0190  1.043926
 0.0191  1.050881
 0.0192  1.059355
 0.0193  1.068029
 0.0194  1.081799
 0.0195  1.093070
 0.0196  1.110652
 0.0197  1.129290
 0.0198  1.147628
 0.0199  1.164276
 0.0200  1.180974
 0.0201  1.199498
 0.0202  1.217708
 0.0203  1.252551
 0.0204  1.315504
 0.0205  1.382115
 0.0206  1.447529
 0.0207  1.519446
 0.0208  1.673790
 0.0209  1.878874
 0.0210  1.546673
 0.0211  1.409465
 0.0212  1.284285
 0.0213  1.187891
 0.0214  1.142719
 0.0215  1.082896
 0.0216  1.037836
 0.0217  1.011390
 0.0218  0.972197
 0.0219  0.941815
 0.0220  0.922924
 0.0221  0.903198
 0.0222  0.886959
 0.0223  0.861961
 0.0224  0.849987
 0.0225  0.843682
 0.0226  0.831420
 0.0227  0.820012
 0.0228  0.810772
 0.0229  0.799304
 0.0230  0.789313
 0.0231  0.783129
 0.0232  0.777073
 0.0233  0.772534
 0.0234  0.767988
 0.0235  0.761076
 0.0236  0.753892
 0.0237  0.748697
 0.0238  0.745034
 0.0239  0.735965
 0.0240  0.732409
 0.0241  0.742417
 0.0242  0.723697
 0.0243  0.732569
 0.0244  0.656607
 0.0245  0.639003
 0.0246  0.637310
 0.0247  0.635512
 0.0248  0.633468
 0.0249  0.630275
 0.0250  0.627566
 0.0251  0.626925
 0.0252  0.626249
 0.0253  0.625571
 0.0254  0.624510
 0.0255  0.623491
 0.0256  0.622523
 0.0257  0.621533
 0.0258  0.620448
 0.0259  0.619159
 0.0260  0.618039
 0.0261  0.616867
 0.0262  0.615434
 0.0263  0.614049
 0.0264  0.612295
 0.0265  0.609602
 0.0266  0.609090
 0.0267  0.608553
 0.0268  0.607988
 0.0269  0.607414
 0.0270  0.606830
 0.0271  0.606243
 0.0272  0.605623
 0.0273  0.604956
 0.0274  0.604274
 0.0275  0.603486
 0.0276  0.602799
 0.0277  0.602180
 0.0278  0.601517
 0.0279  0.600854
 0.0280  0.599780
 0.0281  0.598645
 0.0282  0.597486
 0.0283  0.596168
 0.0284  0.593899
 0.0285  0.593062
 0.0286  0.592481
 0.0287  0.591864
 0.0288  0.591161
 0.0289  0.590591
 0.0290  0.589980
 0.0291  0.589668
 0.0292  0.589188
 0.0293  0.588699
 0.0294  0.588209
 0.0295  0.587691
 0.0296  0.587161
 0.0297  0.586631
 0.0298  0.586094
 0.0299  0.585528
 0.0300  0.584921
 0.0301  0.584204
 0.0302  0.583634
 0.0303  0.583040
 0.0304  0.582375
 0.0305  0.581697
 0.0306  0.580976
 0.0307  0.579641
 0.0308  0.578056
 0.0309  0.577586
 0.0310  0.577101
 0.0311  0.576614
 0.0312  0.576124
 0.0313  0.575582
 0.0314  0.574992
 0.0315  0.574519
 0.0316  0.574042
 0.0317  0.573372
 0.0318  0.572892
 0.0319  0.572438
 0.0320  0.572032
 0.0321  0.571605
 0.0322  0.571177
 0.0323  0.570746
 0.0324  0.570286
 0.0325  0.569787
 0.0326  0.802727
 0.0327  0.831174
 0.0328  0.823232
 0.0329  0.821602
 0.0330  0.824513
 0.0331  0.823620
 0.0332  0.825728
 0.0333  0.836049
 0.0334  0.830871
 0.0335  0.831248
 0.0336  0.832424
 0.0337  0.830674
 0.0338  0.833433
 0.0339  0.839315
 0.0340  0.840264
 0.0341  0.843054
 0.0342  0.844116
 0.0343  0.842814
 0.0344  0.841018
 0.0345  0.842867
 0.0346  0.848552
 0.0347  0.847824
 0.0348  0.848232
 0.0349  0.853872
 0.0350  0.857957
 0.0351  0.856850
 0.0352  0.857042
 0.0353  0.857564
 0.0354  0.859058
 0.0355  0.861151
 0.0356  0.861732
 0.0357  0.863441
 0.0358  0.865487
 0.0359  0.870653
 0.0360  0.869748
 0.0361  0.870157
 0.0362  0.873674
 0.0363  0.878748
 0.0364  0.876611
 0.0365  0.874636
 0.0366  0.878668
 0.0367  0.881247
 0.0368  0.882554
 0.0369  0.880830
 0.0370  0.884889
 0.0371  0.887002
 0.0372  0.889359
 0.0373  0.891157
 0.0374  0.892667
 0.0375  0.894616
 0.0376  0.896282
 0.0377  0.901787
 0.0378  0.902112
 0.0379  0.900811
 0.0380  0.902020
 0.0381  0.906560
 0.0382  0.907004
 0.0383  0.906690
 0.0384  0.909190
 0.0385  0.913292
 0.0386  0.916151
 0.0387  0.914268
 0.0388  0.918250
 0.0389  0.920653
 0.0390  0.923160
 0.0391  0.923811
 0.0392  0.926980
 0.0393  0.929096
 0.0394  0.931270
 0.0395  0.933750
 0.0396  0.934477
 0.0397  0.935286
 0.0398  0.936134
 0.0399  0.940242
 0.0400  0.943184
