-0.0400  2.366232
-0.0399  2.363173
-0.0398  2.359766
-0.0397  2.349211
-0.0396  2.334160
-0.0395  2.333849
-0.0394  2.324923
-0.0393  2.316383
-0.0392  2.305492
-0.0391  2.296059
-0.0390  2.295782
-0.0389  2.266413
-0.0388  2.229323
-0.0387  1.947959
-0.0386  1.157757
-0.0385  1.154858
-0.0384  1.152106
-0.0383  1.148868
-0.0382  1.146706
-0.0381  1.144575
-0.0380  1.142800
-0.0379  1.140353
-0.0378  1.138130
-0.0377  1.135377
-0.0376  1.133199
-0.0375  1.131412
-0.0374  1.130687
-0.0373  1.128118
-0.0372  1.126169
-0.0371  1.123210
-0.0370  1.121458
-0.0369  1.120603
-0.0368  1.118957
-0.0367  1.117324
-0.0366  1.113449
-0.0365  1.112810
-0.0364  1.110888
-0.0363  1.112304
-0.0362  1.108065
-0.0361  1.108258
-0.0360  1.103935
-0.0359  1.106161
-0.0358  1.106610
-0.0357  1.092709
-0.0356  1.117610
-0.0355  1.009058
-0.0354  1.027667
-0.0353  0.859358
-0.0352  0.859694
-0.0351  0.860025
-0.0350  0.860416
-0.0349  0.861003
-0.0348  0.861573
-0.0347  0.862077
-0.0346  0.862536
-0.0345  0.863042
-0.0344  0.863541
-0.0343  0.863945
-0.0342  0.864330
-0.0341  0.864700
-0.0340  0.865053
-0.0339  0.865448
-0.0338  0.865829
-0.0337  0.866195
-0.0336  0.866672
-0.0335  0.867257
-0.0334  0.867864
-0.0333  0.868374
-0.0332  0.868848
-0.0331  0.869298
-0.0330  0.869727
-0.0329  0.870154
-0.0328  0.870582
-0.0327  0.871021
-0.0326  0.871499
-0.0325  0.871972
-0.0324  0.872348
-0.0323  0.872708
-0.0322  0.873285
-0.0321  0.873833
-0.0320  0.874442
-0.0319  0.874944
-0.0318  0.875407
-0.0317  0.875850
-0.0316  0.876272
-0.0315  0.876673
-0.0314  0.877111
-0.0313  0.877491
-0.0312  0.877909
-0.0311  0.878339
-0.0310  0.878772
-0.0309  0.879216
-0.0308  0.880056
-0.0307  0.880701
-0.0306  0.881295
-0.0305  0.881838
-0.0304  0.882367
-0.0303  0.882852
-0.0302  0.883319
-0.0301  0.883760
-0.0300  0.884187
-0.0299  0.884604
-0.0298  0.885018
-0.0297  0.885425
-0.0296  0.885819
-0.0295  0.886446
-0.0294  0.887052
-0.0293  0.887743
-0.0292  0.888327
-0.0291  0.888903
-0.0290  0.889548
-0.0289  0.890031
-0.0288  0.890417
-0.0287  0.890853
-0.0286  0.891384
-0.0285  0.891826
-0.0284  0.892278
-0.0283  0.892718
-0.0282  0.893298
-0.0281  0.893986
-0.0280  0.894722
-0.0279  0.895335
-0.0278  0.895904
-0.0277  0.896443
-0.0276  0.896972
-0.0275  0.897495
-0.0274  0.898026
-0.0273  0.898577
-0.0272  0.899214
-0.0271  0.899699
-0.0270  0.900087
-0.0269  0.900598
-0.0268  0.901351
-0.0267  0.902115
-0.0266  0.902789
-0.0265  0.903369
-0.0264  0.903917
-0.0263  0.904445
-0.0262  0.904965
-0.0261  0.905461
-0.0260  0.905945
-0.0259  0.906476
-0.0258  0.906960
-0.0257  0.907471
-0.0256  0.908128
-0.0255  0.909053
-0.0254  0.910021
-0.0253  0.910715
-0.0252  0.911303
-0.0251  0.911917
-0.0250  0.912467
-0.0249  0.912987
-0.0248  0.913517
-0.0247  0.914111
-0.0246  0.914656
-0.0245  0.915173
-0.0244  0.915678
-0.0243  0.916429
-0.0242  0.917197
-0.0241  0.918077
-0.0240  0.918803
-0.0239  0.919506
-0.0238  0.920220
-0.0237  0.921086
-0.0236  0.921731
-0.0235  0.922217
-0.0234  0.922758
-0.0233  0.923271
-0.0232  0.923785
-0.0231  0.924304
-0.0230  0.925151
-0.0229  0.925977
-0.0228  0.926865
-0.0227  0.927632
-0.0226  0.928350
-0.0225  0.929044
-0.0224  0.929725
-0.0223  0.930403
-0.0222  0.931070
-0.0221  0.931766
-0.0220  0.932574
-0.0219  0.933332
-0.0218  0.934207
-0.0217  0.934969
-0.0216  0.935983
-0.0215  0.936752
-0.0214  0.937464
-0.0213  0.938137
-0.0212  0.938781
-0.0211  0.939400
-0.0210  0.940014
-0.0209  0.940705
-0.0208  0.941381
-0.0207  0.942031
-0.0206  0.942890
-0.0205  0.943940
-0.0204  0.945159
-0.0203  0.946247
-0.0202  0.947264
-0.0201  0.948047
-0.0200  0.948726
-0.0199  0.949491
-0.0198  0.950206
-0.0197  0.950873
-0.0196  0.951529
-0.0195  0.952185
-0.0194  0.953158
-0.0193  0.954116
-0.0192  0.955223
-0.0191  0.956147
-0.0190  0.957082
-0.0189  0.958049
-0.0188  0.958967
-0.0187  0.959912
-0.0186  0.961043
-0.0185  0.962020
-0.0184  0.962725
-0.0183  0.963346
-0.0182  0.964482
-0.0181  0.965706
-0.0180  0.966824
-0.0179  0.967777
-0.0178  0.968648
-0.0177  0.969491
-0.0176  0.970366
-0.0175  0.971230
-0.0174  0.972008
-0.0173  0.972866
-0.0172  0.973740
-0.0171  0.975013
-0.0170  0.976576
-0.0169  0.978457
-0.0168  0.979711
-0.0167  0.980666
-0.0166  0.981578
-0.0165  0.982444
-0.0164  0.983482
-0.0163  0.984425
-0.0162  0.985320
-0.0161  0.986197
-0.0160  0.987315
-0.0159  0.988752
-0.0158  0.990265
-0.0157  0.991554
-0.0156  0.992777
-0.0155  0.993981
-0.0154  0.995229
-0.0153  0.996835
-0.0152  0.998119
-0.0151  0.999061
-0.0150  0.999947
-0.0149  1.001354
-0.0148  1.002798
-0.0147  1.004502
-0.0146  1.005897
-0.0145  1.007211
-0.0144  1.008495
-0.0143  1.009725
-0.0142  1.010935
-0.0141  1.012130
-0.0140  1.013340
-0.0139  1.014724
-0.0138  1.016926
-0.0137  1.019380
-0.0136  1.021378
-0.0135  1.022772
-0.0134  1.023999
-0.0133  1.025220
-0.0132  1.026489
-0.0131  1.027690
-0.0130  1.029105
-0.0129  1.030748
-0.0128  1.032990
-0.0127  1.035217
-0.0126  1.037096
-0.0125  1.038876
-0.0124  1.040635
-0.0123  1.042376
-0.0122  1.044211
-0.0121  1.046622
-0.0120  1.048347
-0.0119  1.050681
-0.0118  1.052815
-0.0117  1.054963
-0.0116  1.056833
-0.0115  1.058572
-0.0114  1.060362
-0.0113  1.062453
-0.0112  1.064347
-0.0111  1.066180
-0.0110  1.069390
-0.0109  1.072607
-0.0108  1.257545
-0.0107  1.383866
-0.0106  1.382223
-0.0105  1.392528
-0.0104  1.393403
-0.0103  1.395546
-0.0102  1.410737
-0.0101  1.411557
-0.0100  1.416952
-0.0099  1.427427
-0.0098  1.433227
-0.0097  1.437129
-0.0096  1.444778
-0.0095  1.453647
-0.0094  1.463675
-0.0093  1.470893
-0.0092  1.479899
-0.0091  1.489053
-0.0090  1.499167
-0.0089  1.508558
-0.0088  1.515908
-0.0087  1.527683
-0.0086  1.539359
-0.0085  1.551320
-0.0084  1.562706
-0.0083  1.571916
-0.0082  1.582587
-0.0081  1.599983
-0.0080  1.617359
-0.0079  1.632050
-0.0078  1.646149
-0.0077  1.664691
-0.0076  1.689581
-0.0075  1.712486
-0.0074  1.738963
-0.0073  1.766985
-0.0072  1.804262
-0.0071  1.850352
-0.0070  1.902309
-0.0069  1.993080
-0.0068  2.191039
-0.0067  2.164831
-0.0066  2.091872
-0.0065  1.955975
-0.0064  1.893924
-0.0063  1.848554
-0.0062  1.816327
-0.0061  1.788475
-0.0060  1.763606
-0.0059  1.745837
-0.0058  1.730847
-0.0057  1.715270
-0.0056  1.700246
-0.0055  1.689655
-0.0054  1.679636
-0.0053  1.667495
-0.0052  1.656968
-0.0051  1.649434
-0.0050  1.642681
-0.0049  1.634843
-0.0048  1.627722
-0.0047  1.621194
-0.0046  1.616761
-0.0045  1.611347
-0.0044  1.605547
-0.0043  1.600830
-0.0042  1.596924
-0.0041  1.592988
-0.0040  1.588437
-0.0039  1.583636
-0.0038  1.580195
-0.0037  1.576832
-0.0036  1.573100
-0.0035  1.569298
-0.0034  1.565891
-0.0033  1.563071
-0.0032  1.560230
-0.0031  1.558020
-0.0030  1.555537
-0.0029  1.552631
-0.0028  1.549778
-0.0027  1.547111
-0.0026  1.545037
-0.0025  1.542489
-0.0024  1.540185
-0.0023  1.537585
-0.0022  1.535126
-0.0021  1.533215
-0.0020  1.530685
-0.0019  1.528797
-0.0018  1.526733
-0.0017  1.525104
-0.0016  1.523465
-0.0015  1.521154
-0.0014  1.518672
-0.0013  1.515737
-0.0012  1.513596
-0.0011  1.511577
-0.0010  1.510142
-0.0009  1.507851
-0.0008  1.504747
-0.0007  1.502697
-0.0006  1.500612
-0.0005  1.499054
-0.0004  1.496769
-0.0003  1.494509
-0.0002  1.495038
-0.0001  1.492731
 0.0000  1.489693
 0.0001  1.486069
 0.0002  1.482920
 0.0003  1.481422
 0.0004  1.478089
 0.0005  1.475922
 0.0006  1.474877
 0.0007  1.472180
 0.0008  1.471744
 0.0009  1.468156
 0.0010  1.465276
 0.0011  1.462626
 0.0012  1.460321
 0.0013  1.459884
 0.0014  1.459235
 0.0015  1.455779
 0.0016  1.450551
 0.0017  1.446098
 0.0018  1.444792
 0.0019  1.443467
 0.0020  1.441067
 0.0021  1.440253
 0.0022  1.438854
 0.0023  1.437285
 0.0024  1.433266
 0.0025  1.430609
 0.0026  1.427768
 0.0027  1.424860
 0.0028  1.422099
 0.0029  1.420536
 0.0030  1.418689
 0.0031  1.417452
 0.0032  1.414298
 0.0033  1.412494
 0.0034  1.411719
 0.0035  1.412180
 0.0036  1.407746
 0.0037  1.406967
 0.0038  1.403157
 0.0039  1.399151
 0.0040  1.395183
 0.0041  1.397298
 0.0042  1.399405
 0.0043  1.398345
 0.0044  1.395191
 0.0045  1.391561
 0.0046  1.392867
 0.0047  1.393238
 0.0048  1.385891
 0.0049  1.385366
 0.0050  1.384649
 0.0051  1.393478
 0.0052  1.389499
 0.0053  1.384453
 0.0054  1.394414
 0.0055  1.387392
 0.0056  1.380429
 0.0057  1.388696
 0.0058  1.403419
 0.0059  1.296072
 0.0060  1.303526
 0.0061  1.303887
 0.0062  1.259244
 0.0063  1.261251
 0.0064  1.263842
 0.0065  1.277573
 0.0066  1.283718
 0.0067  1.289370
 0.0068  1.294729
 0.0069  1.302193
 0.0070  1.325203
 0.0071  1.341108
 0.0072  1.355388
 0.0073  1.392981
 0.0074  1.462233
 0.0075  1.481731
 0.0076  1.539374
 0.0077  1.465422
 0.0078  1.442659
 0.0079  1.425594
 0.0080  1.408323
 0.0081  1.393077
 0.0082  1.378775
 0.0083  1.362994
 0.0084  1.352820
 0.0085  1.340321
 0.0086  1.323723
 0.0087  1.315296
 0.0088  1.298444
 0.0089  1.292187
 0.0090  1.275163
 0.0091  1.266618
 0.0092  1.259658
 0.0093  1.242354
 0.0094  1.239294
 0.0095  1.228046
 0.0096  1.215264
 0.0097  1.210183
 0.0098  1.201184
 0.0099  1.188181
 0.0100  1.185319
 0.0101  1.180588
 0.0102  1.166053
 0.0103  1.158308
 0.0104  1.155588
 0.0105  1.150945
 0.0106  1.139110
 0.0107  1.132712
 0.0108  1.128253
 0.0109  1.124426
 0.0110  1.116116
 0.0111  1.106219
 0.0112  1.103571
 0.0113  1.100400
 0.0114  1.095919
 0.0115  1.087621
 0.0116  1.078667
 0.0117  1.076440
 0.0118  1.073935
 0.0119  1.070912
 0.0120  1.066530
 0.0121  1.055675
 0.0122  1.050584
 0.0123  1.048522
 0.0124  1.046090
 0.0125  1.043317
 0.0126  1.039924
 0.0127  1.031304
 0.0128  1.024497
 0.0129  1.022634
 0.0130  1.020537
 0.0131  1.018246
 0.0132  1.015331
 0.0133  1.011678
 0.0134  1.004342
 0.0135  0.998200
 0.0136  0.996380
 0.0137  0.994399
 0.0138  0.992289
 0.0139  0.989839
 0.0140  0.986416
 0.0141  0.983238
 0.0142  0.977148
 0.0143  0.972837
 0.0144  0.970780
 0.0145  0.968726
 0.0146  0.966422
 0.0147  0.963441
 0.0148  0.960577
 0.0149  0.958571
 0.0150  0.956216
 0.0151  0.949246
 0.0152  0.947069
 0.0153  0.945187
 0.0154  0.942907
 0.0155  0.939658
 0.0156  0.937947
 0.0157  0.936181
 0.0158  0.934299
 0.0159  0.932062
 0.0160  0.929348
 0.0161  0.922944
 0.0162  0.920339
 0.0163  0.918443
 0.0164  0.917088
 0.0165  0.915639
 0.0166  0.914108
 0.0167  0.912096
 0.0168  0.910011
 0.0169  0.907601
 0.0170  0.904220
 0.0171  0.901696
 0.0172  0.897487
 0.0173  0.896212
 0.0174  0.894826
 0.0175  0.893396
 0.0176  0.891767
 0.0177  0.889817
 0.0178  0.887016
 0.0179  0.885324
 0.0180  0.883717
 0.0181  0.881983
 0.0182  0.880042
 0.0183  0.877147
 0.0184  0.873926
 0.0185  0.872269
 0.0186  0.870077
 0.0187  0.868478
 0.0188  0.867330
 0.0189  0.866148
 0.0190  0.864869
 0.0191  0.863065
 0.0192  0.861405
 0.0193  0.859535
 0.0194  0.857308
 0.0195  0.854586
 0.0196  0.852196
 0.0197  0.850115
 0.0198  0.849064
 0.0199  0.847959
 0.0200  0.846755
 0.0201  0.845469
 0.0202  0.844008
 0.0203  0.841609
 0.0204  0.839738
 0.0205  0.838526
 0.0206  0.837296
 0.0207  0.835962
 0.0208  0.834515
 0.0209  0.832905
 0.0210  0.830664
 0.0211  0.828417
 0.0212  0.826604
 0.0213  0.825158
 0.0214  0.824311
 0.0215  0.822949
 0.0216  0.821609
 0.0217  0.820439
 0.0218  0.819187
 0.0219  0.817896
 0.0220  0.816476
 0.0221  0.814807
 0.0222  0.812831
 0.0223  0.811795
 0.0224  0.810591
 0.0225  0.809067
 0.0226  0.807334
 0.0227  0.806232
 0.0228  0.804575
 0.0229  0.803350
 0.0230  0.802002
 0.0231  0.800217
 0.0232  0.799041
 0.0233  0.798195
 0.0234  0.797326
 0.0235  0.796414
 0.0236  0.795466
 0.0237  0.794453
 0.0238  0.793395
 0.0239  0.791769
 0.0240  0.789582
 0.0241  0.787242
 0.0242  0.785474
 0.0243  0.784718
 0.0244  0.783924
 0.0245  0.783107
 0.0246  0.782281
 0.0247  0.781408
 0.0248  0.780475
 0.0249  0.779472
 0.0250  0.778471
 0.0251  0.776188
 0.0252  0.774796
 0.0253  0.773824
 0.0254  0.772989
 0.0255  0.772098
 0.0256  0.771141
 0.0257  0.770120
 0.0258  0.768956
 0.0259  0.767332
 0.0260  0.766337
 0.0261  0.765316
 0.0262  0.763598
 0.0263  0.762603
 0.0264  0.761667
 0.0265  0.760629
 0.0266  0.759848
 0.0267  0.759039
 0.0268  0.758210
 0.0269  0.757328
 0.0270  0.756400
 0.0271  0.755418
 0.0272  0.754289
 0.0273  0.752981
 0.0274  0.751860
 0.0275  0.750782
 0.0276  0.749648
 0.0277  0.748326
 0.0278  0.746948
 0.0279  0.746190
 0.0280  0.745447
 0.0281  0.744653
 0.0282  0.743802
 0.0283  0.742874
 0.0284  0.741910
 0.0285  0.741010
 0.0286  0.740160
 0.0287  0.739317
 0.0288  0.738470
 0.0289  0.737589
 0.0290  0.736623
 0.0291  0.735674
 0.0292  0.734787
 0.0293  0.733854
 0.0294  0.732882
 0.0295  0.731865
 0.0296  0.730776
 0.0297  0.729445
 0.0298  0.728670
 0.0299  0.727892
 0.0300  0.727114
 0.0301  0.726304
 0.0302  0.725466
 0.0303  0.724526
 0.0304  0.723703
 0.0305  0.722859
 0.0306  0.722012
 0.0307  0.721247
 0.0308  0.720474
 0.0309  0.719701
 0.0310  0.718913
 0.0311  0.718116
 0.0312  0.717312
 0.0313  0.716482
 0.0314  0.715611
 0.0315  0.714687
 0.0316  0.713616
 0.0317  0.712511
 0.0318  0.711676
 0.0319  0.710977
 0.0320  0.710278
 0.0321  0.709584
 0.0322  0.708873
 0.0323  0.708157
 0.0324  0.707426
 0.0325  0.706673
 0.0326  0.705894
 0.0327  0.705121
 0.0328  0.704331
 0.0329  0.703466
 0.0330  0.702740
 0.0331  0.702009
 0.0332  0.701267
 0.0333  0.700511
 0.0334  0.699748
 0.0335  0.698886
 0.0336  0.698147
 0.0337  0.697380
 0.0338  0.696522
 0.0339  0.695572
 0.0340  0.694887
 0.0341  0.694175
 0.0342  0.693380
 0.0343  0.692752
 0.0344  0.692122
 0.0345  0.691490
 0.0346  0.690863
 0.0347  0.690219
 0.0348  0.689558
 0.0349  0.688896
 0.0350  0.688234
 0.0351  0.687570
 0.0352  0.686895
 0.0353  0.686194
 0.0354  0.685473
 0.0355  0.684677
 0.0356  0.683989
 0.0357  0.683280
 0.0358  0.682530
 0.0359  0.681795
 0.0360  0.681000
 0.0361  0.680100
 0.0362  0.679452
 0.0363  0.678801
 0.0364  0.678149
 0.0365  0.677614
 0.0366  0.677024
 0.0367  0.676421
 0.0368  0.675756
 0.0369  0.675190
 0.0370  0.674619
 0.0371  0.674045
 0.0372  0.673441
 0.0373  0.672827
 0.0374  0.672186
 0.0375  0.671591
 0.0376  0.670988
 0.0377  0.670377
 0.0378  0.669757
 0.0379  0.669124
 0.0380  0.668476
 0.0381  0.667745
 0.0382  0.667104
 0.0383  0.666415
 0.0384  0.665637
 0.0385  0.665089
 0.0386  0.664524
 0.0387  0.663957
 0.0388  0.663376
 0.0389  0.662772
 0.0390  0.662161
 0.0391  0.661602
 0.0392  0.660956
 0.0393  0.660396
 0.0394  0.659837
 0.0395  0.659361
 0.0396  0.658892
 0.0397  0.658386
 0.0398  0.657871
 0.0399  0.657350
 0.0400  0.656823
