-0.400  0.000000
-0.399  0.000000
-0.398  0.000000
-0.397  0.000000
-0.396  0.000000
-0.395  0.000000
-0.394  0.000000
-0.393  0.000000
-0.392  0.000000
-0.391  0.000000
-0.390  0.000000
-0.389  0.000000
-0.388  0.000000
-0.387  0.000000
-0.386  0.000000
-0.385  0.000000
-0.384  0.000000
-0.383  0.000000
-0.382  0.000000
-0.381  0.000000
-0.380  0.000000
-0.379  0.000000
-0.378  0.000000
-0.377  0.000000
-0.376  0.000000
-0.375  0.000000
-0.374  0.000000
-0.373  0.000000
-0.372  0.000000
-0.371  0.000000
-0.370  0.000000
-0.369  0.000000
-0.368  0.000000
-0.367  0.000000
-0.366  0.000000
-0.365  0.000000
-0.364  0.000000
-0.363  0.000000
-0.362  0.000000
-0.361  0.000000
-0.360  0.000000
-0.359  0.000000
-0.358  0.000000
-0.357  0.000000
-0.356  0.000000
-0.355  0.000000
-0.354  0.000000
-0.353  0.000000
-0.352  0.000000
-0.351  0.000000
-0.350  0.000000
-0.349  0.000000
-0.348  0.000000
-0.347  0.000000
-0.346  0.000000
-0.345  0.000000
-0.344  0.000000
-0.343  0.000000
-0.342  0.000000
-0.341  0.000000
-0.340  0.000000
-0.339  0.000000
-0.338  0.000000
-0.337  0.000000
-0.336  0.000000
-0.335  0.000000
-0.334  0.000000
-0.333  0.000000
-0.332  0.000000
-0.331  0.000000
-0.330  0.000000
-0.329  0.000000
-0.328  0.000000
-0.327  0.000000
-0.326  0.000000
-0.325  0.000000
-0.324  0.000000
-0.323  0.000000
-0.322  0.000000
-0.321  0.000000
-0.320  0.000000
-0.319  0.000000
-0.318  0.000000
-0.317  0.000000
-0.316  0.000000
-0.315  0.000000
-0.314  0.000000
-0.313  0.000000
-0.312  0.000000
-0.311  0.000000
-0.310  0.000000
-0.309  0.000000
-0.308  0.000000
-0.307  0.000000
-0.306  0.000000
-0.305  0.000000
-0.304  0.000000
-0.303  0.000000
-0.302  0.000000
-0.301  0.000000
-0.300  0.000000
-0.299  0.000000
-0.298  0.000000
-0.297  0.000000
-0.296  0.000000
-0.295  0.000000
-0.294  0.000000
-0.293  0.000000
-0.292  0.000000
-0.291  0.000000
-0.290  0.000000
-0.289  0.000000
-0.288  0.000000
-0.287  0.000000
-0.286  0.000000
-0.285  0.000000
-0.284  0.000000
-0.283  0.000000
-0.282  0.000000
-0.281  0.000000
-0.280  0.000000
-0.279  0.000000
-0.278  0.000000
-0.277  0.000000
-0.276  0.000000
-0.275  0.000000
-0.274  0.000000
-0.273  0.000000
-0.272  0.000000
-0.271  0.000000
-0.270  0.000000
-0.269  0.000000
-0.268  0.000000
-0.267  0.000000
-0.266  0.000000
-0.265  0.000000
-0.264  0.000000
-0.263  0.000000
-0.262  0.000000
-0.261  0.000000
-0.260  0.000000
-0.259  0.000000
-0.258  0.000000
-0.257  0.000000
-0.256  1.413693
-0.255  0.992222
-0.254  0.685370
-0.253  1.236737
-0.252  1.249343
-0.251  1.270441
-0.250  1.213028
-0.249  1.269857
-0.248  1.289709
-0.247  1.277734
-0.246  1.322674
-0.245  1.215522
-0.244  1.152661
-0.243  1.118467
-0.242  1.370572
-0.241  1.288257
-0.240  1.304523
-0.239  1.319864
-0.238  1.326580
-0.237  1.331213
-0.236  1.339984
-0.235  1.350938
-0.234  1.357088
-0.233  1.365594
-0.232  1.375312
-0.231  1.382813
-0.230  1.394080
-0.229  1.402456
-0.228  1.410501
-0.227  1.419856
-0.226  1.430815
-0.225  1.441287
-0.224  1.451444
-0.223  1.459599
-0.222  1.471065
-0.221  1.482628
-0.220  1.493346
-0.219  1.503711
-0.218  1.515882
-0.217  1.528968
-0.216  1.539413
-0.215  1.550378
-0.214  1.562400
-0.213  1.575018
-0.212  1.588465
-0.211  1.601824
-0.210  1.614952
-0.209  1.628529
-0.208  1.644820
-0.207  1.658886
-0.206  1.672600
-0.205  1.688835
-0.204  1.705539
-0.203  1.721342
-0.202  1.738278
-0.201  1.756262
-0.200  1.774721
-0.199  1.793039
-0.198  1.811890
-0.197  1.832409
-0.196  1.853428
-0.195  1.874408
-0.194  1.897114
-0.193  1.920113
-0.192  1.942569
-0.191  1.968924
-0.190  1.995068
-0.189  2.021845
-0.188  2.050811
-0.187  2.080279
-0.186  2.111899
-0.185  2.145156
-0.184  2.180125
-0.183  2.216367
-0.182  2.256078
-0.181  2.296922
-0.180  2.341953
-0.179  2.389270
-0.178  2.440589
-0.177  2.495627
-0.176  2.556719
-0.175  2.623188
-0.174  2.696131
-0.173  2.778287
-0.172  2.868999
-0.171  2.973949
-0.170  3.097059
-0.169  3.245339
-0.168  3.429646
-0.167  3.674629
-0.166  4.044564
-0.165  4.808655
-0.164  4.931212
-0.163  4.132609
-0.162  3.782368
-0.161  3.551814
-0.160  3.384820
-0.159  3.250627
-0.158  3.143358
-0.157  3.047587
-0.156  2.971989
-0.155  2.903092
-0.154  2.836012
-0.153  2.780065
-0.152  2.728928
-0.151  2.685925
-0.150  2.642740
-0.149  2.602502
-0.148  2.564026
-0.147  2.530825
-0.146  2.496961
-0.145  2.468627
-0.144  2.439409
-0.143  2.412501
-0.142  2.389229
-0.141  2.366627
-0.140  2.342169
-0.139  2.319121
-0.138  2.302237
-0.137  2.280102
-0.136  2.263257
-0.135  2.245628
-0.134  2.229889
-0.133  2.209330
-0.132  2.198051
-0.131  2.181787
-0.130  2.168812
-0.129  2.154530
-0.128  2.143308
-0.127  2.128935
-0.126  2.118606
-0.125  2.108491
-0.124  2.097650
-0.123  2.086824
-0.122  2.076306
-0.121  2.066907
-0.120  2.057162
-0.119  2.048700
-0.118  2.040011
-0.117  2.033984
-0.116  2.024174
-0.115  2.014698
-0.114  2.010531
-0.113  2.005489
-0.112  1.996949
-0.111  1.990342
-0.110  1.980567
-0.109  1.988983
-0.108  1.976456
-0.107  1.964392
-0.106  1.965628
-0.105  1.962601
-0.104  1.959201
-0.103  1.954426
-0.102  1.955778
-0.101  1.952936
-0.100  1.948906
-0.099  1.950509
-0.098  1.943751
-0.097  1.944718
-0.096  1.942809
-0.095  1.942509
-0.094  1.941401
-0.093  1.944860
-0.092  1.946911
-0.091  1.950063
-0.090  1.949849
-0.089  1.956186
-0.088  1.968503
-0.087  1.941730
-0.086  1.921545
-0.085  1.955014
-0.084  2.020287
-0.083  2.000576
-0.082  2.006842
-0.081  2.013175
-0.080  2.034071
-0.079  2.048571
-0.078  2.070813
-0.077  2.095234
-0.076  2.141186
-0.075  2.194076
-0.074  2.289416
-0.073  2.534975
-0.072  2.370188
-0.071  2.203595
-0.070  2.128201
-0.069  2.079133
-0.068  2.034391
-0.067  2.003576
-0.066  1.970910
-0.065  1.946264
-0.064  1.920601
-0.063  1.901648
-0.062  1.880721
-0.061  1.863635
-0.060  1.845295
-0.059  1.835253
-0.058  1.814711
-0.057  1.803736
-0.056  1.788531
-0.055  1.776808
-0.054  1.765013
-0.053  1.749264
-0.052  1.738901
-0.051  1.727441
-0.050  1.717599
-0.049  1.704929
-0.048  1.697088
-0.047  1.686471
-0.046  1.679605
-0.045  1.669063
-0.044  1.662486
-0.043  1.651941
-0.042  1.644173
-0.041  1.635718
-0.040  1.621529
-0.039  1.558427
-0.038  1.566154
-0.037  1.575436
-0.036  1.585100
-0.035  1.599248
-0.034  1.621084
-0.033  1.694138
-0.032  1.605844
-0.031  1.570171
-0.030  1.547094
-0.029  1.522305
-0.028  1.505193
-0.027  1.528415
-0.026  1.528986
-0.025  1.523778
-0.024  1.516201
-0.023  1.513138
-0.022  1.501563
-0.021  1.504098
-0.020  1.492528
-0.019  1.490397
-0.018  1.475481
-0.017  1.474530
-0.016  1.468438
-0.015  1.472927
-0.014  1.458345
-0.013  1.455365
-0.012  1.449885
-0.011  1.443064
-0.010  1.443250
-0.009  1.435020
-0.008  1.427751
-0.007  1.420836
-0.006  1.395475
-0.005  1.398568
-0.004  1.402450
-0.003  1.405654
-0.002  1.410700
-0.001  1.434297
 0.000  1.363133
 0.001  1.311269
 0.002  1.310819
 0.003  1.319920
 0.004  1.331943
 0.005  1.348381
 0.006  1.366516
 0.007  1.444967
 0.008  1.521134
 0.009  1.548329
 0.010  1.455478
 0.011  1.407096
 0.012  1.375807
 0.013  1.353047
 0.014  1.323537
 0.015  1.304772
 0.016  1.277629
 0.017  1.252656
 0.018  1.237935
 0.019  1.213029
 0.020  1.188113
 0.021  1.295256
 0.022  1.317915
 0.023  1.205533
 0.024  1.120575
 0.025  1.187902
 0.026  1.328597
 0.027  1.328469
 0.028  1.242597
 0.029  0.912758
 0.030  0.855196
 0.031  0.869763
 0.032  0.889328
 0.033  0.909000
 0.034  0.924289
 0.035  0.946487
 0.036  0.969949
 0.037  0.999769
 0.038  1.029952
 0.039  1.090997
 0.040  1.155255
 0.041  1.049782
 0.042  1.001931
 0.043  0.979000
 0.044  1.221572
 0.045  1.308751
 0.046  1.454202
 0.047  1.591070
 0.048  1.426671
 0.049  1.351022
 0.050  1.311786
 0.051  1.286214
 0.052  1.271892
 0.053  1.250504
 0.054  1.240275
 0.055  1.228272
 0.056  1.218751
 0.057  1.212879
 0.058  1.198983
 0.059  1.200391
 0.060  1.190559
 0.061  1.180685
 0.062  1.178346
 0.063  1.168944
 0.064  1.165228
 0.065  1.163508
 0.066  1.158868
 0.067  1.149810
 0.068  1.146772
 0.069  1.115867
 0.070  1.119691
 0.071  1.129876
 0.072  1.117442
 0.073  1.120792
 0.074  1.128830
 0.075  1.129627
 0.076  1.136311
 0.077  1.142721
 0.078  1.104342
 0.079  1.097781
 0.080  1.109980
 0.081  1.095915
 0.082  1.090326
 0.083  1.087256
 0.084  1.080228
 0.085  1.081924
 0.086  1.081558
 0.087  1.069659
 0.088  1.081490
 0.089  1.054729
 0.090  1.068836
 0.091  0.922054
 0.092  0.942547
 0.093  0.961840
 0.094  1.011916
 0.095  1.048657
 0.096  1.157749
 0.097  1.082523
 0.098  1.065902
 0.099  1.053972
 0.100  1.044344
 0.101  1.041169
 0.102  1.034883
 0.103  1.031563
 0.104  1.024936
 0.105  1.022320
 0.106  1.020913
 0.107  1.012476
 0.108  1.012607
 0.109  1.008038
 0.110  1.005858
 0.111  1.000434
 0.112  0.998397
 0.113  0.996413
 0.114  0.991443
 0.115  0.988261
 0.116  0.986312
 0.117  0.983764
 0.118  0.979519
 0.119  0.974978
 0.120  0.974728
 0.121  0.970580
 0.122  0.967670
 0.123  0.964579
 0.124  0.962982
 0.125  0.961204
 0.126  0.957054
 0.127  0.952923
 0.128  0.951370
 0.129  0.948459
 0.130  0.947808
 0.131  0.940629
 0.132  0.941957
 0.133  0.917850
 0.134  0.920758
 0.135  0.919614
 0.136  0.921311
 0.137  0.923477
 0.138  0.925361
 0.139  0.931135
 0.140  0.938343
 0.141  0.932703
 0.142  0.917346
 0.143  0.908716
 0.144  0.900414
 0.145  0.893578
 0.146  0.901547
 0.147  0.899920
 0.148  0.896082
 0.149  0.894539
 0.150  0.891806
 0.151  0.889925
 0.152  0.886157
 0.153  0.883721
 0.154  0.882238
 0.155  0.878442
 0.156  0.879273
 0.157  0.875818
 0.158  0.873394
 0.159  0.869515
 0.160  0.869276
 0.161  0.862557
 0.162  0.864310
 0.163  0.860735
 0.164  0.859274
 0.165  0.855263
 0.166  0.855576
 0.167  0.847693
 0.168  0.850306
 0.169  0.846099
 0.170  0.843899
 0.171  0.840745
 0.172  0.843941
 0.173  0.834191
 0.174  0.838800
 0.175  0.832630
 0.176  0.825898
 0.177  0.826586
 0.178  0.825606
 0.179  0.823940
 0.180  0.821631
 0.181  0.823259
 0.182  0.816505
 0.183  0.824287
 0.184  0.807565
 0.185  0.811474
 0.186  0.806215
 0.187  0.799276
 0.188  0.806030
 0.189  0.797779
 0.190  0.797115
 0.191  0.801900
 0.192  0.789461
 0.193  0.794363
 0.194  0.787178
 0.195  0.782302
 0.196  0.790505
 0.197  0.778624
 0.198  0.788980
 0.199  0.783603
 0.200  0.774349
 0.201  0.777378
 0.202  0.774869
 0.203  0.762447
 0.204  0.767510
 0.205  0.777874
 0.206  0.767431
 0.207  0.781309
 0.208  0.748248
 0.209  0.771949
 0.210  0.753111
 0.211  0.754961
 0.212  0.751573
 0.213  0.758401
 0.214  0.751915
 0.215  0.749623
 0.216  0.749393
 0.217  0.744341
 0.218  0.739742
 0.219  0.738104
 0.220  0.736684
 0.221  0.743469
 0.222  0.721853
 0.223  0.734328
 0.224  0.758174
 0.225  0.749943
 0.226  0.730036
 0.227  0.717375
 0.228  0.702837
 0.229  0.692551
 0.230  0.722531
 0.231  0.725405
 0.232  0.735800
 0.233  0.725303
 0.234  0.600633
 0.235  0.604251
 0.236  0.628593
 0.237  0.673060
 0.238  0.757064
 0.239  0.780786
 0.240  0.737953
 0.241  0.724858
 0.242  0.716654
 0.243  0.711690
 0.244  0.708214
 0.245  0.705093
 0.246  0.702637
 0.247  0.701230
 0.248  0.698051
 0.249  0.695996
 0.250  0.693997
 0.251  0.692126
 0.252  0.691328
 0.253  0.688564
 0.254  0.686647
 0.255  0.685013
 0.256  0.683244
 0.257  0.681756
 0.258  0.680032
 0.259  0.678358
 0.260  0.676772
 0.261  0.675132
 0.262  0.673718
 0.263  0.673237
 0.264  0.670600
 0.265  0.668918
 0.266  0.667454
 0.267  0.665965
 0.268  0.665693
 0.269  0.663003
 0.270  0.661413
 0.271  0.659956
 0.272  0.658497
 0.273  0.657250
 0.274  0.655759
 0.275  0.654098
 0.276  0.652666
 0.277  0.651259
 0.278  0.650026
 0.279  0.648713
 0.280  0.647126
 0.281  0.645664
 0.282  0.644277
 0.283  0.643118
 0.284  0.643073
 0.285  0.640322
 0.286  0.638818
 0.287  0.637394
 0.288  0.636349
 0.289  0.636394
 0.290  0.633717
 0.291  0.632119
 0.292  0.630745
 0.293  0.629733
 0.294  0.629634
 0.295  0.627223
 0.296  0.625516
 0.297  0.624277
 0.298  0.623211
 0.299  0.622178
 0.300  0.620861
 0.301  0.619129
 0.302  0.617941
 0.303  0.616803
 0.304  0.615951
 0.305  0.614636
 0.306  0.612916
 0.307  0.611730
 0.308  0.610658
 0.309  0.609868
 0.310  0.608522
 0.311  0.606833
 0.312  0.605634
 0.313  0.604675
 0.314  0.603934
 0.315  0.602567
 0.316  0.600874
 0.317  0.599634
 0.318  0.598883
 0.319  0.598132
 0.320  0.596653
 0.321  0.595016
 0.322  0.593850
 0.323  0.593259
 0.324  0.592398
 0.325  0.590807
 0.326  0.589288
 0.327  0.588163
 0.328  0.587813
 0.329  0.586834
 0.330  0.585000
 0.331  0.583659
 0.332  0.582601
 0.333  0.582453
 0.334  0.581379
 0.335  0.579307
 0.336  0.578199
 0.337  0.577408
 0.338  0.577182
 0.339  0.575758
 0.340  0.573900
 0.341  0.572831
 0.342  0.572516
 0.343  0.572030
 0.344  0.570061
 0.345  0.568590
 0.346  0.567569
 0.347  0.567810
 0.348  0.566732
 0.349  0.564474
 0.350  0.563402
 0.351  0.562935
 0.352  0.560883
 0.353  0.561078
 0.354  0.559355
 0.355  0.558355
 0.356  0.558708
 0.357  0.557881
 0.358  0.555355
 0.359  0.554342
 0.360  0.553967
 0.361  0.552111
 0.362  0.552148
 0.363  0.550429
 0.364  0.549415
 0.365  0.550297
 0.366  0.549100
 0.367  0.546533
 0.368  0.545623
 0.369  0.545791
 0.370  0.543556
 0.371  0.543055
 0.372  0.541799
 0.373  0.541377
 0.374  0.540015
 0.375  0.540051
 0.376  0.538014
 0.377  0.537120
 0.378  0.538742
 0.379  0.537011
 0.380  0.534334
 0.381  0.533436
 0.382  0.535022
 0.383  0.533950
 0.384  0.530642
 0.385  0.529607
 0.386  0.528103
 0.387  0.530971
 0.388  0.530150
 0.389  0.527392
 0.390  0.525313
 0.391  0.523122
 0.392  0.524933
 0.393  0.522713
 0.394  0.522964
 0.395  0.521274
 0.396  0.520966
 0.397  0.519262
 0.398  0.519845
 0.399  0.517833
 0.400  0.517395
 0.401  0.515854
 0.402  0.517025
 0.403  0.514490
 0.404  0.513572
 0.405  0.512482
 0.406  0.514742
 0.407  0.511088
 0.408  0.509968
 0.409  0.509190
 0.410  0.508589
 0.411  0.509433
 0.412  0.506729
 0.413  0.505871
 0.414  0.505276
 0.415  0.507310
 0.416  0.503445
 0.417  0.505060
 0.418  0.502060
 0.419  0.501910
 0.420  0.500223
 0.421  0.499657
 0.422  0.498823
 0.423  0.497862
 0.424  0.497957
 0.425  0.496429
 0.426  0.498608
 0.427  0.494783
 0.428  0.494076
 0.429  0.493266
 0.430  0.492477
 0.431  0.493365
 0.432  0.490952
 0.433  0.493504
 0.434  0.489395
 0.435  0.488650
 0.436  0.487911
 0.437  0.487130
 0.438  0.487703
 0.439  0.485633
 0.440  0.484909
 0.441  0.487898
 0.442  0.483364
 0.443  0.487385
 0.444  0.482114
 0.445  0.481100
 0.446  0.480370
 0.447  0.479825
 0.448  0.478885
 0.449  0.478144
 0.450  0.477660
 0.451  0.476668
 0.452  0.475970
 0.453  0.475555
 0.454  0.474476
 0.455  0.473843
 0.456  0.473509
 0.457  0.472319
 0.458  0.471674
 0.459  0.471526
 0.460  0.470173
 0.461  0.469540
 0.462  0.469580
 0.463  0.468111
 0.464  0.467413
 0.465  0.466650
 0.466  0.465995
 0.467  0.466302
 0.468  0.464565
 0.469  0.463892
 0.470  0.464320
 0.471  0.462520
 0.472  0.461963
 0.473  0.461093
 0.474  0.460434
 0.475  0.461140
 0.476  0.459109
 0.477  0.458613
 0.478  0.457783
 0.479  0.457085
 0.480  0.459607
 0.481  0.455699
 0.482  0.455435
 0.483  0.454372
 0.484  0.453995
 0.485  0.453194
 0.486  0.452606
 0.487  0.452007
 0.488  0.451265
 0.489  0.460629
 0.490  0.449875
 0.491  0.452844
 0.492  0.448641
 0.493  0.449151
 0.494  0.447412
 0.495  0.447946
 0.496  0.446205
 0.497  0.448370
 0.498  0.449442
 0.499  0.449797
 0.500  0.447298
 0.501  0.451984
 0.502  0.440785
 0.503  0.448848
 0.504  0.441472
 0.505  0.440810
 0.506  0.452405
 0.507  0.437580
 0.508  0.437749
 0.509  0.445587
 0.510  0.442391
 0.511  0.435171
 0.512  0.440918
 0.513  0.437766
 0.514  0.435552
 0.515  0.433363
 0.516  0.432529
 0.517  0.437675
 0.518  0.439683
 0.519  0.436043
 0.520  0.438399
 0.521  0.433152
 0.522  0.433896
 0.523  0.425606
 0.524  0.405775
 0.525  0.419589
 0.526  0.436048
 0.527  0.449936
 0.528  0.433211
 0.529  0.430458
 0.530  0.429478
 0.531  0.428748
 0.532  0.427878
 0.533  0.427382
 0.534  0.426865
 0.535  0.426041
 0.536  0.425552
 0.537  0.425199
 0.538  0.424377
 0.539  0.423771
 0.540  0.423314
 0.541  0.422955
 0.542  0.422462
 0.543  0.421598
 0.544  0.421012
 0.545  0.420532
 0.546  0.420033
 0.547  0.419553
 0.548  0.419068
 0.549  0.418580
 0.550  0.418035
 0.551  0.417490
 0.552  0.417113
 0.553  0.416689
 0.554  0.415715
 0.555  0.415714
 0.556  0.414522
 0.557  0.414296
 0.558  0.413158
 0.559  0.412997
 0.560  0.413442
 0.561  0.320462
 0.562  0.318868
 0.563  0.318505
 0.564  0.226615
 0.565  0.226559
 0.566  0.226510
 0.567  0.226476
 0.568  0.226438
 0.569  0.226386
 0.570  0.226342
 0.571  0.226325
 0.572  0.226270
 0.573  0.226222
 0.574  0.226185
 0.575  0.226162
 0.576  0.226111
 0.577  0.226068
 0.578  0.226043
 0.579  0.226009
 0.580  0.225962
 0.581  0.225925
 0.582  0.225913
 0.583  0.225864
 0.584  0.225822
 0.585  0.225794
 0.586  0.225773
 0.587  0.225728
 0.588  0.225692
 0.589  0.225690
 0.590  0.225642
 0.591  0.225602
 0.592  0.225574
 0.593  0.225563
 0.594  0.225520
 0.595  0.225486
 0.596  0.225476
 0.597  0.225446
 0.598  0.225408
 0.599  0.225382
 0.600  0.225379
 0.601  0.225338
 0.602  0.225307
 0.603  0.225296
 0.604  0.225275
 0.605  0.225240
 0.606  0.225217
 0.607  0.225219
 0.608  0.225181
 0.609  0.225153
 0.610  0.225147
 0.611  0.225130
 0.612  0.225098
 0.613  0.225079
 0.614  0.225085
 0.615  0.225050
 0.616  0.225026
 0.617  0.225028
 0.618  0.225010
 0.619  0.224982
 0.620  0.224968
 0.621  0.224976
 0.622  0.224945
 0.623  0.224925
 0.624  0.224948
 0.625  0.224915
 0.626  0.224892
 0.627  0.224886
 0.628  0.224892
 0.629  0.224866
 0.630  0.224853
 0.631  0.224875
 0.632  0.224847
 0.633  0.224829
 0.634  0.224837
 0.635  0.224834
 0.636  0.224813
 0.637  0.224809
 0.638  0.224828
 0.639  0.224805
 0.640  0.224795
 0.641  0.224828
 0.642  0.224803
 0.643  0.224789
 0.644  0.224801
 0.645  0.224807
 0.646  0.224791
 0.647  0.224793
 0.648  0.224818
 0.649  0.224800
 0.650  0.224796
 0.651  0.224835
 0.652  0.224814
 0.653  0.224807
 0.654  0.224832
 0.655  0.224836
 0.656  0.224826
 0.657  0.224838
 0.658  0.224863
 0.659  0.224851
 0.660  0.224857
 0.661  0.224896
 0.662  0.224883
 0.663  0.224885
 0.664  0.224935
 0.665  0.224921
 0.666  0.224920
 0.667  0.224960
 0.668  0.224964
 0.669  0.224963
 0.670  0.224988
 0.671  0.225015
 0.672  0.225011
 0.673  0.225031
 0.674  0.225070
 0.675  0.225066
 0.676  0.225082
 0.677  0.225132
 0.678  0.225127
 0.679  0.225141
 0.680  0.225200
 0.681  0.225194
 0.682  0.225207
 0.683  0.225273
 0.684  0.225267
 0.685  0.225279
 0.686  0.225352
 0.687  0.225347
 0.688  0.225358
 0.689  0.225416
 0.690  0.225431
 0.691  0.225443
 0.692  0.225494
 0.693  0.225523
 0.694  0.225535
 0.695  0.225583
 0.696  0.225620
 0.697  0.225632
 0.698  0.225681
 0.699  0.225723
 0.700  0.225737
 0.701  0.225786
 0.702  0.225832
 0.703  0.225848
 0.704  0.225900
 0.705  0.225948
 0.706  0.225965
 0.707  0.226021
 0.708  0.226069
 0.709  0.226089
 0.710  0.226151
 0.711  0.226197
 0.712  0.226220
 0.713  0.226291
 0.714  0.226332
 0.715  0.226358
 0.716  0.226446
 0.717  0.226473
 0.718  0.226504
 0.719  0.226608
 0.720  0.226620
 0.721  0.226657
 0.722  0.226759
 0.723  0.226775
 0.724  0.226818
 0.725  0.226917
 0.726  0.226938
 0.727  0.226989
 0.728  0.227082
 0.729  0.227108
 0.730  0.227170
 0.731  0.227254
 0.732  0.227286
 0.733  0.227365
 0.734  0.227433
 0.735  0.227474
 0.736  0.227599
 0.737  0.227621
 0.738  0.227671
 0.739  0.227789
 0.740  0.227818
 0.741  0.227881
 0.742  0.227987
 0.743  0.228024
 0.744  0.228108
 0.745  0.228193
 0.746  0.228241
 0.747  0.228380
 0.748  0.228409
 0.749  0.228471
 0.750  0.228597
 0.751  0.228635
 0.752  0.228719
 0.753  0.228823
 0.754  0.228874
 0.755  0.229017
 0.756  0.229060
 0.757  0.229129
 0.758  0.229264
 0.759  0.229310
 0.760  0.229407
 0.761  0.229512
 0.762  0.229575
 0.763  0.229731
 0.764  0.229774
 0.765  0.229861
 0.766  0.229992
 0.767  0.230052
 0.768  0.230206
 0.769  0.230266
 0.770  0.230350
 0.771  0.230498
 0.772  0.230558
 0.773  0.230693
 0.774  0.230786
 0.775  0.230873
 0.776  0.231030
 0.777  0.231094
 0.778  0.231236
 0.779  0.231334
 0.780  0.231428
 0.781  0.231590
 0.782  0.231660
 0.783  0.231838
 0.784  0.231912
 0.785  0.232019
 0.786  0.232177
 0.787  0.232260
 0.788  0.232456
 0.789  0.232521
 0.790  0.232653
 0.791  0.232797
 0.792  0.232897
 0.793  0.233084
 0.794  0.233165
 0.795  0.233382
 0.796  0.233449
 0.797  0.233582
 0.798  0.233746
 0.799  0.233853
 0.800  0.234053
 0.801  0.234143
 0.802  0.234370
 0.803  0.234446
 0.804  0.234603
 0.805  0.234762
 0.806  0.234890
 0.807  0.235088
 0.808  0.235198
 0.809  0.235423
 0.810  0.235520
 0.811  0.235767
 0.812  0.235853
 0.813  0.236039
 0.814  0.236197
 0.815  0.236354
 0.816  0.236550
 0.817  0.236690
 0.818  0.236911
 0.819  0.237039
 0.820  0.237281
 0.821  0.237400
 0.822  0.237658
 0.823  0.237771
 0.824  0.238043
 0.825  0.238151
 0.826  0.238435
 0.827  0.238539
 0.828  0.238808
 0.829  0.238937
 0.830  0.239182
 0.831  0.239343
 0.832  0.239580
 0.833  0.239757
 0.834  0.239993
 0.835  0.240179
 0.836  0.240424
 0.837  0.240610
 0.838  0.240872
 0.839  0.241050
 0.840  0.241347
 0.841  0.241498
 0.842  0.241829
 0.843  0.241956
 0.844  0.242286
 0.845  0.242426
 0.846  0.242752
 0.847  0.242907
 0.848  0.243225
 0.849  0.243403
 0.850  0.243709
 0.851  0.243917
 0.852  0.244205
 0.853  0.244461
 0.854  0.244713
 0.855  0.245089
 0.856  0.245238
 0.857  0.245599
 0.858  0.245784
 0.859  0.246122
 0.860  0.246363
 0.861  0.246662
 0.862  0.247050
 0.863  0.247226
 0.864  0.247607
 0.865  0.247824
 0.866  0.248167
 0.867  0.248506
 0.868  0.248755
 0.869  0.249159
 0.870  0.249390
 0.871  0.249745
 0.872  0.250190
 0.873  0.250373
 0.874  0.250777
 0.875  0.251086
 0.876  0.251407
 0.877  0.251843
 0.878  0.252114
 0.879  0.252480
 0.880  0.252938
 0.881  0.253199
 0.882  0.253587
 0.883  0.254060
 0.884  0.254336
 0.885  0.254729
 0.886  0.255206
 0.887  0.255540
 0.888  0.255912
 0.889  0.256384
 0.890  0.256909
 0.891  0.257148
 0.892  0.257599
 0.893  0.258112
 0.894  0.258520
 0.895  0.258882
 0.896  0.259364
 0.897  0.259896
 0.898  0.260401
 0.899  0.260720
 0.900  0.261200
 0.901  0.261732
 0.902  0.262299
 0.903  0.262807
 0.904  0.263166
 0.905  0.263664
 0.906  0.264206
 0.907  0.264777
 0.908  0.265367
 0.909  0.265972
 0.910  0.266465
 0.911  0.266910
 0.912  0.267444
 0.913  0.268007
 0.914  0.268588
 0.915  0.269183
 0.916  0.269786
 0.917  0.270396
 0.918  0.271015
 0.919  0.271637
 0.920  0.272264
 0.921  0.272904
 0.922  0.273557
 0.923  0.274238
 0.924  0.274980
 0.925  0.275902
 0.926  0.276490
 0.927  0.277090
 0.928  0.277732
 0.929  0.278470
 0.930  0.279528
 0.931  0.280064
 0.932  0.280722
 0.933  0.281892
 0.934  0.282369
 0.935  0.283210
 0.936  0.284047
 0.937  0.284940
 0.938  0.285662
 0.939  0.286818
 0.940  0.287545
 0.941  0.288267
 0.942  0.289174
 0.943  0.290104
 0.944  0.291032
 0.945  0.292842
 0.946  0.293097
 0.947  0.294764
 0.948  0.296006
 0.949  0.296131
 0.950  0.297100
 0.951  0.297345
 0.952  0.000000
 0.953  0.000000
 0.954  0.000000
 0.955  0.000000
 0.956  0.000000
 0.957  0.000000
 0.958  0.000000
 0.959  0.000000
 0.960  0.000000
 0.961  0.000000
 0.962  0.000000
 0.963  0.000000
 0.964  0.000000
 0.965  0.000000
 0.966  0.000000
 0.967  0.000000
 0.968  0.000000
 0.969  0.000000
 0.970  0.000000
 0.971  0.000000
 0.972  0.000000
 0.973  0.000000
 0.974  0.000000
 0.975  0.000000
 0.976  0.000000
 0.977  0.000000
 0.978  0.000000
 0.979  0.000000
 0.980  0.000000
 0.981  0.000000
 0.982  0.000000
 0.983  0.000000
 0.984  0.000000
 0.985  0.000000
 0.986  0.000000
 0.987  0.000000
 0.988  0.000000
 0.989  0.000000
 0.990  0.000000
 0.991  0.000000
 0.992  0.000000
 0.993  0.000000
 0.994  0.000000
 0.995  0.000000
 0.996  0.000000
 0.997  0.000000
 0.998  0.000000
 0.999  0.000000
 1.000  0.000000
