-0.400  0.000000
-0.399  0.000000
-0.398  0.000000
-0.397  0.000000
-0.396  0.000000
-0.395  0.000000
-0.394  0.000000
-0.393  0.000000
-0.392  0.000000
-0.391  0.000000
-0.390  0.000000
-0.389  0.000000
-0.388  0.000000
-0.387  0.000000
-0.386  0.000000
-0.385  0.000000
-0.384  0.000000
-0.383  0.000000
-0.382  0.000000
-0.381  0.000000
-0.380  0.000000
-0.379  0.000000
-0.378  0.000000
-0.377  0.000000
-0.376  0.000000
-0.375  0.000000
-0.374  0.000000
-0.373  0.000000
-0.372  0.000000
-0.371  0.000000
-0.370  0.000000
-0.369  0.000000
-0.368  0.000000
-0.367  0.000000
-0.366  0.000000
-0.365  0.000000
-0.364  0.000000
-0.363  0.000000
-0.362  0.000000
-0.361  0.000000
-0.360  0.000000
-0.359  0.000000
-0.358  0.000000
-0.357  0.000000
-0.356  0.000000
-0.355  0.000000
-0.354  0.000000
-0.353  0.000000
-0.352  0.000000
-0.351  0.000000
-0.350  0.000000
-0.349  0.000000
-0.348  0.000000
-0.347  0.000000
-0.346  0.000000
-0.345  0.000000
-0.344  0.000000
-0.343  0.000000
-0.342  0.000000
-0.341  0.000000
-0.340  0.000000
-0.339  0.000000
-0.338  0.000000
-0.337  0.000000
-0.336  0.000000
-0.335  0.000000
-0.334  0.000000
-0.333  0.000000
-0.332  0.000000
-0.331  0.000000
-0.330  0.000000
-0.329  0.000000
-0.328  0.000000
-0.327  0.000000
-0.326  0.000000
-0.325  0.000000
-0.324  0.000000
-0.323  0.000000
-0.322  0.000000
-0.321  0.000000
-0.320  0.000000
-0.319  0.000000
-0.318  0.000000
-0.317  0.000000
-0.316  0.000000
-0.315  0.000000
-0.314  0.000000
-0.313  0.000000
-0.312  0.000000
-0.311  0.000000
-0.310  0.000000
-0.309  0.000000
-0.308  0.000000
-0.307  0.000000
-0.306  0.000000
-0.305  0.000000
-0.304  0.000000
-0.303  0.000000
-0.302  0.000000
-0.301  0.000000
-0.300  0.000000
-0.299  0.000000
-0.298  0.000000
-0.297  0.000000
-0.296  0.000000
-0.295  0.000000
-0.294  0.000000
-0.293  0.000000
-0.292  0.000000
-0.291  0.000000
-0.290  0.000000
-0.289  0.000000
-0.288  0.000000
-0.287  0.000000
-0.286  0.000000
-0.285  0.000000
-0.284  0.000000
-0.283  0.000000
-0.282  0.000000
-0.281  0.000000
-0.280  0.517517
-0.279  0.474860
-0.278  0.447243
-0.277  0.429431
-0.276  0.415310
-0.275  0.405413
-0.274  0.397470
-0.273  0.391798
-0.272  0.386561
-0.271  0.383064
-0.270  0.380243
-0.269  0.377886
-0.268  0.375957
-0.267  0.374444
-0.266  0.373368
-0.265  0.372779
-0.264  0.372960
-0.263  0.372987
-0.262  0.373423
-0.261  0.374478
-0.260  0.375504
-0.259  2.980018
-0.258  1.664045
-0.257  1.447092
-0.256  1.349011
-0.255  1.292857
-0.254  1.252577
-0.253  1.226592
-0.252  1.207370
-0.251  1.193372
-0.250  1.183117
-0.249  1.176632
-0.248  1.170916
-0.247  1.169247
-0.246  1.166685
-0.245  1.166473
-0.244  1.169538
-0.243  1.170888
-0.242  1.174094
-0.241  1.177471
-0.240  1.183235
-0.239  1.189807
-0.238  1.197215
-0.237  1.204822
-0.236  1.212704
-0.235  1.446936
-0.234  1.467696
-0.233  1.488964
-0.232  1.512988
-0.231  1.537384
-0.230  1.562435
-0.229  1.588538
-0.228  1.616575
-0.227  1.644414
-0.226  1.673014
-0.225  1.702042
-0.224  1.732335
-0.223  1.763599
-0.222  1.795179
-0.221  1.828284
-0.220  1.860998
-0.219  1.895443
-0.218  1.930864
-0.217  1.970232
-0.216  2.009685
-0.215  2.050006
-0.214  2.092957
-0.213  2.137990
-0.212  2.184625
-0.211  2.233308
-0.210  2.284647
-0.209  2.342426
-0.208  2.402312
-0.207  2.466893
-0.206  2.659200
-0.205  2.708781
-0.204  2.794681
-0.203  2.888433
-0.202  2.995025
-0.201  3.121982
-0.200  3.270905
-0.199  3.457050
-0.198  3.702693
-0.197  4.062985
-0.196  4.756452
-0.195  5.382564
-0.194  4.315348
-0.193  3.898605
-0.192  3.643997
-0.191  3.458196
-0.190  3.314162
-0.189  3.199799
-0.188  3.104790
-0.187  3.021939
-0.186  2.950763
-0.185  2.888712
-0.184  2.833836
-0.183  2.784706
-0.182  2.740118
-0.181  2.701180
-0.180  2.664394
-0.179  2.631940
-0.178  2.601397
-0.177  2.572304
-0.176  2.545946
-0.175  2.523192
-0.174  2.500167
-0.173  2.477930
-0.172  2.459020
-0.171  2.439557
-0.170  2.422041
-0.169  2.404361
-0.168  2.388935
-0.167  2.372181
-0.166  2.357399
-0.165  2.344249
-0.164  2.313184
-0.163  2.315357
-0.162  2.319696
-0.161  2.360487
-0.160  2.388736
-0.159  2.421672
-0.158  2.464709
-0.157  2.522258
-0.156  2.617986
-0.155  2.847551
-0.154  2.720418
-0.153  2.562056
-0.152  2.475288
-0.151  2.413476
-0.150  2.368322
-0.149  2.325132
-0.148  2.284335
-0.147  1.948741
-0.146  1.928655
-0.145  1.911824
-0.144  1.896273
-0.143  1.882337
-0.142  1.869672
-0.141  1.859033
-0.140  1.848840
-0.139  1.839566
-0.138  1.831209
-0.137  1.823728
-0.136  1.816856
-0.135  1.810973
-0.134  1.805763
-0.133  1.801151
-0.132  1.796793
-0.131  1.793656
-0.130  1.790765
-0.129  1.788621
-0.128  1.786713
-0.127  1.786184
-0.126  1.785860
-0.125  1.785702
-0.124  1.786501
-0.123  1.788101
-0.122  1.790343
-0.121  1.793219
-0.120  1.797350
-0.119  1.801863
-0.118  1.806614
-0.117  1.812931
-0.116  1.820223
-0.115  1.828544
-0.114  1.838475
-0.113  1.849755
-0.112  1.863121
-0.111  1.877666
-0.110  1.895895
-0.109  1.916576
-0.108  1.942044
-0.107  1.973803
-0.106  2.015146
-0.105  2.071006
-0.104  2.393446
-0.103  2.851426
-0.102  2.448678
-0.101  2.388233
-0.100  2.362664
-0.099  2.349591
-0.098  2.351831
-0.097  2.359638
-0.096  1.589867
-0.095  1.612090
-0.094  1.634442
-0.093  1.658045
-0.092  1.683887
-0.091  1.711574
-0.090  1.740458
-0.089  1.771864
-0.088  1.805646
-0.087  1.841874
-0.086  1.881656
-0.085  1.925576
-0.084  1.973185
-0.083  2.026584
-0.082  2.087284
-0.081  2.159890
-0.080  2.241542
-0.079  2.339036
-0.078  2.463712
-0.077  2.623113
-0.076  2.855661
-0.075  3.292920
-0.074  3.780149
-0.073  3.646219
-0.072  2.864959
-0.071  2.492423
-0.070  2.250372
-0.069  2.071002
-0.068  1.932999
-0.067  1.824358
-0.066  1.733992
-0.065  1.657285
-0.064  1.592177
-0.063  1.535052
-0.062  1.485702
-0.061  1.442116
-0.060  1.409464
-0.059  0.807532
-0.058  0.812119
-0.057  0.816636
-0.056  0.821136
-0.055  0.826008
-0.054  0.831090
-0.053  0.836349
-0.052  0.841600
-0.051  0.846916
-0.050  0.852700
-0.049  0.858730
-0.048  0.865218
-0.047  0.871682
-0.046  0.878458
-0.045  0.885328
-0.044  0.892534
-0.043  0.900666
-0.042  0.909112
-0.041  0.918034
-0.040  0.927833
-0.039  0.938030
-0.038  0.949107
-0.037  0.961188
-0.036  0.974149
-0.035  0.988576
-0.034  1.004403
-0.033  1.022978
-0.032  1.044864
-0.031  1.069022
-0.030  1.097280
-0.029  1.135653
-0.028  1.182699
-0.027  1.248172
-0.026  1.360885
-0.025  1.629810
-0.024  1.646746
-0.023  1.064175
-0.022  1.023700
-0.021  0.999626
-0.020  0.985490
-0.019  0.972251
-0.018  0.964175
-0.017  0.957111
-0.016  0.951049
-0.015  0.945328
-0.014  0.941614
-0.013  0.938490
-0.012  0.935864
-0.011  0.933545
-0.010  0.931540
-0.009  0.929980
-0.008  0.928632
-0.007  0.927368
-0.006  0.926657
-0.005  0.926775
-0.004  0.926113
-0.003  0.926184
-0.002  0.926229
-0.001  0.926108
 0.000  0.926709
 0.001  0.927563
 0.002  0.928576
 0.003  0.929994
 0.004  0.932001
 0.005  0.934663
 0.006  0.937799
 0.007  0.941517
 0.008  0.946348
 0.009  0.952411
 0.010  0.960033
 0.011  0.971161
 0.012  0.985601
 0.013  1.006566
 0.014  1.051422
 0.015  1.185583
 0.016  1.029136
 0.017  0.983865
 0.018  0.955236
 0.019  0.933197
 0.020  0.916072
 0.021  0.900736
 0.022  0.886673
 0.023  0.874286
 0.024  0.863070
 0.025  0.852395
 0.026  0.842346
 0.027  0.833086
 0.028  0.824284
 0.029  0.816142
 0.030  0.807986
 0.031  0.799857
 0.032  0.792125
 0.033  0.785232
 0.034  0.778090
 0.035  0.770966
 0.036  0.764326
 0.037  0.757973
 0.038  0.751451
 0.039  0.745269
 0.040  0.739089
 0.041  0.733032
 0.042  0.727492
 0.043  0.721554
 0.044  0.716269
 0.045  0.710506
 0.046  0.705394
 0.047  0.700043
 0.048  0.694707
 0.049  0.689789
 0.050  0.684781
 0.051  0.679727
 0.052  0.675104
 0.053  0.670311
 0.054  0.665693
 0.055  0.661202
 0.056  0.656764
 0.057  0.652376
 0.058  0.648307
 0.059  0.643860
 0.060  0.640166
 0.061  0.636066
 0.062  0.632500
 0.063  0.628838
 0.064  0.625384
 0.065  0.622185
 0.066  0.619105
 0.067  0.616250
 0.068  0.613373
 0.069  0.611241
 0.070  0.609293
 0.071  0.607531
 0.072  0.606123
 0.073  0.604735
 0.074  0.603681
 0.075  0.602645
 0.076  0.601782
 0.077  0.599983
 0.078  0.933003
 0.079  0.956434
 0.080  0.971368
 0.081  0.993763
 0.082  1.015533
 0.083  1.044322
 0.084  1.074101
 0.085  1.105830
 0.086  1.145421
 0.087  1.197604
 0.088  1.268948
 0.089  1.266125
 0.090  1.484872
 0.091  1.537974
 0.092  1.277795
 0.093  1.162494
 0.094  1.092226
 0.095  1.037250
 0.096  0.997978
 0.097  0.963493
 0.098  0.937895
 0.099  0.914790
 0.100  0.897037
 0.101  0.883305
 0.102  0.873060
 0.103  0.868252
 0.104  0.866446
 0.105  0.878306
 0.106  0.911620
 0.107  1.427205
 0.108  0.817853
 0.109  0.780442
 0.110  0.740870
 0.111  0.713919
 0.112  0.688708
 0.113  1.581538
 0.114  1.669947
 0.115  1.807139
 0.116  2.084455
 0.117  2.946123
 0.118  1.793307
 0.119  1.220069
 0.120  0.992795
 0.121  1.150391
 0.122  1.141101
 0.123  1.113806
 0.124  1.100636
 0.125  1.102402
 0.126  1.104398
 0.127  1.109022
 0.128  1.125559
 0.129  1.136919
 0.130  1.159241
 0.131  1.181692
 0.132  1.210569
 0.133  1.247006
 0.134  1.295969
 0.135  1.355783
 0.136  1.483789
 0.137  1.562055
 0.138  1.446545
 0.139  1.399652
 0.140  1.372905
 0.141  1.351844
 0.142  1.339216
 0.143  1.328603
 0.144  1.323808
 0.145  1.323398
 0.146  1.325687
 0.147  1.330614
 0.148  1.346983
 0.149  1.374118
 0.150  1.436534
 0.151  1.587148
 0.152  1.387079
 0.153  1.321410
 0.154  1.276855
 0.155  1.244926
 0.156  1.217034
 0.157  1.192389
 0.158  1.171735
 0.159  1.151260
 0.160  1.133615
 0.161  1.115566
 0.162  1.100554
 0.163  1.083852
 0.164  1.070562
 0.165  1.054930
 0.166  1.042294
 0.167  1.029461
 0.168  1.015891
 0.169  1.003573
 0.170  0.993054
 0.171  0.981358
 0.172  0.969051
 0.173  0.960592
 0.174  0.948213
 0.175  0.938309
 0.176  0.926974
 0.177  0.917289
 0.178  0.907774
 0.179  0.896941
 0.180  0.887818
 0.181  0.877569
 0.182  0.868518
 0.183  0.859402
 0.184  0.848832
 0.185  0.840522
 0.186  0.831340
 0.187  0.822313
 0.188  0.813359
 0.189  0.804375
 0.190  0.795779
 0.191  0.786410
 0.192  0.778701
 0.193  0.771160
 0.194  0.759499
 0.195  0.753571
 0.196  0.744053
 0.197  0.735534
 0.198  0.727750
 0.199  0.720443
 0.200  0.709669
 0.201  0.701036
 0.202  0.870775
 0.203  0.874529
 0.204  0.867596
 0.205  0.864760
 0.206  0.857919
 0.207  0.859096
 0.208  0.857834
 0.209  0.852447
 0.210  0.845812
 0.211  0.829199
 0.212  0.840520
 0.213  0.857043
 0.214  0.946331
 0.215  0.885849
 0.216  0.850962
 0.217  0.872464
 0.218  0.873156
 0.219  0.836285
 0.220  0.821172
 0.221  0.812144
 0.222  0.806142
 0.223  0.801149
 0.224  0.796807
 0.225  0.796544
 0.226  0.794110
 0.227  0.799172
 0.228  0.800737
 0.229  0.797906
 0.230  0.804149
 0.231  0.806790
 0.232  0.817409
 0.233  0.826743
 0.234  0.846700
 0.235  0.867048
 0.236  0.912204
 0.237  0.984884
 0.238  1.265603
 0.239  1.065538
 0.240  0.424230
 0.241  0.396933
 0.242  0.382254
 0.243  0.369681
 0.244  0.360361
 0.245  0.352436
 0.246  0.345640
 0.247  0.470285
 0.248  0.472028
 0.249  0.475946
 0.250  0.480439
 0.251  0.483870
 0.252  0.488318
 0.253  0.500977
 0.254  0.503377
 0.255  0.506650
 0.256  0.515658
 0.257  0.525987
 0.258  0.536695
 0.259  0.543578
 0.260  0.552150
 0.261  0.563122
 0.262  0.575632
 0.263  0.586347
 0.264  0.604421
 0.265  0.618847
 0.266  0.641766
 0.267  0.680536
 0.268  0.715487
 0.269  0.751617
 0.270  1.437246
 0.271  1.329306
 0.272  1.106440
 0.273  1.015438
 0.274  0.960616
 0.275  0.923194
 0.276  0.894807
 0.277  0.872557
 0.278  0.854399
 0.279  0.839172
 0.280  0.826050
 0.281  0.814695
 0.282  0.804679
 0.283  0.795538
 0.284  0.787419
 0.285  0.780103
 0.286  0.773277
 0.287  0.766962
 0.288  0.761144
 0.289  0.755589
 0.290  0.750439
 0.291  0.745856
 0.292  0.740946
 0.293  0.736866
 0.294  0.732651
 0.295  0.728612
 0.296  0.724975
 0.297  0.721089
 0.298  0.717830
 0.299  0.714306
 0.300  0.711161
 0.301  0.707985
 0.302  0.704750
 0.303  0.701996
 0.304  0.698956
 0.305  0.696253
 0.306  0.693556
 0.307  0.690779
 0.308  0.688296
 0.309  0.685615
 0.310  0.683279
 0.311  0.680640
 0.312  0.678385
 0.313  0.676010
 0.314  0.673725
 0.315  0.671514
 0.316  0.669286
 0.317  0.667083
 0.318  0.664908
 0.319  0.662874
 0.320  0.660723
 0.321  0.658898
 0.322  0.656707
 0.323  0.654857
 0.324  0.652698
 0.325  0.650821
 0.326  0.648995
 0.327  0.647044
 0.328  0.645398
 0.329  0.643311
 0.330  0.641793
 0.331  0.639712
 0.332  0.638120
 0.333  0.636423
 0.334  0.634449
 0.335  0.633013
 0.336  0.631051
 0.337  0.629620
 0.338  0.627773
 0.339  0.626345
 0.340  0.624679
 0.341  0.622999
 0.342  0.621574
 0.343  0.619635
 0.344  0.618398
 0.345  0.616437
 0.346  0.615321
 0.347  0.613624
 0.348  0.612230
 0.349  0.610704
 0.350  0.609185
 0.351  0.607803
 0.352  0.606203
 0.353  0.604895
 0.354  0.603285
 0.355  0.602018
 0.356  0.600525
 0.357  0.599210
 0.358  0.597912
 0.359  0.596352
 0.360  0.595015
 0.361  0.593638
 0.362  0.592140
 0.363  0.590859
 0.364  0.589590
 0.365  0.588296
 0.366  0.586739
 0.367  0.585899
 0.368  0.584293
 0.369  0.583140
 0.370  0.581917
 0.371  0.580770
 0.372  0.579316
 0.373  0.578081
 0.374  0.576944
 0.375  0.575421
 0.376  0.574841
 0.377  0.572746
 0.378  0.569262
 0.379  0.569855
 0.380  0.569381
 0.381  0.570535
 0.382  0.572158
 0.383  0.583222
 0.384  0.593035
 0.385  0.596408
 0.386  0.583730
 0.387  0.577912
 0.388  0.574054
 0.389  0.570391
 0.390  0.567535
 0.391  0.564674
 0.392  0.562297
 0.393  0.559679
 0.394  0.557505
 0.395  0.555053
 0.396  0.553091
 0.397  0.550661
 0.398  0.548740
 0.399  0.546582
 0.400  0.544573
 0.401  0.542370
 0.402  0.540435
 0.403  0.538547
 0.404  0.536431
 0.405  0.534400
 0.406  0.532593
 0.407  0.530584
 0.408  0.528201
 0.409  0.526743
 0.410  0.524599
 0.411  0.522763
 0.412  0.520672
 0.413  0.519314
 0.414  0.516959
 0.415  0.515115
 0.416  0.513505
 0.417  0.511283
 0.418  0.527976
 0.419  0.527792
 0.420  0.526622
 0.421  0.525300
 0.422  0.524819
 0.423  0.523512
 0.424  0.522562
 0.425  0.522510
 0.426  0.520883
 0.427  0.520122
 0.428  0.518804
 0.429  0.518454
 0.430  0.517298
 0.431  0.516033
 0.432  0.515497
 0.433  0.514445
 0.434  0.513618
 0.435  0.512092
 0.436  0.511564
 0.437  0.511259
 0.438  0.509373
 0.439  0.509392
 0.440  0.508437
 0.441  0.506714
 0.442  0.506770
 0.443  0.505435
 0.444  0.504357
 0.445  0.504121
 0.446  0.502497
 0.447  0.502410
 0.448  0.501458
 0.449  0.499706
 0.450  0.499843
 0.451  0.498874
 0.452  0.497074
 0.453  0.497917
 0.454  0.496765
 0.455  0.494676
 0.456  0.494956
 0.457  0.494506
 0.458  0.492455
 0.459  0.492162
 0.460  0.491058
 0.461  0.490528
 0.462  0.489406
 0.463  0.488991
 0.464  0.488176
 0.465  0.486819
 0.466  0.487401
 0.467  0.485274
 0.468  0.483510
 0.469  0.485377
 0.470  0.482953
 0.471  0.482463
 0.472  0.482029
 0.473  0.480138
 0.474  0.480516
 0.475  0.480156
 0.476  0.479378
 0.477  0.477704
 0.478  0.479288
 0.479  0.474671
 0.480  0.475877
 0.481  0.474009
 0.482  0.473190
 0.483  0.474542
 0.484  0.471674
 0.485  0.471711
 0.486  0.471267
 0.487  0.470132
 0.488  0.471900
 0.489  0.468474
 0.490  0.467447
 0.491  0.465598
 0.492  0.468365
 0.493  0.464597
 0.494  0.466241
 0.495  0.466236
 0.496  0.463521
 0.497  0.465580
 0.498  0.460679
 0.499  0.463381
 0.500  0.462444
 0.501  0.459426
 0.502  0.460025
 0.503  0.465784
 0.504  0.456475
 0.505  0.457075
 0.506  0.456299
 0.507  0.458426
 0.508  0.463883
 0.509  0.462264
 0.510  0.456378
 0.511  0.457781
 0.512  0.468897
 0.513  0.450811
 0.514  0.450696
 0.515  0.452297
 0.516  0.447591
 0.517  0.446233
 0.518  0.469567
 0.519  0.378940
 0.520  0.383429
 0.521  0.384401
 0.522  0.385604
 0.523  0.388070
 0.524  0.395869
 0.525  0.404624
 0.526  0.401796
 0.527  0.405624
 0.528  0.409969
 0.529  0.428454
 0.530  0.418211
 0.531  0.424231
 0.532  0.482320
 0.533  0.441723
 0.534  0.454674
 0.535  0.479650
 0.536  0.501503
 0.537  0.474916
 0.538  0.464415
 0.539  0.458307
 0.540  0.454093
 0.541  0.450878
 0.542  0.448318
 0.543  0.445998
 0.544  0.444137
 0.545  0.442678
 0.546  0.441106
 0.547  0.439589
 0.548  0.438419
 0.549  0.437424
 0.550  0.436322
 0.551  0.435183
 0.552  0.434273
 0.553  0.433327
 0.554  0.432494
 0.555  0.431689
 0.556  0.430947
 0.557  0.430151
 0.558  0.429429
 0.559  0.428754
 0.560  0.427802
 0.561  0.426798
 0.562  0.425913
 0.563  0.425392
 0.564  0.424769
 0.565  0.423831
 0.566  0.423703
 0.567  0.423210
 0.568  0.421138
 0.569  0.420594
 0.570  0.231593
 0.571  0.231446
 0.572  0.231309
 0.573  0.231186
 0.574  0.231077
 0.575  0.230950
 0.576  0.230834
 0.577  0.230742
 0.578  0.230632
 0.579  0.230522
 0.580  0.230425
 0.581  0.230347
 0.582  0.230243
 0.583  0.230148
 0.584  0.230072
 0.585  0.229991
 0.586  0.229899
 0.587  0.229819
 0.588  0.229762
 0.589  0.229674
 0.590  0.229594
 0.591  0.229532
 0.592  0.229469
 0.593  0.229390
 0.594  0.229323
 0.595  0.229282
 0.596  0.229205
 0.597  0.229137
 0.598  0.229086
 0.599  0.229036
 0.600  0.228968
 0.601  0.228911
 0.602  0.228881
 0.603  0.228814
 0.604  0.228756
 0.605  0.228716
 0.606  0.228673
 0.607  0.228614
 0.608  0.228568
 0.609  0.228545
 0.610  0.228486
 0.611  0.228437
 0.612  0.228411
 0.613  0.228370
 0.614  0.228319
 0.615  0.228282
 0.616  0.228265
 0.617  0.228213
 0.618  0.228172
 0.619  0.228170
 0.620  0.228118
 0.621  0.228075
 0.622  0.228050
 0.623  0.228033
 0.624  0.227988
 0.625  0.227957
 0.626  0.227957
 0.627  0.227912
 0.628  0.227878
 0.629  0.227871
 0.630  0.227845
 0.631  0.227808
 0.632  0.227789
 0.633  0.227786
 0.634  0.227749
 0.635  0.227725
 0.636  0.227736
 0.637  0.227698
 0.638  0.227671
 0.639  0.227673
 0.640  0.227656
 0.641  0.227627
 0.642  0.227617
 0.643  0.227622
 0.644  0.227591
 0.645  0.227576
 0.646  0.227595
 0.647  0.227564
 0.648  0.227546
 0.649  0.227577
 0.650  0.227545
 0.651  0.227525
 0.652  0.227530
 0.653  0.227533
 0.654  0.227512
 0.655  0.227510
 0.656  0.227529
 0.657  0.227507
 0.658  0.227501
 0.659  0.227532
 0.660  0.227509
 0.661  0.227501
 0.662  0.227542
 0.663  0.227519
 0.664  0.227509
 0.665  0.227535
 0.666  0.227536
 0.667  0.227525
 0.668  0.227542
 0.669  0.227560
 0.670  0.227549
 0.671  0.227560
 0.672  0.227591
 0.673  0.227579
 0.674  0.227588
 0.675  0.227628
 0.676  0.227617
 0.677  0.227625
 0.678  0.227673
 0.679  0.227661
 0.680  0.227668
 0.681  0.227724
 0.682  0.227713
 0.683  0.227720
 0.684  0.227782
 0.685  0.227771
 0.686  0.227779
 0.687  0.227846
 0.688  0.227837
 0.689  0.227845
 0.690  0.227917
 0.691  0.227908
 0.692  0.227918
 0.693  0.227979
 0.694  0.227987
 0.695  0.227998
 0.696  0.228058
 0.697  0.228073
 0.698  0.228085
 0.699  0.228148
 0.700  0.228165
 0.701  0.228180
 0.702  0.228250
 0.703  0.228265
 0.704  0.228282
 0.705  0.228371
 0.706  0.228371
 0.707  0.228392
 0.708  0.228481
 0.709  0.228484
 0.710  0.228509
 0.711  0.228599
 0.712  0.228605
 0.713  0.228634
 0.714  0.228723
 0.715  0.228733
 0.716  0.228768
 0.717  0.228855
 0.718  0.228868
 0.719  0.228911
 0.720  0.228993
 0.721  0.229012
 0.722  0.229064
 0.723  0.229139
 0.724  0.229164
 0.725  0.229229
 0.726  0.229293
 0.727  0.229324
 0.728  0.229416
 0.729  0.229455
 0.730  0.229494
 0.731  0.229606
 0.732  0.229626
 0.733  0.229675
 0.734  0.229779
 0.735  0.229806
 0.736  0.229869
 0.737  0.229960
 0.738  0.229995
 0.739  0.230084
 0.740  0.230150
 0.741  0.230196
 0.742  0.230323
 0.743  0.230350
 0.744  0.230411
 0.745  0.230524
 0.746  0.230561
 0.747  0.230645
 0.748  0.230735
 0.749  0.230784
 0.750  0.230926
 0.751  0.230957
 0.752  0.231024
 0.753  0.231149
 0.754  0.231192
 0.755  0.231288
 0.756  0.231382
 0.757  0.231441
 0.758  0.231589
 0.759  0.231629
 0.760  0.231712
 0.761  0.231835
 0.762  0.231892
 0.763  0.232042
 0.764  0.232095
 0.765  0.232175
 0.766  0.232315
 0.767  0.232371
 0.768  0.232499
 0.769  0.232589
 0.770  0.232670
 0.771  0.232823
 0.772  0.232882
 0.773  0.233012
 0.774  0.233113
 0.775  0.233199
 0.776  0.233358
 0.777  0.233423
 0.778  0.233572
 0.779  0.233665
 0.780  0.233763
 0.781  0.233922
 0.782  0.233996
 0.783  0.234191
 0.784  0.234249
 0.785  0.234366
 0.786  0.234516
 0.787  0.234606
 0.788  0.234796
 0.789  0.234868
 0.790  0.235026
 0.791  0.235144
 0.792  0.235259
 0.793  0.235433
 0.794  0.235526
 0.795  0.235732
 0.796  0.235810
 0.797  0.235981
 0.798  0.236107
 0.799  0.236237
 0.800  0.236416
 0.801  0.236523
 0.802  0.236734
 0.803  0.236827
 0.804  0.237062
 0.805  0.237143
 0.806  0.237316
 0.807  0.237470
 0.808  0.237614
 0.809  0.237807
 0.810  0.237932
 0.811  0.238153
 0.812  0.238265
 0.813  0.238507
 0.814  0.238610
 0.815  0.238870
 0.816  0.238965
 0.817  0.239190
 0.818  0.239329
 0.819  0.239520
 0.820  0.239702
 0.821  0.239877
 0.822  0.240084
 0.823  0.240249
 0.824  0.240473
 0.825  0.240632
 0.826  0.240870
 0.827  0.241026
 0.828  0.241276
 0.829  0.241431
 0.830  0.241688
 0.831  0.241845
 0.832  0.242109
 0.833  0.242270
 0.834  0.242538
 0.835  0.242705
 0.836  0.242975
 0.837  0.243151
 0.838  0.243420
 0.839  0.243610
 0.840  0.243873
 0.841  0.244083
 0.842  0.244337
 0.843  0.244575
 0.844  0.244810
 0.845  0.245106
 0.846  0.245295
 0.847  0.245647
 0.848  0.245793
 0.849  0.246135
 0.850  0.246307
 0.851  0.246635
 0.852  0.246842
 0.853  0.247147
 0.854  0.247414
 0.855  0.247676
 0.856  0.248060
 0.857  0.248224
 0.858  0.248589
 0.859  0.248801
 0.860  0.249134
 0.861  0.249436
 0.862  0.249702
 0.863  0.250103
 0.864  0.250304
 0.865  0.250669
 0.866  0.250974
 0.867  0.251265
 0.868  0.251682
 0.869  0.251908
 0.870  0.252278
 0.871  0.252710
 0.872  0.252918
 0.873  0.253331
 0.874  0.253652
 0.875  0.253975
 0.876  0.254416
 0.877  0.254709
 0.878  0.255071
 0.879  0.255531
 0.880  0.255826
 0.881  0.256203
 0.882  0.256674
 0.883  0.257006
 0.884  0.257374
 0.885  0.257845
 0.886  0.258312
 0.887  0.258594
 0.888  0.259052
 0.889  0.259570
 0.890  0.259900
 0.891  0.260312
 0.892  0.260809
 0.893  0.261354
 0.894  0.261682
 0.895  0.262119
 0.896  0.262631
 0.897  0.263186
 0.898  0.263682
 0.899  0.264035
 0.900  0.264532
 0.901  0.265076
 0.902  0.265652
 0.903  0.266251
 0.904  0.266638
 0.905  0.267114
 0.906  0.267651
 0.907  0.268219
 0.908  0.268807
 0.909  0.269409
 0.910  0.270025
 0.911  0.270646
 0.912  0.271277
 0.913  0.271908
 0.914  0.272542
 0.915  0.273109
 0.916  0.273738
 0.917  0.274442
 0.918  0.275070
 0.919  0.275698
 0.920  0.276325
 0.921  0.276952
 0.922  0.277583
 0.923  0.278227
 0.924  0.278904
 0.925  0.279654
 0.926  0.280704
 0.927  0.281274
 0.928  0.281899
 0.929  0.282669
 0.930  0.283707
 0.931  0.284265
 0.932  0.285167
 0.933  0.285999
 0.934  0.286768
 0.935  0.287684
 0.936  0.288846
 0.937  0.289326
 0.938  0.290378
 0.939  0.291530
 0.940  0.292644
 0.941  0.293657
 0.942  0.294476
 0.943  0.295127
 0.944  0.296019
 0.945  0.297109
 0.946  0.298293
 0.947  0.298942
 0.948  0.299996
 0.949  0.300808
 0.950  0.299642
 0.951  0.000000
 0.952  0.000000
 0.953  0.000000
 0.954  0.000000
 0.955  0.000000
 0.956  0.000000
 0.957  0.000000
 0.958  0.000000
 0.959  0.000000
 0.960  0.000000
 0.961  0.000000
 0.962  0.000000
 0.963  0.000000
 0.964  0.000000
 0.965  0.000000
 0.966  0.000000
 0.967  0.000000
 0.968  0.000000
 0.969  0.000000
 0.970  0.000000
 0.971  0.000000
 0.972  0.000000
 0.973  0.000000
 0.974  0.000000
 0.975  0.000000
 0.976  0.000000
 0.977  0.000000
 0.978  0.000000
 0.979  0.000000
 0.980  0.000000
 0.981  0.000000
 0.982  0.000000
 0.983  0.000000
 0.984  0.000000
 0.985  0.000000
 0.986  0.000000
 0.987  0.000000
 0.988  0.000000
 0.989  0.000000
 0.990  0.000000
 0.991  0.000000
 0.992  0.000000
 0.993  0.000000
 0.994  0.000000
 0.995  0.000000
 0.996  0.000000
 0.997  0.000000
 0.998  0.000000
 0.999  0.000000
 1.000  0.000000
