-0.400  0.000000
-0.399  0.000000
-0.398  0.000000
-0.397  0.000000
-0.396  0.000000
-0.395  0.000000
-0.394  0.000000
-0.393  0.000000
-0.392  0.000000
-0.391  0.000000
-0.390  0.000000
-0.389  0.000000
-0.388  0.000000
-0.387  0.000000
-0.386  0.000000
-0.385  0.000000
-0.384  0.000000
-0.383  0.000000
-0.382  0.000000
-0.381  0.000000
-0.380  0.000000
-0.379  0.000000
-0.378  0.000000
-0.377  0.000000
-0.376  0.000000
-0.375  0.000000
-0.374  0.000000
-0.373  0.000000
-0.372  0.000000
-0.371  0.000000
-0.370  0.000000
-0.369  0.000000
-0.368  0.000000
-0.367  0.000000
-0.366  0.000000
-0.365  0.000000
-0.364  0.000000
-0.363  0.000000
-0.362  0.000000
-0.361  0.000000
-0.360  0.000000
-0.359  0.000000
-0.358  0.000000
-0.357  0.000000
-0.356  0.000000
-0.355  0.000000
-0.354  0.000000
-0.353  0.000000
-0.352  0.000000
-0.351  0.000000
-0.350  0.000000
-0.349  0.000000
-0.348  0.000000
-0.347  0.000000
-0.346  0.000000
-0.345  0.000000
-0.344  0.000000
-0.343  0.000000
-0.342  0.000000
-0.341  0.000000
-0.340  0.000000
-0.339  0.000000
-0.338  0.000000
-0.337  0.000000
-0.336  0.000000
-0.335  0.000000
-0.334  0.000000
-0.333  0.000000
-0.332  0.000000
-0.331  0.000000
-0.330  0.000000
-0.329  0.000000
-0.328  0.000000
-0.327  0.000000
-0.326  0.000000
-0.325  0.000000
-0.324  0.000000
-0.323  0.000000
-0.322  0.000000
-0.321  0.000000
-0.320  0.000000
-0.319  0.000000
-0.318  0.000000
-0.317  0.000000
-0.316  0.000000
-0.315  0.000000
-0.314  0.000000
-0.313  0.000000
-0.312  0.000000
-0.311  0.000000
-0.310  0.000000
-0.309  0.000000
-0.308  0.000000
-0.307  0.000000
-0.306  0.000000
-0.305  0.000000
-0.304  0.000000
-0.303  0.000000
-0.302  0.000000
-0.301  0.000000
-0.300  0.000000
-0.299  0.000000
-0.298  0.000000
-0.297  0.000000
-0.296  0.000000
-0.295  0.000000
-0.294  0.000000
-0.293  0.000000
-0.292  0.000000
-0.291  0.000000
-0.290  0.000000
-0.289  0.000000
-0.288  0.000000
-0.287  0.000000
-0.286  0.000000
-0.285  0.000000
-0.284  0.000000
-0.283  0.000000
-0.282  0.000000
-0.281  0.000000
-0.280  0.000000
-0.279  0.000000
-0.278  0.000000
-0.277  0.000000
-0.276  0.000000
-0.275  0.000000
-0.274  0.000000
-0.273  0.000000
-0.272  0.000000
-0.271  0.000000
-0.270  0.000000
-0.269  0.000000
-0.268  0.000000
-0.267  0.000000
-0.266  0.000000
-0.265  0.000000
-0.264  0.000000
-0.263  0.000000
-0.262  1.059880
-0.261  0.604610
-0.260  0.499084
-0.259  0.447516
-0.258  0.416234
-0.257  0.396142
-0.256  0.379701
-0.255  0.367755
-0.254  0.358527
-0.253  0.351671
-0.252  0.345368
-0.251  1.587599
-0.250  1.339962
-0.249  2.811641
-0.248  1.372797
-0.247  1.261724
-0.246  1.199912
-0.245  1.161601
-0.244  1.132846
-0.243  1.110605
-0.242  1.095117
-0.241  1.081436
-0.240  1.070552
-0.239  1.062267
-0.238  1.055694
-0.237  1.049617
-0.236  1.209975
-0.235  1.230355
-0.234  1.251150
-0.233  1.272640
-0.232  1.295669
-0.231  1.316966
-0.230  1.335965
-0.229  1.350898
-0.228  1.370559
-0.227  1.384369
-0.226  1.400675
-0.225  1.412284
-0.224  1.426705
-0.223  1.437876
-0.222  1.450454
-0.221  1.462854
-0.220  1.546905
-0.219  1.560524
-0.218  1.574668
-0.217  1.586180
-0.216  1.600200
-0.215  1.614207
-0.214  1.629596
-0.213  1.645504
-0.212  1.659964
-0.211  1.674476
-0.210  1.691103
-0.209  1.708203
-0.208  1.725795
-0.207  1.743663
-0.206  1.762279
-0.205  1.781412
-0.204  1.800327
-0.203  1.820850
-0.202  1.841491
-0.201  1.862908
-0.200  1.887166
-0.199  1.910898
-0.198  1.934287
-0.197  1.960946
-0.196  1.986392
-0.195  2.013888
-0.194  2.042863
-0.193  2.073180
-0.192  2.105129
-0.191  2.138725
-0.190  2.173869
-0.189  2.211786
-0.188  2.251913
-0.187  2.293405
-0.186  2.338224
-0.185  2.386650
-0.184  2.438587
-0.183  2.494468
-0.182  2.555019
-0.181  2.622882
-0.180  2.695744
-0.179  2.778564
-0.178  2.871749
-0.177  2.978849
-0.176  3.104498
-0.175  3.255507
-0.174  3.445296
-0.173  3.700046
-0.172  4.083143
-0.171  4.902139
-0.170  4.916380
-0.169  4.162024
-0.168  3.813888
-0.167  3.585185
-0.166  3.420357
-0.165  3.290035
-0.164  3.182230
-0.163  3.092900
-0.162  3.012612
-0.161  2.945921
-0.160  2.882128
-0.159  2.826941
-0.158  2.777524
-0.157  2.731210
-0.156  2.688997
-0.155  2.648718
-0.154  2.611761
-0.153  2.577840
-0.152  2.546293
-0.151  2.516069
-0.150  2.488041
-0.149  2.461169
-0.148  2.434875
-0.147  2.411521
-0.146  2.387566
-0.145  2.367405
-0.144  2.346382
-0.143  2.326813
-0.142  2.306922
-0.141  2.289320
-0.140  2.272338
-0.139  2.256292
-0.138  2.239590
-0.137  2.225229
-0.136  2.210227
-0.135  2.195957
-0.134  2.183288
-0.133  2.170448
-0.132  2.158481
-0.131  2.145689
-0.130  2.134605
-0.129  2.124708
-0.128  2.114279
-0.127  2.105266
-0.126  2.088611
-0.125  2.092499
-0.124  2.121191
-0.123  2.170502
-0.122  2.177534
-0.121  2.125043
-0.120  2.095083
-0.119  2.072315
-0.118  2.055938
-0.117  2.039887
-0.116  2.025043
-0.115  2.012939
-0.114  2.000298
-0.113  1.987814
-0.112  1.978190
-0.111  1.967993
-0.110  1.958818
-0.109  1.950160
-0.108  1.941135
-0.107  1.933909
-0.106  1.925748
-0.105  1.918282
-0.104  1.913276
-0.103  1.906726
-0.102  1.841477
-0.101  1.852766
-0.100  1.859956
-0.099  1.868983
-0.098  1.880945
-0.097  1.893321
-0.096  1.906329
-0.095  1.921974
-0.094  1.939128
-0.093  1.957936
-0.092  1.981880
-0.091  2.011591
-0.090  2.056818
-0.089  2.232738
-0.088  2.089455
-0.087  2.076486
-0.086  2.072687
-0.085  2.074314
-0.084  2.080712
-0.083  2.088941
-0.082  2.100341
-0.081  2.117265
-0.080  2.134627
-0.079  2.156577
-0.078  2.184144
-0.077  2.215548
-0.076  2.255174
-0.075  2.301316
-0.074  2.356638
-0.073  2.419520
-0.072  2.514537
-0.071  2.572281
-0.070  2.368465
-0.069  2.285731
-0.068  2.230974
-0.067  2.184910
-0.066  2.151764
-0.065  2.118669
-0.064  1.631164
-0.063  1.637714
-0.062  1.646357
-0.061  1.655987
-0.060  1.667865
-0.059  1.681293
-0.058  1.694793
-0.057  1.711195
-0.056  1.730845
-0.055  1.750258
-0.054  1.773145
-0.053  1.801341
-0.052  1.833319
-0.051  1.863576
-0.050  1.905866
-0.049  1.957951
-0.048  2.026817
-0.047  2.111264
-0.046  2.226767
-0.045  2.430476
-0.044  2.996123
-0.043  2.648225
-0.042  2.431605
-0.041  2.310432
-0.040  2.242021
-0.039  2.172331
-0.038  1.113586
-0.037  1.096743
-0.036  1.084126
-0.035  0.984498
-0.034  0.862305
-0.033  0.866574
-0.032  0.871557
-0.031  0.876533
-0.030  0.881234
-0.029  0.886384
-0.028  0.892244
-0.027  0.897757
-0.026  0.903978
-0.025  0.909125
-0.024  0.916415
-0.023  0.923487
-0.022  0.930869
-0.021  0.939604
-0.020  0.947256
-0.019  0.956367
-0.018  0.966007
-0.017  0.977755
-0.016  0.990059
-0.015  1.004144
-0.014  1.020479
-0.013  1.039324
-0.012  1.065243
-0.011  1.456462
-0.010  1.531348
-0.009  1.724120
-0.008  1.783522
-0.007  1.601528
-0.006  1.537683
-0.005  1.498292
-0.004  1.475562
-0.003  1.459197
-0.002  1.443944
-0.001  1.431033
 0.000  1.415199
 0.001  1.395203
 0.002  1.379780
 0.003  1.355702
 0.004  1.332948
 0.005  1.162406
 0.006  1.147308
 0.007  1.134278
 0.008  1.124671
 0.009  1.119871
 0.010  1.123430
 0.011  1.141698
 0.012  1.207131
 0.013  1.285167
 0.014  1.150059
 0.015  1.075167
 0.016  1.019136
 0.017  0.977237
 0.018  0.945022
 0.019  0.912898
 0.020  0.889361
 0.021  0.867487
 0.022  0.847577
 0.023  0.830074
 0.024  0.812634
 0.025  0.799063
 0.026  0.785046
 0.027  0.770996
 0.028  0.758445
 0.029  0.748527
 0.030  0.736854
 0.031  0.727622
 0.032  0.717676
 0.033  0.708951
 0.034  0.700136
 0.035  0.692034
 0.036  0.684022
 0.037  0.676782
 0.038  0.669641
 0.039  0.662930
 0.040  0.656315
 0.041  0.650574
 0.042  0.644360
 0.043  0.639578
 0.044  0.634027
 0.045  0.629918
 0.046  0.625984
 0.047  0.621709
 0.048  0.617214
 0.049  0.611565
 0.050  0.814632
 0.051  0.826268
 0.052  0.842681
 0.053  0.855837
 0.054  0.871867
 0.055  0.888446
 0.056  0.905667
 0.057  0.925935
 0.058  0.943904
 0.059  0.965341
 0.060  0.986088
 0.061  1.012937
 0.062  1.041811
 0.063  1.073412
 0.064  1.111090
 0.065  1.162299
 0.066  1.229678
 0.067  1.383079
 0.068  1.425769
 0.069  1.231867
 0.070  1.142132
 0.071  1.083920
 0.072  1.036321
 0.073  0.942173
 0.074  0.916139
 0.075  0.898609
 0.076  0.880246
 0.077  0.866948
 0.078  0.853493
 0.079  0.844885
 0.080  1.492724
 0.081  1.620850
 0.082  2.234456
 0.083  2.021639
 0.084  1.738611
 0.085  1.614718
 0.086  1.582350
 0.087  1.668406
 0.088  1.568847
 0.089  1.499702
 0.090  1.448105
 0.091  1.403310
 0.092  1.364023
 0.093  1.335911
 0.094  1.304739
 0.095  1.273652
 0.096  1.250858
 0.097  1.225230
 0.098  1.194392
 0.099  0.860080
 0.100  0.859312
 0.101  0.861311
 0.102  0.862648
 0.103  0.863923
 0.104  0.945117
 0.105  0.955469
 0.106  0.973174
 0.107  0.988002
 0.108  1.001464
 0.109  1.018924
 0.110  1.040738
 0.111  1.065538
 0.112  1.090013
 0.113  1.133243
 0.114  1.177853
 0.115  1.274510
 0.116  1.385767
 0.117  1.248762
 0.118  1.199986
 0.119  1.171161
 0.120  1.150833
 0.121  1.133061
 0.122  1.120874
 0.123  1.107364
 0.124  1.045693
 0.125  1.042080
 0.126  1.039006
 0.127  1.033581
 0.128  1.033952
 0.129  1.030738
 0.130  1.030949
 0.131  1.029802
 0.132  1.029736
 0.133  1.030382
 0.134  1.030150
 0.135  1.032838
 0.136  1.033434
 0.137  1.036175
 0.138  1.039887
 0.139  1.046786
 0.140  1.051875
 0.141  1.063663
 0.142  1.074720
 0.143  1.101068
 0.144  1.198319
 0.145  1.112174
 0.146  1.070906
 0.147  1.046656
 0.148  1.026787
 0.149  1.012212
 0.150  0.999065
 0.151  0.985828
 0.152  0.974619
 0.153  0.964121
 0.154  0.953623
 0.155  0.943362
 0.156  0.934099
 0.157  0.926120
 0.158  0.916538
 0.159  0.908915
 0.160  0.901089
 0.161  0.891452
 0.162  0.884093
 0.163  0.875973
 0.164  0.868445
 0.165  0.860560
 0.166  0.854905
 0.167  0.845528
 0.168  0.838858
 0.169  0.830620
 0.170  0.824126
 0.171  0.814718
 0.172  0.809282
 0.173  0.803138
 0.174  0.794589
 0.175  0.787665
 0.176  0.876787
 0.177  0.870499
 0.178  0.866247
 0.179  0.869601
 0.180  0.862378
 0.181  0.860757
 0.182  0.856961
 0.183  0.854719
 0.184  0.854357
 0.185  0.849031
 0.186  0.847973
 0.187  0.843518
 0.188  0.842825
 0.189  0.841537
 0.190  0.836252
 0.191  0.834916
 0.192  0.831022
 0.193  0.831710
 0.194  0.829435
 0.195  0.823335
 0.196  0.826049
 0.197  0.820764
 0.198  0.819456
 0.199  0.813899
 0.200  0.813803
 0.201  0.809936
 0.202  0.806946
 0.203  0.810620
 0.204  0.804028
 0.205  0.804147
 0.206  0.794029
 0.207  0.801591
 0.208  0.821365
 0.209  0.905683
 0.210  0.857683
 0.211  0.831465
 0.212  0.819338
 0.213  0.807612
 0.214  0.799379
 0.215  0.783015
 0.216  0.784410
 0.217  0.697432
 0.218  0.698517
 0.219  0.697662
 0.220  0.695701
 0.221  0.696364
 0.222  0.692111
 0.223  0.693336
 0.224  0.693498
 0.225  0.708891
 0.226  0.699829
 0.227  0.776182
 0.228  0.790219
 0.229  0.818156
 0.230  0.854389
 0.231  0.951969
 0.232  0.898526
 0.233  0.844988
 0.234  0.819463
 0.235  0.804286
 0.236  0.439059
 0.237  0.443481
 0.238  0.449285
 0.239  0.452136
 0.240  0.459966
 0.241  0.465774
 0.242  0.468499
 0.243  0.478155
 0.244  0.491799
 0.245  0.505262
 0.246  0.511644
 0.247  0.522701
 0.248  0.538287
 0.249  0.699224
 0.250  0.756386
 0.251  0.790561
 0.252  0.860309
 0.253  1.111641
 0.254  0.961043
 0.255  0.879930
 0.256  0.839170
 0.257  0.813601
 0.258  0.795207
 0.259  0.780873
 0.260  0.769895
 0.261  0.760278
 0.262  0.752557
 0.263  0.745682
 0.264  0.739347
 0.265  0.734214
 0.266  0.729214
 0.267  0.724733
 0.268  0.720611
 0.269  0.716604
 0.270  0.713152
 0.271  0.709749
 0.272  0.706387
 0.273  0.703547
 0.274  0.700440
 0.275  0.697767
 0.276  0.695032
 0.277  0.692540
 0.278  0.689964
 0.279  0.687569
 0.280  0.685115
 0.281  0.682946
 0.282  0.680763
 0.283  0.678510
 0.284  0.676367
 0.285  0.674241
 0.286  0.672356
 0.287  0.670248
 0.288  0.668306
 0.289  0.666308
 0.290  0.664509
 0.291  0.662653
 0.292  0.660816
 0.293  0.658958
 0.294  0.657158
 0.295  0.655546
 0.296  0.653708
 0.297  0.652029
 0.298  0.650215
 0.299  0.648613
 0.300  0.646999
 0.301  0.645366
 0.302  0.643763
 0.303  0.642053
 0.304  0.640480
 0.305  0.639079
 0.306  0.637446
 0.307  0.635906
 0.308  0.634278
 0.309  0.632713
 0.310  0.631473
 0.311  0.629842
 0.312  0.628484
 0.313  0.626830
 0.314  0.625364
 0.315  0.624165
 0.316  0.622549
 0.317  0.621373
 0.318  0.619642
 0.319  0.618285
 0.320  0.617060
 0.321  0.615561
 0.322  0.614527
 0.323  0.612785
 0.324  0.611809
 0.325  0.610189
 0.326  0.608791
 0.327  0.607810
 0.328  0.606150
 0.329  0.605247
 0.330  0.603566
 0.331  0.602380
 0.332  0.601324
 0.333  0.599704
 0.334  0.598772
 0.335  0.597236
 0.336  0.596201
 0.337  0.594637
 0.338  0.593410
 0.339  0.592466
 0.340  0.591026
 0.341  0.590184
 0.342  0.588541
 0.343  0.587772
 0.344  0.586290
 0.345  0.585142
 0.346  0.584210
 0.347  0.582585
 0.348  0.581844
 0.349  0.580334
 0.350  0.579473
 0.351  0.577907
 0.352  0.577282
 0.353  0.575903
 0.354  0.574697
 0.355  0.573875
 0.356  0.572249
 0.357  0.571604
 0.358  0.570043
 0.359  0.569429
 0.360  0.567763
 0.361  0.567272
 0.362  0.565859
 0.363  0.564868
 0.364  0.563969
 0.365  0.562823
 0.366  0.561759
 0.367  0.560360
 0.368  0.559887
 0.369  0.557929
 0.370  0.557669
 0.371  0.556027
 0.372  0.555653
 0.373  0.553626
 0.374  0.553498
 0.375  0.552151
 0.376  0.551366
 0.377  0.550122
 0.378  0.549401
 0.379  0.548132
 0.380  0.547215
 0.381  0.546003
 0.382  0.545509
 0.383  0.544184
 0.384  0.541220
 0.385  0.541901
 0.386  0.542432
 0.387  0.548140
 0.388  0.569500
 0.389  0.547748
 0.390  0.543475
 0.391  0.540903
 0.392  0.538364
 0.393  0.536468
 0.394  0.533998
 0.395  0.532444
 0.396  0.530396
 0.397  0.528949
 0.398  0.526472
 0.399  0.525062
 0.400  0.523160
 0.401  0.521682
 0.402  0.519303
 0.403  0.518079
 0.404  0.516101
 0.405  0.514644
 0.406  0.522193
 0.407  0.521050
 0.408  0.521180
 0.409  0.520144
 0.410  0.518928
 0.411  0.518762
 0.412  0.517523
 0.413  0.516137
 0.414  0.515899
 0.415  0.515035
 0.416  0.513813
 0.417  0.512613
 0.418  0.512267
 0.419  0.511539
 0.420  0.510016
 0.421  0.509621
 0.422  0.509308
 0.423  0.507760
 0.424  0.507462
 0.425  0.506691
 0.426  0.505727
 0.427  0.504091
 0.428  0.503561
 0.429  0.503865
 0.430  0.501905
 0.431  0.501628
 0.432  0.500996
 0.433  0.499847
 0.434  0.498183
 0.435  0.498023
 0.436  0.498537
 0.437  0.496039
 0.438  0.495122
 0.439  0.495881
 0.440  0.493981
 0.441  0.493679
 0.442  0.493451
 0.443  0.492362
 0.444  0.490324
 0.445  0.491344
 0.446  0.489914
 0.447  0.488402
 0.448  0.488757
 0.449  0.487313
 0.450  0.486541
 0.451  0.486430
 0.452  0.484759
 0.453  0.484781
 0.454  0.484836
 0.455  0.482219
 0.456  0.483124
 0.457  0.482500
 0.458  0.479737
 0.459  0.480961
 0.460  0.480080
 0.461  0.477261
 0.462  0.479080
 0.463  0.477538
 0.464  0.474818
 0.465  0.475951
 0.466  0.474831
 0.467  0.473319
 0.468  0.475583
 0.469  0.471930
 0.470  0.472329
 0.471  0.471860
 0.472  0.468898
 0.473  0.471241
 0.474  0.469566
 0.475  0.467991
 0.476  0.468683
 0.477  0.466110
 0.478  0.466877
 0.479  0.466272
 0.480  0.465763
 0.481  0.464334
 0.482  0.464458
 0.483  0.462510
 0.484  0.462305
 0.485  0.460816
 0.486  0.460061
 0.487  0.461156
 0.488  0.458177
 0.489  0.461944
 0.490  0.456348
 0.491  0.459164
 0.492  0.454600
 0.493  0.457188
 0.494  0.453909
 0.495  0.455233
 0.496  0.453568
 0.497  0.453253
 0.498  0.452771
 0.499  0.451288
 0.500  0.457344
 0.501  0.449451
 0.502  0.451793
 0.503  0.447903
 0.504  0.448631
 0.505  0.448137
 0.506  0.444976
 0.507  0.446036
 0.508  0.444655
 0.509  0.448133
 0.510  0.443052
 0.511  0.443291
 0.512  0.442028
 0.513  0.440574
 0.514  0.446813
 0.515  0.439665
 0.516  0.438075
 0.517  0.437791
 0.518  0.437239
 0.519  0.436275
 0.520  0.433644
 0.521  0.449128
 0.522  0.439973
 0.523  0.446205
 0.524  0.385992
 0.525  0.411029
 0.526  0.394374
 0.527  0.398864
 0.528  0.403552
 0.529  0.418134
 0.530  0.416806
 0.531  0.426457
 0.532  0.454137
 0.533  0.469482
 0.534  0.451462
 0.535  0.444501
 0.536  0.440265
 0.537  0.437826
 0.538  0.435694
 0.539  0.434180
 0.540  0.432999
 0.541  0.431672
 0.542  0.430601
 0.543  0.429809
 0.544  0.429064
 0.545  0.428012
 0.546  0.427191
 0.547  0.426543
 0.548  0.425914
 0.549  0.425038
 0.550  0.424322
 0.551  0.423699
 0.552  0.423116
 0.553  0.422528
 0.554  0.421921
 0.555  0.421281
 0.556  0.420614
 0.557  0.419892
 0.558  0.419283
 0.559  0.418851
 0.560  0.418554
 0.561  0.417787
 0.562  0.417320
 0.563  0.416183
 0.564  0.415482
 0.565  0.416472
 0.566  0.414910
 0.567  0.228129
 0.568  0.228042
 0.569  0.227962
 0.570  0.227894
 0.571  0.227841
 0.572  0.227764
 0.573  0.227694
 0.574  0.227642
 0.575  0.227584
 0.576  0.227514
 0.577  0.227455
 0.578  0.227420
 0.579  0.227351
 0.580  0.227289
 0.581  0.227241
 0.582  0.227201
 0.583  0.227139
 0.584  0.227085
 0.585  0.227063
 0.586  0.227001
 0.587  0.226946
 0.588  0.226901
 0.589  0.226876
 0.590  0.226818
 0.591  0.226770
 0.592  0.226740
 0.593  0.226702
 0.594  0.226651
 0.595  0.226610
 0.596  0.226595
 0.597  0.226542
 0.598  0.226498
 0.599  0.226471
 0.600  0.226444
 0.601  0.226397
 0.602  0.226361
 0.603  0.226354
 0.604  0.226305
 0.605  0.226265
 0.606  0.226243
 0.607  0.226223
 0.608  0.226180
 0.609  0.226149
 0.610  0.226148
 0.611  0.226104
 0.612  0.226068
 0.613  0.226051
 0.614  0.226035
 0.615  0.225997
 0.616  0.225971
 0.617  0.225975
 0.618  0.225935
 0.619  0.225904
 0.620  0.225896
 0.621  0.225880
 0.622  0.225847
 0.623  0.225827
 0.624  0.225833
 0.625  0.225797
 0.626  0.225773
 0.627  0.225781
 0.628  0.225756
 0.629  0.225728
 0.630  0.225717
 0.631  0.225721
 0.632  0.225691
 0.633  0.225674
 0.634  0.225694
 0.635  0.225661
 0.636  0.225640
 0.637  0.225643
 0.638  0.225639
 0.639  0.225615
 0.640  0.225608
 0.641  0.225624
 0.642  0.225598
 0.643  0.225585
 0.644  0.225615
 0.645  0.225587
 0.646  0.225571
 0.647  0.225581
 0.648  0.225583
 0.649  0.225565
 0.650  0.225565
 0.651  0.225586
 0.652  0.225566
 0.653  0.225560
 0.654  0.225595
 0.655  0.225573
 0.656  0.225565
 0.657  0.225593
 0.658  0.225588
 0.659  0.225577
 0.660  0.225590
 0.661  0.225609
 0.662  0.225596
 0.663  0.225602
 0.664  0.225636
 0.665  0.225621
 0.666  0.225624
 0.667  0.225669
 0.668  0.225654
 0.669  0.225654
 0.670  0.225709
 0.671  0.225692
 0.672  0.225691
 0.673  0.225722
 0.674  0.225737
 0.675  0.225734
 0.676  0.225757
 0.677  0.225788
 0.678  0.225784
 0.679  0.225803
 0.680  0.225845
 0.681  0.225841
 0.682  0.225857
 0.683  0.225909
 0.684  0.225904
 0.685  0.225919
 0.686  0.225978
 0.687  0.225973
 0.688  0.225988
 0.689  0.226053
 0.690  0.226049
 0.691  0.226063
 0.692  0.226135
 0.693  0.226131
 0.694  0.226145
 0.695  0.226222
 0.696  0.226219
 0.697  0.226234
 0.698  0.226315
 0.699  0.226313
 0.700  0.226329
 0.701  0.226408
 0.702  0.226414
 0.703  0.226431
 0.704  0.226509
 0.705  0.226520
 0.706  0.226540
 0.707  0.226628
 0.708  0.226634
 0.709  0.226656
 0.710  0.226749
 0.711  0.226754
 0.712  0.226779
 0.713  0.226873
 0.714  0.226880
 0.715  0.226909
 0.716  0.227003
 0.717  0.227013
 0.718  0.227047
 0.719  0.227140
 0.720  0.227153
 0.721  0.227192
 0.722  0.227284
 0.723  0.227301
 0.724  0.227347
 0.725  0.227434
 0.726  0.227456
 0.727  0.227511
 0.728  0.227592
 0.729  0.227618
 0.730  0.227687
 0.731  0.227756
 0.732  0.227789
 0.733  0.227882
 0.734  0.227929
 0.735  0.227970
 0.736  0.228088
 0.737  0.228109
 0.738  0.228161
 0.739  0.228270
 0.740  0.228299
 0.741  0.228364
 0.742  0.228461
 0.743  0.228498
 0.744  0.228586
 0.745  0.228660
 0.746  0.228708
 0.747  0.228840
 0.748  0.228869
 0.749  0.228931
 0.750  0.229050
 0.751  0.229089
 0.752  0.229172
 0.753  0.229269
 0.754  0.229320
 0.755  0.229467
 0.756  0.229500
 0.757  0.229567
 0.758  0.229698
 0.759  0.229742
 0.760  0.229837
 0.761  0.229939
 0.762  0.229999
 0.763  0.230152
 0.764  0.230193
 0.765  0.230276
 0.766  0.230405
 0.767  0.230462
 0.768  0.230600
 0.769  0.230672
 0.770  0.230752
 0.771  0.230898
 0.772  0.230955
 0.773  0.231078
 0.774  0.231179
 0.775  0.231260
 0.776  0.231418
 0.777  0.231477
 0.778  0.231603
 0.779  0.231714
 0.780  0.231799
 0.781  0.231965
 0.782  0.232029
 0.783  0.232172
 0.784  0.232277
 0.785  0.232374
 0.786  0.232539
 0.787  0.232614
 0.788  0.232814
 0.789  0.232872
 0.790  0.232987
 0.791  0.233144
 0.792  0.233233
 0.793  0.233428
 0.794  0.233500
 0.795  0.233654
 0.796  0.233781
 0.797  0.233895
 0.798  0.234074
 0.799  0.234167
 0.800  0.234378
 0.801  0.234456
 0.802  0.234623
 0.803  0.234758
 0.804  0.234886
 0.805  0.235070
 0.806  0.235178
 0.807  0.235393
 0.808  0.235485
 0.809  0.235724
 0.810  0.235806
 0.811  0.235976
 0.812  0.236137
 0.813  0.236279
 0.814  0.236477
 0.815  0.236602
 0.816  0.236826
 0.817  0.236939
 0.818  0.237184
 0.819  0.237287
 0.820  0.237550
 0.821  0.237646
 0.822  0.237869
 0.823  0.238013
 0.824  0.238206
 0.825  0.238389
 0.826  0.238566
 0.827  0.238773
 0.828  0.238941
 0.829  0.239166
 0.830  0.239328
 0.831  0.239566
 0.832  0.239726
 0.833  0.239974
 0.834  0.240132
 0.835  0.240390
 0.836  0.240551
 0.837  0.240813
 0.838  0.240978
 0.839  0.241244
 0.840  0.241417
 0.841  0.241684
 0.842  0.241867
 0.843  0.242131
 0.844  0.242329
 0.845  0.242587
 0.846  0.242808
 0.847  0.243054
 0.848  0.243310
 0.849  0.243530
 0.850  0.243867
 0.851  0.244018
 0.852  0.244366
 0.853  0.244520
 0.854  0.244857
 0.855  0.245039
 0.856  0.245359
 0.857  0.245584
 0.858  0.245875
 0.859  0.246179
 0.860  0.246409
 0.861  0.246787
 0.862  0.246964
 0.863  0.247319
 0.864  0.247553
 0.865  0.247869
 0.866  0.248250
 0.867  0.248445
 0.868  0.248834
 0.869  0.249060
 0.870  0.249407
 0.871  0.249801
 0.872  0.250013
 0.873  0.250415
 0.874  0.250679
 0.875  0.251021
 0.876  0.251461
 0.877  0.251679
 0.878  0.252070
 0.879  0.252538
 0.880  0.252733
 0.881  0.253153
 0.882  0.253552
 0.883  0.253828
 0.884  0.254266
 0.885  0.254695
 0.886  0.254966
 0.887  0.255410
 0.888  0.255916
 0.889  0.256148
 0.890  0.256585
 0.891  0.257090
 0.892  0.257401
 0.893  0.257806
 0.894  0.258296
 0.895  0.258837
 0.896  0.259104
 0.897  0.259555
 0.898  0.260072
 0.899  0.260628
 0.900  0.260929
 0.901  0.261385
 0.902  0.261905
 0.903  0.262462
 0.904  0.263043
 0.905  0.263342
 0.906  0.263830
 0.907  0.264369
 0.908  0.264935
 0.909  0.265527
 0.910  0.266133
 0.911  0.266539
 0.912  0.267024
 0.913  0.267566
 0.914  0.268134
 0.915  0.268718
 0.916  0.269316
 0.917  0.269922
 0.918  0.270536
 0.919  0.271153
 0.920  0.271773
 0.921  0.272398
 0.922  0.273025
 0.923  0.273657
 0.924  0.274297
 0.925  0.274952
 0.926  0.275637
 0.927  0.276393
 0.928  0.277339
 0.929  0.277922
 0.930  0.278529
 0.931  0.279200
 0.932  0.280073
 0.933  0.280923
 0.934  0.281511
 0.935  0.282385
 0.936  0.283233
 0.937  0.283899
 0.938  0.284943
 0.939  0.285580
 0.940  0.286542
 0.941  0.287786
 0.942  0.288191
 0.943  0.289099
 0.944  0.290070
 0.945  0.291004
 0.946  0.291883
 0.947  0.292932
 0.948  0.294169
 0.949  0.295226
 0.950  0.296033
 0.951  0.297508
 0.952  0.298690
 0.953  0.298848
 0.954  0.000000
 0.955  0.000000
 0.956  0.000000
 0.957  0.000000
 0.958  0.000000
 0.959  0.000000
 0.960  0.000000
 0.961  0.000000
 0.962  0.000000
 0.963  0.000000
 0.964  0.000000
 0.965  0.000000
 0.966  0.000000
 0.967  0.000000
 0.968  0.000000
 0.969  0.000000
 0.970  0.000000
 0.971  0.000000
 0.972  0.000000
 0.973  0.000000
 0.974  0.000000
 0.975  0.000000
 0.976  0.000000
 0.977  0.000000
 0.978  0.000000
 0.979  0.000000
 0.980  0.000000
 0.981  0.000000
 0.982  0.000000
 0.983  0.000000
 0.984  0.000000
 0.985  0.000000
 0.986  0.000000
 0.987  0.000000
 0.988  0.000000
 0.989  0.000000
 0.990  0.000000
 0.991  0.000000
 0.992  0.000000
 0.993  0.000000
 0.994  0.000000
 0.995  0.000000
 0.996  0.000000
 0.997  0.000000
 0.998  0.000000
 0.999  0.000000
 1.000  0.000000
