-0.0400  1.747494
-0.0399  1.751015
-0.0398  1.753864
-0.0397  1.757131
-0.0396  1.762363
-0.0395  1.766451
-0.0394  1.770204
-0.0393  1.773633
-0.0392  1.776889
-0.0391  1.781748
-0.0390  1.787981
-0.0389  1.795665
-0.0388  1.801481
-0.0387  1.806297
-0.0386  1.810795
-0.0385  1.815304
-0.0384  1.820347
-0.0383  1.828662
-0.0382  1.835902
-0.0381  1.848352
-0.0380  1.858061
-0.0379  1.865504
-0.0378  1.872600
-0.0377  1.885606
-0.0376  1.894968
-0.0375  1.903791
-0.0374  1.918796
-0.0373  1.935829
-0.0372  1.960309
-0.0371  1.977893
-0.0370  1.993650
-0.0369  2.029658
-0.0368  2.090615
-0.0367  2.132096
-0.0366  2.374536
-0.0365  2.230448
-0.0364  2.121464
-0.0363  2.062655
-0.0362  2.036152
-0.0361  1.991006
-0.0360  1.976222
-0.0359  1.959726
-0.0358  1.940583
-0.0357  1.928457
-0.0356  1.910323
-0.0355  1.897564
-0.0354  1.890577
-0.0353  1.882425
-0.0352  1.871625
-0.0351  1.863809
-0.0350  1.853591
-0.0349  1.843075
-0.0348  1.837129
-0.0347  1.833697
-0.0346  1.827486
-0.0345  1.819612
-0.0344  1.814669
-0.0343  1.810159
-0.0342  1.804748
-0.0341  1.794998
-0.0340  1.791403
-0.0339  1.787422
-0.0338  1.783087
-0.0337  1.777570
-0.0336  1.773136
-0.0335  1.768947
-0.0334  1.764534
-0.0333  1.758459
-0.0332  1.756119
-0.0331  1.751444
-0.0330  1.747351
-0.0329  1.741895
-0.0328  1.740268
-0.0327  1.739020
-0.0326  1.735072
-0.0325  1.729093
-0.0324  1.725735
-0.0323  1.723214
-0.0322  1.720510
-0.0321  1.716827
-0.0320  1.711862
-0.0319  1.708461
-0.0318  1.705136
-0.0317  1.700964
-0.0316  1.698929
-0.0315  1.696015
-0.0314  1.693556
-0.0313  1.689567
-0.0312  1.686733
-0.0311  1.687373
-0.0310  1.684641
-0.0309  1.680031
-0.0308  1.675177
-0.0307  1.672892
-0.0306  1.671477
-0.0305  1.668664
-0.0304  1.663913
-0.0303  1.661363
-0.0302  1.658630
-0.0301  1.656003
-0.0300  1.653114
-0.0299  1.650511
-0.0298  1.648605
-0.0297  1.646634
-0.0296  1.644011
-0.0295  1.644290
-0.0294  1.641268
-0.0293  1.637871
-0.0292  1.633099
-0.0291  1.630847
-0.0290  1.629426
-0.0289  1.625645
-0.0288  1.621427
-0.0287  1.620133
-0.0286  1.619333
-0.0285  1.618636
-0.0284  1.613648
-0.0283  1.611875
-0.0282  1.610022
-0.0281  1.609226
-0.0280  1.607313
-0.0279  1.603897
-0.0278  1.600956
-0.0277  1.597995
-0.0276  1.595102
-0.0275  1.593986
-0.0274  1.591150
-0.0273  1.587993
-0.0272  1.585512
-0.0271  1.585854
-0.0270  1.583575
-0.0269  1.579831
-0.0268  1.577513
-0.0267  1.578633
-0.0266  1.577914
-0.0265  1.571827
-0.0264  1.569405
-0.0263  1.567691
-0.0262  1.566209
-0.0261  1.562293
-0.0260  1.559718
-0.0259  1.557513
-0.0258  1.554981
-0.0257  1.554216
-0.0256  1.552329
-0.0255  1.550774
-0.0254  1.551159
-0.0253  1.551917
-0.0252  1.547950
-0.0251  1.542126
-0.0250  1.538941
-0.0249  1.538692
-0.0248  1.534067
-0.0247  1.530644
-0.0246  1.530495
-0.0245  1.530543
-0.0244  1.526711
-0.0243  1.527791
-0.0242  1.529935
-0.0241  1.526243
-0.0240  1.521861
-0.0239  1.517650
-0.0238  1.514326
-0.0237  1.511916
-0.0236  1.509361
-0.0235  1.506080
-0.0234  1.509248
-0.0233  1.507650
-0.0232  1.508426
-0.0231  1.507439
-0.0230  1.502240
-0.0229  1.496272
-0.0228  1.495735
-0.0227  1.492077
-0.0226  1.489166
-0.0225  1.489623
-0.0224  1.492167
-0.0223  1.494760
-0.0222  1.487466
-0.0221  1.481337
-0.0220  1.474892
-0.0219  1.477204
-0.0218  1.479827
-0.0217  1.480691
-0.0216  1.472829
-0.0215  1.468022
-0.0214  1.472737
-0.0213  1.386607
-0.0212  1.363996
-0.0211  1.358709
-0.0210  1.366373
-0.0209  1.361028
-0.0208  1.360588
-0.0207  1.354924
-0.0206  1.354953
-0.0205  1.356345
-0.0204  1.336913
-0.0203  1.331111
-0.0202  0.882447
-0.0201  0.882835
-0.0200  0.883186
-0.0199  0.883532
-0.0198  0.883875
-0.0197  0.884214
-0.0196  0.884548
-0.0195  0.884856
-0.0194  0.885152
-0.0193  0.885606
-0.0192  0.886467
-0.0191  0.887163
-0.0190  0.887604
-0.0189  0.888032
-0.0188  0.888451
-0.0187  0.888859
-0.0186  0.889255
-0.0185  0.889685
-0.0184  0.890040
-0.0183  0.890409
-0.0182  0.890770
-0.0181  0.891125
-0.0180  0.891467
-0.0179  0.892436
-0.0178  0.892967
-0.0177  0.893487
-0.0176  0.893971
-0.0175  0.894361
-0.0174  0.894758
-0.0173  0.895154
-0.0172  0.895663
-0.0171  0.896099
-0.0170  0.896497
-0.0169  0.896883
-0.0168  0.897232
-0.0167  1.071306
-0.0166  1.056123
-0.0165  1.067902
-0.0164  1.061222
-0.0163  1.058366
-0.0162  1.066545
-0.0161  1.074130
-0.0160  1.069320
-0.0159  1.067909
-0.0158  1.069333
-0.0157  1.073129
-0.0156  1.079708
-0.0155  1.083851
-0.0154  1.078711
-0.0153  1.079009
-0.0152  1.082624
-0.0151  1.085961
-0.0150  1.088353
-0.0149  1.090310
-0.0148  1.093523
-0.0147  1.097147
-0.0146  1.096823
-0.0145  1.097644
-0.0144  1.098008
-0.0143  1.098965
-0.0142  1.102365
-0.0141  1.105101
-0.0140  1.108347
-0.0139  1.111356
-0.0138  1.113553
-0.0137  1.115841
-0.0136  1.115805
-0.0135  1.117355
-0.0134  1.119102
-0.0133  1.120811
-0.0132  1.122229
-0.0131  1.124268
-0.0130  1.127487
-0.0129  1.129939
-0.0128  1.133120
-0.0127  1.136059
-0.0126  1.138391
-0.0125  1.138668
-0.0124  1.140273
-0.0123  1.142384
-0.0122  1.144455
-0.0121  1.146301
-0.0120  1.148159
-0.0119  1.150004
-0.0118  1.151890
-0.0117  1.155311
-0.0116  1.158106
-0.0115  1.161156
-0.0114  1.163676
-0.0113  1.164541
-0.0112  1.165989
-0.0111  1.167741
-0.0110  1.170298
-0.0109  1.173329
-0.0108  1.175368
-0.0107  1.177382
-0.0106  1.179345
-0.0105  1.181327
-0.0104  1.183668
-0.0103  1.186769
-0.0102  1.190808
-0.0101  1.193556
-0.0100  1.194950
-0.0099  1.196531
-0.0098  1.198515
-0.0097  1.200427
-0.0096  1.202395
-0.0095  1.204993
-0.0094  1.208176
-0.0093  1.210787
-0.0092  1.213916
-0.0091  1.216592
-0.0090  1.219032
-0.0089  1.221443
-0.0088  1.223820
-0.0087  1.226689
-0.0086  1.229404
-0.0085  1.231877
-0.0084  1.234359
-0.0083  1.236745
-0.0082  1.238978
-0.0081  1.241189
-0.0080  1.244493
-0.0079  1.248531
-0.0078  1.251881
-0.0077  1.254755
-0.0076  1.257549
-0.0075  1.260056
-0.0074  1.262419
-0.0073  1.264795
-0.0072  1.267430
-0.0071  1.270804
-0.0070  1.274431
-0.0069  1.278417
-0.0068  1.281821
-0.0067  1.284900
-0.0066  1.287831
-0.0065  1.290657
-0.0064  1.293849
-0.0063  1.297986
-0.0062  1.301797
-0.0061  1.304885
-0.0060  1.308034
-0.0059  1.312723
-0.0058  1.316403
-0.0057  1.319907
-0.0056  1.323870
-0.0055  1.328050
-0.0054  1.331739
-0.0053  1.335381
-0.0052  1.339039
-0.0051  1.343420
-0.0050  1.349079
-0.0049  1.354670
-0.0048  1.359838
-0.0047  1.364642
-0.0046  1.369618
-0.0045  1.374264
-0.0044  1.378802
-0.0043  1.382872
-0.0042  1.391472
-0.0041  1.399766
-0.0040  1.407799
-0.0039  1.414436
-0.0038  1.420751
-0.0037  1.426680
-0.0036  1.432385
-0.0035  1.443854
-0.0034  1.459272
-0.0033  1.473059
-0.0032  1.485269
-0.0031  1.495715
-0.0030  1.514957
-0.0029  1.560031
-0.0028  1.597513
-0.0027  1.742647
-0.0026  1.611756
-0.0025  1.559307
-0.0024  1.544517
-0.0023  1.516694
-0.0022  1.505952
-0.0021  1.493881
-0.0020  1.487545
-0.0019  1.477213
-0.0018  1.472880
-0.0017  1.469994
-0.0016  1.467008
-0.0015  1.460375
-0.0014  1.455877
-0.0013  1.451094
-0.0012  1.450283
-0.0011  1.449346
-0.0010  1.447816
-0.0009  1.446855
-0.0008  1.445154
-0.0007  1.440452
-0.0006  1.439438
-0.0005  1.439151
-0.0004  1.438834
-0.0003  1.439556
-0.0002  1.439007
-0.0001  1.438803
 0.0000  1.437027
 0.0001  1.436920
 0.0002  1.437212
 0.0003  1.437338
 0.0004  1.437056
 0.0005  1.437101
 0.0006  1.437006
 0.0007  1.436750
 0.0008  1.436795
 0.0009  1.438183
 0.0010  1.440227
 0.0011  1.441145
 0.0012  1.441454
 0.0013  1.441175
 0.0014  1.442713
 0.0015  1.442862
 0.0016  1.444407
 0.0017  1.446042
 0.0018  1.446882
 0.0019  1.448339
 0.0020  1.448960
 0.0021  1.450217
 0.0022  1.451543
 0.0023  1.454187
 0.0024  1.455457
 0.0025  1.456784
 0.0026  1.458154
 0.0027  1.459490
 0.0028  1.460894
 0.0029  1.463928
 0.0030  1.463862
 0.0031  1.466283
 0.0032  1.469636
 0.0033  1.472539
 0.0034  1.475099
 0.0035  1.478452
 0.0036  1.480066
 0.0037  1.481867
 0.0038  1.483304
 0.0039  1.485914
 0.0040  1.488639
 0.0041  1.491067
 0.0042  1.493237
 0.0043  1.496144
 0.0044  1.500446
 0.0045  1.505851
 0.0046  1.508881
 0.0047  1.511683
 0.0048  1.514684
 0.0049  1.517493
 0.0050  1.520406
 0.0051  1.524744
 0.0052  1.528547
 0.0053  1.532382
 0.0054  1.537159
 0.0055  1.542279
 0.0056  1.547198
 0.0057  1.552867
 0.0058  1.557478
 0.0059  1.561927
 0.0060  1.566171
 0.0061  1.571291
 0.0062  1.576905
 0.0063  1.581558
 0.0064  1.586059
 0.0065  1.592078
 0.0066  1.599464
 0.0067  1.608232
 0.0068  1.618134
 0.0069  1.625842
 0.0070  1.631547
 0.0071  1.637420
 0.0072  1.645099
 0.0073  1.653980
 0.0074  1.665427
 0.0075  1.674417
 0.0076  1.684137
 0.0077  1.697505
 0.0078  1.705539
 0.0079  1.717712
 0.0080  1.727571
 0.0081  1.738941
 0.0082  1.755011
 0.0083  1.771125
 0.0084  1.793316
 0.0085  1.813502
 0.0086  1.830039
 0.0087  1.845240
 0.0088  1.868026
 0.0089  1.890270
 0.0090  1.924823
 0.0091  1.964207
 0.0092  1.987608
 0.0093  2.020938
 0.0094  2.076455
 0.0095  2.159081
 0.0096  2.208818
 0.0097  2.286718
 0.0098  2.495293
 0.0099  2.818161
 0.0100  2.266693
 0.0101  1.793035
 0.0102  1.578001
 0.0103  1.482629
 0.0104  1.410554
 0.0105  1.358679
 0.0106  1.328515
 0.0107  1.308627
 0.0108  1.275615
 0.0109  1.247229
 0.0110  1.254226
 0.0111  1.223473
 0.0112  1.213352
 0.0113  1.192343
 0.0114  1.187850
 0.0115  1.167558
 0.0116  1.164862
 0.0117  1.155820
 0.0118  1.146580
 0.0119  1.140274
 0.0120  1.130865
 0.0121  1.126174
 0.0122  1.125026
 0.0123  1.118327
 0.0124  1.110635
 0.0125  1.106840
 0.0126  1.101349
 0.0127  1.091921
 0.0128  1.091051
 0.0129  1.088310
 0.0130  1.143948
 0.0131  1.192309
 0.0132  1.198728
 0.0133  1.218960
 0.0134  1.203066
 0.0135  1.201962
 0.0136  1.205308
 0.0137  1.210594
 0.0138  1.206153
 0.0139  1.200459
 0.0140  1.202996
 0.0141  1.208564
 0.0142  1.212618
 0.0143  1.210539
 0.0144  1.216763
 0.0145  1.214456
 0.0146  1.220016
 0.0147  1.226064
 0.0148  1.234348
 0.0149  1.234652
 0.0150  1.238099
 0.0151  1.240203
 0.0152  1.251481
 0.0153  1.262582
 0.0154  1.267440
 0.0155  1.269807
 0.0156  1.273339
 0.0157  1.285604
 0.0158  1.297443
 0.0159  1.317084
 0.0160  1.342848
 0.0161  1.346788
 0.0162  1.359050
 0.0163  1.368793
 0.0164  1.388933
 0.0165  1.430328
 0.0166  1.453395
 0.0167  1.498106
 0.0168  1.561342
 0.0169  1.538774
 0.0170  1.630578
 0.0171  1.718473
 0.0172  1.980666
 0.0173  2.876844
 0.0174  1.678353
 0.0175  1.462855
 0.0176  1.360866
 0.0177  1.278844
 0.0178  1.215929
 0.0179  1.164890
 0.0180  1.131492
 0.0181  1.090802
 0.0182  1.062640
 0.0183  1.040597
 0.0184  1.019961
 0.0185  0.996172
 0.0186  0.987825
 0.0187  0.965338
 0.0188  0.951994
 0.0189  0.940641
 0.0190  0.926877
 0.0191  0.920119
 0.0192  0.910557
 0.0193  0.895722
 0.0194  0.890814
 0.0195  0.883991
 0.0196  0.873843
 0.0197  0.864352
 0.0198  0.859635
 0.0199  0.854582
 0.0200  0.847519
 0.0201  0.838265
 0.0202  0.834698
 0.0203  0.830681
 0.0204  0.826453
 0.0205  0.821377
 0.0206  0.813386
 0.0207  0.809689
 0.0208  0.806800
 0.0209  0.803906
 0.0210  0.800693
 0.0211  0.796220
 0.0212  0.790247
 0.0213  0.785313
 0.0214  0.782934
 0.0215  0.780572
 0.0216  0.778042
 0.0217  0.775202
 0.0218  0.772132
 0.0219  0.768170
 0.0220  0.762740
 0.0221  0.760865
 0.0222  0.758999
 0.0223  0.757099
 0.0224  0.755037
 0.0225  0.752778
 0.0226  0.750412
 0.0227  0.747851
 0.0228  0.744672
 0.0229  0.740336
 0.0230  0.738845
 0.0231  0.737015
 0.0232  0.735324
 0.0233  0.733661
 0.0234  0.731860
 0.0235  0.730050
 0.0236  0.728223
 0.0237  0.726194
 0.0238  0.723858
 0.0239  0.720826
 0.0240  0.717593
 0.0241  0.716400
 0.0242  0.715207
 0.0243  0.714065
 0.0244  0.712926
 0.0245  0.711657
 0.0246  0.710364
 0.0247  0.709036
 0.0248  0.707703
 0.0249  0.706142
 0.0250  0.704527
 0.0251  0.702419
 0.0252  0.699363
 0.0253  0.697153
 0.0254  0.696083
 0.0255  0.694872
 0.0256  0.693788
 0.0257  0.692698
 0.0258  0.691626
 0.0259  0.690548
 0.0260  0.689463
 0.0261  0.688350
 0.0262  0.687148
 0.0263  0.685931
 0.0264  0.684658
 0.0265  0.683270
 0.0266  0.681627
 0.0267  0.679236
 0.0268  0.677911
 0.0269  0.677176
 0.0270  0.676395
 0.0271  0.675658
 0.0272  0.674931
 0.0273  0.673838
 0.0274  0.672837
 0.0275  0.671905
 0.0276  0.670953
 0.0277  0.669970
 0.0278  0.668971
 0.0279  0.667967
 0.0280  0.666887
 0.0281  0.665676
 0.0282  0.664524
 0.0283  0.663215
 0.0284  0.661436
 0.0285  0.660077
 0.0286  0.659399
 0.0287  0.658749
 0.0288  0.658111
 0.0289  0.657485
 0.0290  0.656867
 0.0291  0.656245
 0.0292  0.655606
 0.0293  0.654970
 0.0294  0.654311
 0.0295  0.653594
 0.0296  0.652769
 0.0297  0.651909
 0.0298  0.651040
 0.0299  0.650149
 0.0300  0.649240
 0.0301  0.648441
 0.0302  0.647451
 0.0303  0.646180
 0.0304  0.644712
 0.0305  0.644237
 0.0306  0.643756
 0.0307  0.643265
 0.0308  0.642758
 0.0309  0.642375
 0.0310  0.641874
 0.0311  0.641369
 0.0312  0.640847
 0.0313  0.640259
 0.0314  0.639629
 0.0315  0.639087
 0.0316  0.638577
 0.0317  0.638068
 0.0318  0.637543
 0.0319  0.637010
 0.0320  0.636418
 0.0321  0.635318
 0.0322  0.634340
 0.0323  0.633264
 0.0324  0.632200
 0.0325  0.630614
 0.0326  0.629316
 0.0327  0.628836
 0.0328  0.677954
 0.0329  0.756191
 0.0330  0.742017
 0.0331  0.753040
 0.0332  0.761803
 0.0333  0.749541
 0.0334  0.748679
 0.0335  0.755423
 0.0336  0.761460
 0.0337  0.763546
 0.0338  0.758231
 0.0339  0.759179
 0.0340  0.760105
 0.0341  0.762417
 0.0342  0.766390
 0.0343  0.770885
 0.0344  0.768062
 0.0345  0.767502
 0.0346  0.767047
 0.0347  0.769805
 0.0348  0.771427
 0.0349  0.773749
 0.0350  0.775712
 0.0351  0.775788
 0.0352  0.776374
 0.0353  0.777059
 0.0354  0.777909
 0.0355  0.778254
 0.0356  0.782974
 0.0357  0.784590
 0.0358  0.784664
 0.0359  0.785748
 0.0360  0.787331
 0.0361  0.790752
 0.0362  0.791478
 0.0363  0.792539
 0.0364  0.791842
 0.0365  0.792427
 0.0366  0.795249
 0.0367  0.797196
 0.0368  0.798834
 0.0369  0.800250
 0.0370  0.802996
 0.0371  0.804378
 0.0372  0.804826
 0.0373  0.803999
 0.0374  0.804110
 0.0375  0.806598
 0.0376  0.809455
 0.0377  0.811528
 0.0378  0.810939
 0.0379  0.811202
 0.0380  0.812922
 0.0381  0.815633
 0.0382  0.818025
 0.0383  0.820085
 0.0384  0.820982
 0.0385  0.822484
 0.0386  0.824017
 0.0387  0.824965
 0.0388  0.825973
 0.0389  0.826553
 0.0390  0.829764
 0.0391  0.831092
 0.0392  0.832056
 0.0393  0.833052
 0.0394  0.834107
 0.0395  0.837450
 0.0396  0.840054
 0.0397  0.841864
 0.0398  0.841420
 0.0399  0.842065
 0.0400  0.843673
