-0.400  0.000000
-0.399  0.000000
-0.398  0.000000
-0.397  0.000000
-0.396  0.000000
-0.395  0.000000
-0.394  0.000000
-0.393  0.000000
-0.392  0.000000
-0.391  0.000000
-0.390  0.000000
-0.389  0.000000
-0.388  0.000000
-0.387  0.000000
-0.386  0.000000
-0.385  0.000000
-0.384  0.000000
-0.383  0.000000
-0.382  0.000000
-0.381  0.000000
-0.380  0.000000
-0.379  0.000000
-0.378  0.000000
-0.377  0.000000
-0.376  0.000000
-0.375  0.000000
-0.374  0.000000
-0.373  0.000000
-0.372  0.000000
-0.371  0.000000
-0.370  0.000000
-0.369  0.000000
-0.368  0.000000
-0.367  0.000000
-0.366  0.000000
-0.365  0.000000
-0.364  0.000000
-0.363  0.000000
-0.362  0.000000
-0.361  0.000000
-0.360  0.000000
-0.359  0.000000
-0.358  0.000000
-0.357  0.000000
-0.356  0.000000
-0.355  0.000000
-0.354  0.000000
-0.353  0.000000
-0.352  0.000000
-0.351  0.000000
-0.350  0.000000
-0.349  0.000000
-0.348  0.000000
-0.347  0.000000
-0.346  0.000000
-0.345  0.000000
-0.344  0.000000
-0.343  0.000000
-0.342  0.000000
-0.341  0.000000
-0.340  0.000000
-0.339  0.000000
-0.338  0.000000
-0.337  0.000000
-0.336  0.000000
-0.335  0.000000
-0.334  0.000000
-0.333  0.000000
-0.332  0.000000
-0.331  0.000000
-0.330  0.000000
-0.329  0.000000
-0.328  0.000000
-0.327  0.000000
-0.326  0.000000
-0.325  0.000000
-0.324  0.000000
-0.323  0.000000
-0.322  0.000000
-0.321  0.000000
-0.320  0.000000
-0.319  0.000000
-0.318  0.000000
-0.317  0.000000
-0.316  0.000000
-0.315  0.000000
-0.314  0.000000
-0.313  0.000000
-0.312  0.000000
-0.311  0.000000
-0.310  0.000000
-0.309  0.000000
-0.308  0.000000
-0.307  0.000000
-0.306  0.000000
-0.305  0.000000
-0.304  0.000000
-0.303  0.000000
-0.302  0.000000
-0.301  0.000000
-0.300  0.000000
-0.299  0.000000
-0.298  0.000000
-0.297  0.000000
-0.296  0.000000
-0.295  0.000000
-0.294  0.000000
-0.293  0.000000
-0.292  0.000000
-0.291  0.000000
-0.290  0.000000
-0.289  0.000000
-0.288  0.000000
-0.287  0.000000
-0.286  0.000000
-0.285  0.000000
-0.284  0.000000
-0.283  0.000000
-0.282  0.000000
-0.281  0.000000
-0.280  0.000000
-0.279  0.000000
-0.278  0.000000
-0.277  0.000000
-0.276  0.000000
-0.275  0.000000
-0.274  0.000000
-0.273  0.000000
-0.272  0.000000
-0.271  0.000000
-0.270  0.000000
-0.269  0.000000
-0.268  0.000000
-0.267  0.000000
-0.266  0.000000
-0.265  0.000000
-0.264  0.000000
-0.263  0.000000
-0.262  0.000000
-0.261  0.000000
-0.260  0.000000
-0.259  0.000000
-0.258  0.000000
-0.257  1.080200
-0.256  0.735880
-0.255  0.455483
-0.254  0.415007
-0.253  0.391413
-0.252  1.279558
-0.251  1.305768
-0.250  1.380885
-0.249  1.409075
-0.248  1.543438
-0.247  1.586647
-0.246  1.238262
-0.245  1.179240
-0.244  1.140356
-0.243  1.111667
-0.242  1.090164
-0.241  1.073265
-0.240  1.160505
-0.239  1.182484
-0.238  1.216174
-0.237  1.243913
-0.236  1.273751
-0.235  1.294414
-0.234  1.308973
-0.233  1.319826
-0.232  1.327853
-0.231  1.340341
-0.230  1.400847
-0.229  1.410731
-0.228  1.419764
-0.227  1.430403
-0.226  1.439755
-0.225  1.451522
-0.224  1.460895
-0.223  1.469869
-0.222  1.479480
-0.221  1.492871
-0.220  1.503507
-0.219  1.514522
-0.218  1.525919
-0.217  1.539159
-0.216  1.551313
-0.215  1.564231
-0.214  1.577116
-0.213  1.589358
-0.212  1.602814
-0.211  1.617077
-0.210  1.631395
-0.209  1.645348
-0.208  1.660613
-0.207  1.676687
-0.206  1.691474
-0.205  1.706701
-0.204  1.725890
-0.203  1.742871
-0.202  1.759738
-0.201  1.778436
-0.200  1.797442
-0.199  1.817302
-0.198  1.837348
-0.197  1.858728
-0.196  1.880322
-0.195  1.902284
-0.194  1.926162
-0.193  1.951394
-0.192  1.976658
-0.191  2.003514
-0.190  2.031305
-0.189  2.060539
-0.188  2.091720
-0.187  2.123090
-0.186  2.156987
-0.185  2.193134
-0.184  2.231297
-0.183  2.271318
-0.182  2.314248
-0.181  2.360028
-0.180  2.409272
-0.179  2.463354
-0.178  2.520492
-0.177  2.583883
-0.176  2.651585
-0.175  2.728135
-0.174  2.814367
-0.173  2.912359
-0.172  3.025751
-0.171  3.159156
-0.170  3.322347
-0.169  3.529177
-0.168  3.816023
-0.167  4.292241
-0.166  5.985106
-0.165  4.507790
-0.164  3.973507
-0.163  3.694251
-0.162  3.490095
-0.161  3.340697
-0.160  3.222616
-0.159  3.119829
-0.158  3.031694
-0.157  2.956408
-0.156  2.891066
-0.155  2.830997
-0.154  2.776919
-0.153  2.727658
-0.152  2.682743
-0.151  2.640601
-0.150  2.600899
-0.149  2.565097
-0.148  2.532610
-0.147  2.500600
-0.146  2.472035
-0.145  2.444511
-0.144  2.419347
-0.143  2.394994
-0.142  2.369638
-0.141  2.348868
-0.140  2.327298
-0.139  2.307364
-0.138  2.287097
-0.137  2.269428
-0.136  2.251280
-0.135  2.236376
-0.134  2.220081
-0.133  2.203364
-0.132  2.190763
-0.131  2.175120
-0.130  2.162780
-0.129  2.149464
-0.128  2.137368
-0.127  2.126198
-0.126  2.115231
-0.125  2.102463
-0.124  2.093413
-0.123  2.083521
-0.122  2.073389
-0.121  2.064284
-0.120  2.057042
-0.119  2.047232
-0.118  2.039572
-0.117  2.031683
-0.116  2.014233
-0.115  2.013411
-0.114  2.017598
-0.113  2.062590
-0.112  2.021321
-0.111  2.002865
-0.110  1.988447
-0.109  1.979120
-0.108  1.967753
-0.107  1.959855
-0.106  1.951115
-0.105  1.941278
-0.104  1.969236
-0.103  1.960394
-0.102  1.959735
-0.101  1.957865
-0.100  1.954648
-0.099  1.954947
-0.098  1.951757
-0.097  1.953323
-0.096  1.950934
-0.095  1.951761
-0.094  1.952372
-0.093  1.954253
-0.092  1.957113
-0.091  1.971367
-0.090  1.893299
-0.089  1.913180
-0.088  1.938790
-0.087  1.975199
-0.086  2.036145
-0.085  2.002132
-0.084  2.006060
-0.083  2.010595
-0.082  2.020881
-0.081  2.031596
-0.080  2.045995
-0.079  2.062546
-0.078  2.084996
-0.077  2.112238
-0.076  2.144524
-0.075  2.190605
-0.074  2.254996
-0.073  2.363850
-0.072  3.070696
-0.071  2.331712
-0.070  2.223760
-0.069  2.150394
-0.068  2.102478
-0.067  2.061521
-0.066  2.029773
-0.065  2.000788
-0.064  1.975255
-0.063  1.952366
-0.062  1.931932
-0.061  1.913103
-0.060  1.895362
-0.059  1.878986
-0.058  1.865790
-0.057  1.849060
-0.056  1.835458
-0.055  1.823857
-0.054  1.812738
-0.053  1.801904
-0.052  1.786350
-0.051  1.673112
-0.050  1.577799
-0.049  1.588514
-0.048  1.598999
-0.047  1.609720
-0.046  1.622421
-0.045  1.635627
-0.044  1.651894
-0.043  1.668472
-0.042  1.689509
-0.041  1.715819
-0.040  1.747494
-0.039  1.787981
-0.038  1.858061
-0.037  1.993650
-0.036  1.976222
-0.035  1.853591
-0.034  1.791403
-0.033  1.747351
-0.032  1.711862
-0.031  1.684641
-0.030  1.653114
-0.029  1.629426
-0.028  1.607313
-0.027  1.583575
-0.026  1.559718
-0.025  1.538941
-0.024  1.521861
-0.023  1.502240
-0.022  1.474892
-0.021  1.366373
-0.020  0.883186
-0.019  0.887604
-0.018  0.891467
-0.017  0.896497
-0.016  1.069320
-0.015  1.088353
-0.014  1.108347
-0.013  1.127487
-0.012  1.148159
-0.011  1.170298
-0.010  1.194950
-0.009  1.219032
-0.008  1.244493
-0.007  1.274431
-0.006  1.308034
-0.005  1.349079
-0.004  1.407799
-0.003  1.514957
-0.002  1.487545
-0.001  1.447816
 0.000  1.437027
 0.001  1.440227
 0.002  1.448960
 0.003  1.463862
 0.004  1.488639
 0.005  1.520406
 0.006  1.566171
 0.007  1.631547
 0.008  1.727571
 0.009  1.924823
 0.010  2.266693
 0.011  1.254226
 0.012  1.130865
 0.013  1.143948
 0.014  1.202996
 0.015  1.238099
 0.016  1.342848
 0.017  1.630578
 0.018  1.131492
 0.019  0.926877
 0.020  0.847519
 0.021  0.800693
 0.022  0.762740
 0.023  0.738845
 0.024  0.717593
 0.025  0.704527
 0.026  0.689463
 0.027  0.676395
 0.028  0.666887
 0.029  0.656867
 0.030  0.649240
 0.031  0.641874
 0.032  0.636418
 0.033  0.742017
 0.034  0.760105
 0.035  0.775712
 0.036  0.787331
 0.037  0.802996
 0.038  0.812922
 0.039  0.829764
 0.040  0.843673
 0.041  0.859845
 0.042  0.876234
 0.043  0.893500
 0.044  0.912223
 0.045  0.931510
 0.046  0.948435
 0.047  0.973342
 0.048  0.996657
 0.049  1.024713
 0.050  1.054575
 0.051  1.097915
 0.052  1.151160
 0.053  1.259349
 0.054  1.285542
 0.055  1.141112
 0.056  1.076595
 0.057  1.031598
 0.058  0.998187
 0.059  0.971696
 0.060  0.949791
 0.061  1.358241
 0.062  1.463735
 0.063  1.783410
 0.064  1.982789
 0.065  1.598441
 0.066  1.471298
 0.067  1.516368
 0.068  1.440566
 0.069  1.358440
 0.070  1.335083
 0.071  1.312430
 0.072  1.294485
 0.073  1.280264
 0.074  1.272623
 0.075  1.266975
 0.076  1.268716
 0.077  1.277438
 0.078  1.430196
 0.079  1.266370
 0.080  1.241586
 0.081  1.215654
 0.082  1.198384
 0.083  1.182967
 0.084  1.166046
 0.085  1.147415
 0.086  1.133521
 0.087  1.125400
 0.088  1.117339
 0.089  1.099399
 0.090  1.086940
 0.091  1.073009
 0.092  1.068133
 0.093  0.877172
 0.094  0.894643
 0.095  0.906693
 0.096  0.919391
 0.097  0.933114
 0.098  0.949318
 0.099  0.968983
 0.100  0.992859
 0.101  1.020291
 0.102  1.060724
 0.103  1.107816
 0.104  1.180057
 0.105  1.248656
 0.106  1.159585
 0.107  1.127927
 0.108  1.105028
 0.109  1.090302
 0.110  1.078427
 0.111  1.071318
 0.112  1.061846
 0.113  1.053236
 0.114  1.047775
 0.115  1.041412
 0.116  1.036305
 0.117  1.030624
 0.118  1.024993
 0.119  1.021451
 0.120  1.017446
 0.121  1.012784
 0.122  1.007605
 0.123  1.001473
 0.124  1.001718
 0.125  0.994969
 0.126  0.996407
 0.127  0.984517
 0.128  0.953013
 0.129  0.952615
 0.130  0.954941
 0.131  0.957202
 0.132  0.957608
 0.133  0.959533
 0.134  0.960636
 0.135  0.965563
 0.136  0.966977
 0.137  0.975552
 0.138  0.979966
 0.139  0.990334
 0.140  1.012382
 0.141  1.034628
 0.142  0.991348
 0.143  0.972648
 0.144  0.958558
 0.145  0.947382
 0.146  0.935303
 0.147  0.929565
 0.148  0.919864
 0.149  0.912335
 0.150  0.903343
 0.151  0.896448
 0.152  0.887429
 0.153  0.882195
 0.154  0.873967
 0.155  0.868466
 0.156  0.860194
 0.157  0.853692
 0.158  0.845858
 0.159  0.841236
 0.160  0.833055
 0.161  0.884254
 0.162  0.879792
 0.163  0.879738
 0.164  0.874187
 0.165  0.872186
 0.166  0.869783
 0.167  0.869055
 0.168  0.864308
 0.169  0.861590
 0.170  0.860995
 0.171  0.855095
 0.172  0.854967
 0.173  0.855645
 0.174  0.849681
 0.175  0.847944
 0.176  0.849296
 0.177  0.842238
 0.178  0.840240
 0.179  0.839524
 0.180  0.832681
 0.181  0.831236
 0.182  0.830521
 0.183  0.830880
 0.184  0.828006
 0.185  0.824446
 0.186  0.823466
 0.187  0.819037
 0.188  0.819686
 0.189  0.817840
 0.190  0.814516
 0.191  0.809259
 0.192  0.808047
 0.193  0.811474
 0.194  0.805267
 0.195  0.803479
 0.196  0.800913
 0.197  0.795425
 0.198  0.801144
 0.199  0.792384
 0.200  0.791003
 0.201  0.789763
 0.202  0.785521
 0.203  0.780920
 0.204  0.774828
 0.205  0.788825
 0.206  0.829464
 0.207  0.809969
 0.208  0.789182
 0.209  0.782165
 0.210  0.774519
 0.211  0.765662
 0.212  0.750662
 0.213  0.749885
 0.214  0.734302
 0.215  0.729156
 0.216  0.720556
 0.217  0.751116
 0.218  0.745438
 0.219  0.709011
 0.220  0.715879
 0.221  0.720499
 0.222  0.731802
 0.223  0.737788
 0.224  0.748709
 0.225  0.753205
 0.226  0.787659
 0.227  0.838471
 0.228  0.831344
 0.229  0.789071
 0.230  0.761147
 0.231  0.740832
 0.232  0.732906
 0.233  0.730611
 0.234  0.518718
 0.235  0.448961
 0.236  0.472797
 0.237  0.471801
 0.238  0.577189
 0.239  0.570469
 0.240  0.608024
 0.241  0.667455
 0.242  0.667443
 0.243  0.744350
 0.244  0.870318
 0.245  0.918108
 0.246  0.817019
 0.247  0.782539
 0.248  0.763144
 0.249  0.749699
 0.250  0.740719
 0.251  0.733055
 0.252  0.727013
 0.253  0.721899
 0.254  0.717245
 0.255  0.713437
 0.256  0.709945
 0.257  0.706114
 0.258  0.703582
 0.259  0.700743
 0.260  0.697929
 0.261  0.695585
 0.262  0.692976
 0.263  0.690827
 0.264  0.688611
 0.265  0.686160
 0.266  0.684328
 0.267  0.682239
 0.268  0.680158
 0.269  0.678405
 0.270  0.676232
 0.271  0.674620
 0.272  0.672768
 0.273  0.670807
 0.274  0.669258
 0.275  0.667294
 0.276  0.665724
 0.277  0.664030
 0.278  0.662064
 0.279  0.660734
 0.280  0.659091
 0.281  0.657353
 0.282  0.655938
 0.283  0.654220
 0.284  0.652734
 0.285  0.651262
 0.286  0.649481
 0.287  0.648254
 0.288  0.646493
 0.289  0.645131
 0.290  0.643760
 0.291  0.642063
 0.292  0.640859
 0.293  0.639219
 0.294  0.637810
 0.295  0.636494
 0.296  0.634919
 0.297  0.633668
 0.298  0.632152
 0.299  0.630754
 0.300  0.629552
 0.301  0.627987
 0.302  0.626794
 0.303  0.625338
 0.304  0.623899
 0.305  0.622808
 0.306  0.621226
 0.307  0.620142
 0.308  0.618684
 0.309  0.617333
 0.310  0.616247
 0.311  0.614711
 0.312  0.613684
 0.313  0.612162
 0.314  0.610935
 0.315  0.609851
 0.316  0.608410
 0.317  0.607372
 0.318  0.605884
 0.319  0.604730
 0.320  0.603546
 0.321  0.602229
 0.322  0.601189
 0.323  0.599747
 0.324  0.598683
 0.325  0.597450
 0.326  0.596190
 0.327  0.595130
 0.328  0.593751
 0.329  0.592782
 0.330  0.591460
 0.331  0.590317
 0.332  0.589271
 0.333  0.587944
 0.334  0.587028
 0.335  0.585742
 0.336  0.584674
 0.337  0.583507
 0.338  0.582360
 0.339  0.581358
 0.340  0.580124
 0.341  0.579184
 0.342  0.577854
 0.343  0.576874
 0.344  0.575700
 0.345  0.574574
 0.346  0.573648
 0.347  0.572350
 0.348  0.571567
 0.349  0.570296
 0.350  0.569324
 0.351  0.568190
 0.352  0.567175
 0.353  0.566106
 0.354  0.565020
 0.355  0.564142
 0.356  0.562790
 0.357  0.562116
 0.358  0.560877
 0.359  0.559952
 0.360  0.558805
 0.361  0.557901
 0.362  0.556808
 0.363  0.555781
 0.364  0.554939
 0.365  0.553680
 0.366  0.552970
 0.367  0.551819
 0.368  0.550964
 0.369  0.549680
 0.370  0.549052
 0.371  0.547908
 0.372  0.546875
 0.373  0.545931
 0.374  0.545051
 0.375  0.544040
 0.376  0.542941
 0.377  0.542190
 0.378  0.541146
 0.379  0.540154
 0.380  0.539232
 0.381  0.538421
 0.382  0.537447
 0.383  0.535989
 0.384  0.535650
 0.385  0.532788
 0.386  0.533397
 0.387  0.535040
 0.388  0.538746
 0.389  0.533818
 0.390  0.531828
 0.391  0.529612
 0.392  0.528024
 0.393  0.525728
 0.394  0.524364
 0.395  0.522451
 0.396  0.521000
 0.397  0.518722
 0.398  0.523849
 0.399  0.522247
 0.400  0.521280
 0.401  0.519932
 0.402  0.519880
 0.403  0.519282
 0.404  0.517995
 0.405  0.516359
 0.406  0.516995
 0.407  0.515605
 0.408  0.514324
 0.409  0.513233
 0.410  0.512742
 0.411  0.511600
 0.412  0.510594
 0.413  0.510290
 0.414  0.509834
 0.415  0.509141
 0.416  0.506807
 0.417  0.507550
 0.418  0.506780
 0.419  0.505313
 0.420  0.503892
 0.421  0.503660
 0.422  0.502522
 0.423  0.501413
 0.424  0.501504
 0.425  0.501828
 0.426  0.499991
 0.427  0.497976
 0.428  0.497777
 0.429  0.497373
 0.430  0.495913
 0.431  0.495996
 0.432  0.496090
 0.433  0.494512
 0.434  0.492670
 0.435  0.493656
 0.436  0.491622
 0.437  0.490110
 0.438  0.491471
 0.439  0.490437
 0.440  0.488576
 0.441  0.488467
 0.442  0.488017
 0.443  0.487090
 0.444  0.485594
 0.445  0.485608
 0.446  0.483880
 0.447  0.483117
 0.448  0.483254
 0.449  0.482558
 0.450  0.481080
 0.451  0.480905
 0.452  0.480253
 0.453  0.479150
 0.454  0.478569
 0.455  0.477938
 0.456  0.477328
 0.457  0.476280
 0.458  0.475610
 0.459  0.475780
 0.460  0.474002
 0.461  0.473333
 0.462  0.474469
 0.463  0.471775
 0.464  0.471089
 0.465  0.470711
 0.466  0.469497
 0.467  0.468935
 0.468  0.468034
 0.469  0.467261
 0.470  0.472085
 0.471  0.465749
 0.472  0.465120
 0.473  0.466232
 0.474  0.463525
 0.475  0.465818
 0.476  0.462094
 0.477  0.461449
 0.478  0.464706
 0.479  0.459874
 0.480  0.466299
 0.481  0.458480
 0.482  0.459285
 0.483  0.460762
 0.484  0.456348
 0.485  0.456982
 0.486  0.454925
 0.487  0.455415
 0.488  0.453549
 0.489  0.453903
 0.490  0.454746
 0.491  0.452371
 0.492  0.458554
 0.493  0.450913
 0.494  0.450246
 0.495  0.449433
 0.496  0.449024
 0.497  0.447868
 0.498  0.447922
 0.499  0.446313
 0.500  0.457579
 0.501  0.444988
 0.502  0.456326
 0.503  0.444119
 0.504  0.443463
 0.505  0.442303
 0.506  0.442333
 0.507  0.441091
 0.508  0.439861
 0.509  0.440754
 0.510  0.439093
 0.511  0.438191
 0.512  0.437814
 0.513  0.436029
 0.514  0.435245
 0.515  0.437709
 0.516  0.436552
 0.517  0.432083
 0.518  0.431916
 0.519  0.442913
 0.520  0.432514
 0.521  0.434503
 0.522  0.430540
 0.523  0.436434
 0.524  0.395053
 0.525  0.407895
 0.526  0.404444
 0.527  0.421132
 0.528  0.433082
 0.529  0.458521
 0.530  0.447507
 0.531  0.438985
 0.532  0.435225
 0.533  0.433025
 0.534  0.431613
 0.535  0.430299
 0.536  0.429384
 0.537  0.428664
 0.538  0.427632
 0.539  0.426924
 0.540  0.426377
 0.541  0.425697
 0.542  0.424898
 0.543  0.424277
 0.544  0.423784
 0.545  0.423239
 0.546  0.422425
 0.547  0.421874
 0.548  0.421361
 0.549  0.420862
 0.550  0.420384
 0.551  0.419874
 0.552  0.419297
 0.553  0.418674
 0.554  0.418014
 0.555  0.417306
 0.556  0.416849
 0.557  0.416341
 0.558  0.415856
 0.559  0.415062
 0.560  0.415024
 0.561  0.414772
 0.562  0.412962
 0.563  0.411410
 0.564  0.227153
 0.565  0.227113
 0.566  0.227056
 0.567  0.226994
 0.568  0.226941
 0.569  0.226911
 0.570  0.226848
 0.571  0.226792
 0.572  0.226749
 0.573  0.226713
 0.574  0.226655
 0.575  0.226606
 0.576  0.226583
 0.577  0.226529
 0.578  0.226477
 0.579  0.226435
 0.580  0.226413
 0.581  0.226358
 0.582  0.226312
 0.583  0.226281
 0.584  0.226249
 0.585  0.226200
 0.586  0.226160
 0.587  0.226148
 0.588  0.226097
 0.589  0.226053
 0.590  0.226022
 0.591  0.226002
 0.592  0.225955
 0.593  0.225918
 0.594  0.225915
 0.595  0.225867
 0.596  0.225825
 0.597  0.225797
 0.598  0.225786
 0.599  0.225742
 0.600  0.225707
 0.601  0.225697
 0.602  0.225666
 0.603  0.225628
 0.604  0.225602
 0.605  0.225598
 0.606  0.225557
 0.607  0.225526
 0.608  0.225519
 0.609  0.225494
 0.610  0.225459
 0.611  0.225438
 0.612  0.225439
 0.613  0.225401
 0.614  0.225374
 0.615  0.225374
 0.616  0.225350
 0.617  0.225319
 0.618  0.225303
 0.619  0.225306
 0.620  0.225272
 0.621  0.225250
 0.622  0.225269
 0.623  0.225233
 0.624  0.225207
 0.625  0.225198
 0.626  0.225200
 0.627  0.225171
 0.628  0.225155
 0.629  0.225174
 0.630  0.225143
 0.631  0.225122
 0.632  0.225125
 0.633  0.225122
 0.634  0.225098
 0.635  0.225090
 0.636  0.225107
 0.637  0.225081
 0.638  0.225068
 0.639  0.225099
 0.640  0.225071
 0.641  0.225054
 0.642  0.225059
 0.643  0.225067
 0.644  0.225047
 0.645  0.225044
 0.646  0.225070
 0.647  0.225048
 0.648  0.225040
 0.649  0.225078
 0.650  0.225055
 0.651  0.225044
 0.652  0.225058
 0.653  0.225068
 0.654  0.225055
 0.655  0.225060
 0.656  0.225088
 0.657  0.225072
 0.658  0.225073
 0.659  0.225114
 0.660  0.225097
 0.661  0.225094
 0.662  0.225145
 0.663  0.225127
 0.664  0.225122
 0.665  0.225145
 0.666  0.225164
 0.667  0.225157
 0.668  0.225172
 0.669  0.225207
 0.670  0.225198
 0.671  0.225209
 0.672  0.225255
 0.673  0.225246
 0.674  0.225254
 0.675  0.225310
 0.676  0.225300
 0.677  0.225306
 0.678  0.225370
 0.679  0.225360
 0.680  0.225365
 0.681  0.225410
 0.682  0.225426
 0.683  0.225431
 0.684  0.225467
 0.685  0.225498
 0.686  0.225502
 0.687  0.225535
 0.688  0.225576
 0.689  0.225580
 0.690  0.225611
 0.691  0.225660
 0.692  0.225664
 0.693  0.225694
 0.694  0.225750
 0.695  0.225755
 0.696  0.225785
 0.697  0.225846
 0.698  0.225852
 0.699  0.225882
 0.700  0.225948
 0.701  0.225955
 0.702  0.225987
 0.703  0.226056
 0.704  0.226064
 0.705  0.226099
 0.706  0.226170
 0.707  0.226180
 0.708  0.226217
 0.709  0.226290
 0.710  0.226303
 0.711  0.226344
 0.712  0.226417
 0.713  0.226432
 0.714  0.226478
 0.715  0.226549
 0.716  0.226568
 0.717  0.226620
 0.718  0.226689
 0.719  0.226711
 0.720  0.226772
 0.721  0.226835
 0.722  0.226862
 0.723  0.226936
 0.724  0.226988
 0.725  0.227020
 0.726  0.227128
 0.727  0.227148
 0.728  0.227187
 0.729  0.227297
 0.730  0.227316
 0.731  0.227363
 0.732  0.227467
 0.733  0.227492
 0.734  0.227550
 0.735  0.227645
 0.736  0.227676
 0.737  0.227750
 0.738  0.227830
 0.739  0.227870
 0.740  0.227976
 0.741  0.228024
 0.742  0.228074
 0.743  0.228198
 0.744  0.228227
 0.745  0.228291
 0.746  0.228402
 0.747  0.228440
 0.748  0.228526
 0.749  0.228615
 0.750  0.228665
 0.751  0.228807
 0.752  0.228838
 0.753  0.228904
 0.754  0.229031
 0.755  0.229073
 0.756  0.229163
 0.757  0.229265
 0.758  0.229321
 0.759  0.229473
 0.760  0.229511
 0.761  0.229587
 0.762  0.229718
 0.763  0.229770
 0.764  0.229884
 0.765  0.229976
 0.766  0.230047
 0.767  0.230198
 0.768  0.230248
 0.769  0.230351
 0.770  0.230469
 0.771  0.230538
 0.772  0.230704
 0.773  0.230754
 0.774  0.230856
 0.775  0.230988
 0.776  0.231060
 0.777  0.231236
 0.778  0.231290
 0.779  0.231397
 0.780  0.231536
 0.781  0.231614
 0.782  0.231795
 0.783  0.231855
 0.784  0.231977
 0.785  0.232112
 0.786  0.232201
 0.787  0.232381
 0.788  0.232451
 0.789  0.232604
 0.790  0.232718
 0.791  0.232826
 0.792  0.232998
 0.793  0.233083
 0.794  0.233289
 0.795  0.233359
 0.796  0.233501
 0.797  0.233647
 0.798  0.233758
 0.799  0.233947
 0.800  0.234038
 0.801  0.234258
 0.802  0.234335
 0.803  0.234496
 0.804  0.234643
 0.805  0.234771
 0.806  0.234962
 0.807  0.235071
 0.808  0.235291
 0.809  0.235385
 0.810  0.235628
 0.811  0.235712
 0.812  0.235889
 0.813  0.236048
 0.814  0.236198
 0.815  0.236395
 0.816  0.236527
 0.817  0.236750
 0.818  0.236870
 0.819  0.237114
 0.820  0.237224
 0.821  0.237485
 0.822  0.237588
 0.823  0.237864
 0.824  0.237961
 0.825  0.238188
 0.826  0.238344
 0.827  0.238548
 0.828  0.238734
 0.829  0.238927
 0.830  0.239133
 0.831  0.239320
 0.832  0.239539
 0.833  0.239725
 0.834  0.239953
 0.835  0.240141
 0.836  0.240376
 0.837  0.240569
 0.838  0.240807
 0.839  0.241008
 0.840  0.241245
 0.841  0.241461
 0.842  0.241693
 0.843  0.241930
 0.844  0.242150
 0.845  0.242426
 0.846  0.242616
 0.847  0.242961
 0.848  0.243094
 0.849  0.243433
 0.850  0.243584
 0.851  0.243915
 0.852  0.244090
 0.853  0.244407
 0.854  0.244616
 0.855  0.244912
 0.856  0.245176
 0.857  0.245431
 0.858  0.245810
 0.859  0.245967
 0.860  0.246329
 0.861  0.246530
 0.862  0.246864
 0.863  0.247138
 0.864  0.247418
 0.865  0.247819
 0.866  0.248001
 0.867  0.248372
 0.868  0.248632
 0.869  0.248951
 0.870  0.249373
 0.871  0.249565
 0.872  0.249950
 0.873  0.250258
 0.874  0.250563
 0.875  0.250989
 0.876  0.251237
 0.877  0.251605
 0.878  0.252060
 0.879  0.252280
 0.880  0.252682
 0.881  0.253158
 0.882  0.253370
 0.883  0.253791
 0.884  0.254281
 0.885  0.254504
 0.886  0.254932
 0.887  0.255428
 0.888  0.255688
 0.889  0.256107
 0.890  0.256600
 0.891  0.256957
 0.892  0.257329
 0.893  0.257807
 0.894  0.258338
 0.895  0.258638
 0.896  0.259070
 0.897  0.259576
 0.898  0.260124
 0.899  0.260463
 0.900  0.260898
 0.901  0.261405
 0.902  0.261955
 0.903  0.262536
 0.904  0.262864
 0.905  0.263335
 0.906  0.263863
 0.907  0.264423
 0.908  0.265007
 0.909  0.265609
 0.910  0.266083
 0.911  0.266528
 0.912  0.267058
 0.913  0.267619
 0.914  0.268196
 0.915  0.268791
 0.916  0.269393
 0.917  0.270002
 0.918  0.270618
 0.919  0.271235
 0.920  0.271858
 0.921  0.272483
 0.922  0.273113
 0.923  0.273752
 0.924  0.274407
 0.925  0.275091
 0.926  0.275849
 0.927  0.276778
 0.928  0.277360
 0.929  0.277965
 0.930  0.278633
 0.931  0.279497
 0.932  0.280353
 0.933  0.280935
 0.934  0.281783
 0.935  0.282657
 0.936  0.283300
 0.937  0.284366
 0.938  0.284968
 0.939  0.285960
 0.940  0.287219
 0.941  0.287561
 0.942  0.288496
 0.943  0.289490
 0.944  0.290426
 0.945  0.291291
 0.946  0.292209
 0.947  0.293675
 0.948  0.294244
 0.949  0.295138
 0.950  0.297296
 0.951  0.298909
 0.952  0.299784
 0.953  0.291704
 0.954  0.000000
 0.955  0.000000
 0.956  0.000000
 0.957  0.000000
 0.958  0.000000
 0.959  0.000000
 0.960  0.000000
 0.961  0.000000
 0.962  0.000000
 0.963  0.000000
 0.964  0.000000
 0.965  0.000000
 0.966  0.000000
 0.967  0.000000
 0.968  0.000000
 0.969  0.000000
 0.970  0.000000
 0.971  0.000000
 0.972  0.000000
 0.973  0.000000
 0.974  0.000000
 0.975  0.000000
 0.976  0.000000
 0.977  0.000000
 0.978  0.000000
 0.979  0.000000
 0.980  0.000000
 0.981  0.000000
 0.982  0.000000
 0.983  0.000000
 0.984  0.000000
 0.985  0.000000
 0.986  0.000000
 0.987  0.000000
 0.988  0.000000
 0.989  0.000000
 0.990  0.000000
 0.991  0.000000
 0.992  0.000000
 0.993  0.000000
 0.994  0.000000
 0.995  0.000000
 0.996  0.000000
 0.997  0.000000
 0.998  0.000000
 0.999  0.000000
 1.000  0.000000
