-0.400  0.000000
-0.399  0.000000
-0.398  0.000000
-0.397  0.000000
-0.396  0.000000
-0.395  0.000000
-0.394  0.000000
-0.393  0.000000
-0.392  0.000000
-0.391  0.000000
-0.390  0.000000
-0.389  0.000000
-0.388  0.000000
-0.387  0.000000
-0.386  0.000000
-0.385  0.000000
-0.384  0.000000
-0.383  0.000000
-0.382  0.000000
-0.381  0.000000
-0.380  0.000000
-0.379  0.000000
-0.378  0.000000
-0.377  0.000000
-0.376  0.000000
-0.375  0.000000
-0.374  0.000000
-0.373  0.000000
-0.372  0.000000
-0.371  0.000000
-0.370  0.000000
-0.369  0.000000
-0.368  0.000000
-0.367  0.000000
-0.366  0.000000
-0.365  0.000000
-0.364  0.000000
-0.363  0.000000
-0.362  0.000000
-0.361  0.000000
-0.360  0.000000
-0.359  0.000000
-0.358  0.000000
-0.357  0.000000
-0.356  0.000000
-0.355  0.000000
-0.354  0.000000
-0.353  0.000000
-0.352  0.000000
-0.351  0.000000
-0.350  0.000000
-0.349  0.000000
-0.348  0.000000
-0.347  0.000000
-0.346  0.000000
-0.345  0.000000
-0.344  0.000000
-0.343  0.000000
-0.342  0.000000
-0.341  0.000000
-0.340  0.000000
-0.339  0.000000
-0.338  0.000000
-0.337  0.000000
-0.336  0.000000
-0.335  0.000000
-0.334  0.000000
-0.333  0.000000
-0.332  0.000000
-0.331  0.000000
-0.330  0.000000
-0.329  0.000000
-0.328  0.000000
-0.327  0.000000
-0.326  0.000000
-0.325  0.000000
-0.324  0.000000
-0.323  0.000000
-0.322  0.000000
-0.321  0.000000
-0.320  0.000000
-0.319  0.000000
-0.318  0.000000
-0.317  0.000000
-0.316  0.000000
-0.315  0.000000
-0.314  0.000000
-0.313  0.000000
-0.312  0.000000
-0.311  0.000000
-0.310  0.000000
-0.309  0.000000
-0.308  0.000000
-0.307  0.000000
-0.306  0.000000
-0.305  0.000000
-0.304  0.000000
-0.303  0.000000
-0.302  0.000000
-0.301  0.000000
-0.300  0.000000
-0.299  0.000000
-0.298  0.000000
-0.297  0.000000
-0.296  0.000000
-0.295  0.000000
-0.294  0.000000
-0.293  0.000000
-0.292  0.000000
-0.291  0.000000
-0.290  0.000000
-0.289  0.000000
-0.288  0.000000
-0.287  0.000000
-0.286  0.000000
-0.285  0.000000
-0.284  0.000000
-0.283  0.000000
-0.282  0.000000
-0.281  0.000000
-0.280  0.000000
-0.279  0.000000
-0.278  0.000000
-0.277  0.000000
-0.276  0.000000
-0.275  0.000000
-0.274  0.000000
-0.273  0.000000
-0.272  0.000000
-0.271  0.000000
-0.270  0.000000
-0.269  0.000000
-0.268  0.000000
-0.267  0.000000
-0.266  0.000000
-0.265  0.000000
-0.264  0.000000
-0.263  0.000000
-0.262  0.000000
-0.261  0.000000
-0.260  0.740907
-0.259  0.543826
-0.258  0.472773
-0.257  0.433303
-0.256  0.409034
-0.255  0.390413
-0.254  0.378077
-0.253  0.368501
-0.252  0.360735
-0.251  0.354372
-0.250  2.166159
-0.249  1.223477
-0.248  1.622151
-0.247  1.344253
-0.246  1.247228
-0.245  1.190990
-0.244  1.154837
-0.243  1.126171
-0.242  1.106560
-0.241  1.090151
-0.240  1.076889
-0.239  1.065596
-0.238  1.057415
-0.237  1.051296
-0.236  1.045223
-0.235  1.041204
-0.234  1.202622
-0.233  1.200084
-0.232  1.209203
-0.231  1.224247
-0.230  1.239530
-0.229  1.256321
-0.228  1.270875
-0.227  1.285581
-0.226  1.299449
-0.225  1.473039
-0.224  1.483436
-0.223  1.499858
-0.222  1.512766
-0.221  1.520660
-0.220  1.532347
-0.219  1.546690
-0.218  1.557794
-0.217  1.571826
-0.216  1.584992
-0.215  1.598021
-0.214  1.611513
-0.213  1.626812
-0.212  1.642301
-0.211  1.657262
-0.210  1.673375
-0.209  1.689384
-0.208  1.705244
-0.207  1.721800
-0.206  1.740419
-0.205  1.758383
-0.204  1.776910
-0.203  1.796859
-0.202  1.816787
-0.201  1.837996
-0.200  1.859091
-0.199  1.882114
-0.198  1.905994
-0.197  1.929608
-0.196  1.955120
-0.195  1.982528
-0.194  2.010268
-0.193  2.039231
-0.192  2.070162
-0.191  2.102383
-0.190  2.135731
-0.189  2.171552
-0.188  2.209368
-0.187  2.250059
-0.186  2.292636
-0.185  2.338532
-0.184  2.388289
-0.183  2.441143
-0.182  2.498318
-0.181  2.560041
-0.180  2.629606
-0.179  2.706814
-0.178  2.791945
-0.177  2.888306
-0.176  2.998992
-0.175  3.128437
-0.174  3.283568
-0.173  3.477186
-0.172  3.734783
-0.171  4.117597
-0.170  4.864093
-0.169  5.342073
-0.168  4.348798
-0.167  3.949985
-0.166  3.702221
-0.165  3.515452
-0.164  3.373601
-0.163  3.256830
-0.162  3.159126
-0.161  3.072264
-0.160  2.997957
-0.159  2.932560
-0.158  2.868305
-0.157  2.814627
-0.156  2.766567
-0.155  2.721447
-0.154  2.679385
-0.153  2.639341
-0.152  2.601680
-0.151  2.566993
-0.150  2.535503
-0.149  2.505228
-0.148  2.476433
-0.147  2.450264
-0.146  2.426657
-0.145  2.401629
-0.144  2.378914
-0.143  2.357604
-0.142  2.336588
-0.141  2.316647
-0.140  2.297875
-0.139  2.279416
-0.138  2.262892
-0.137  2.246323
-0.136  2.231714
-0.135  2.215640
-0.134  2.200768
-0.133  2.188637
-0.132  2.174639
-0.131  2.163011
-0.130  2.149956
-0.129  2.138508
-0.128  2.127705
-0.127  2.119255
-0.126  2.110386
-0.125  2.066112
-0.124  2.063729
-0.123  2.060170
-0.122  2.061875
-0.121  2.060383
-0.120  2.061311
-0.119  2.065077
-0.118  2.078859
-0.117  2.074503
-0.116  2.037177
-0.115  2.019721
-0.114  2.006688
-0.113  1.994294
-0.112  2.008881
-0.111  2.002319
-0.110  1.999732
-0.109  1.996564
-0.108  1.992589
-0.107  1.990038
-0.106  1.986379
-0.105  1.985636
-0.104  1.983204
-0.103  1.980603
-0.102  1.980111
-0.101  1.980592
-0.100  1.846147
-0.099  1.854429
-0.098  1.864645
-0.097  1.875304
-0.096  1.886585
-0.095  1.898557
-0.094  1.912577
-0.093  1.928037
-0.092  1.945873
-0.091  1.966155
-0.090  1.989997
-0.089  2.020500
-0.088  2.063836
-0.087  2.226707
-0.086  2.101458
-0.085  2.091334
-0.084  2.092371
-0.083  2.098197
-0.082  2.108682
-0.081  2.122655
-0.080  2.141733
-0.079  2.161718
-0.078  2.188480
-0.077  2.223051
-0.076  2.263240
-0.075  2.315719
-0.074  2.384454
-0.073  2.477184
-0.072  2.615993
-0.071  2.906773
-0.070  2.511888
-0.069  2.397907
-0.068  2.330618
-0.067  2.276591
-0.066  1.621176
-0.065  1.626063
-0.064  1.635008
-0.063  1.643932
-0.062  1.655172
-0.061  1.669181
-0.060  1.682291
-0.059  1.698973
-0.058  1.716186
-0.057  1.733695
-0.056  1.756956
-0.055  1.782725
-0.054  1.809047
-0.053  1.838990
-0.052  1.877452
-0.051  1.922353
-0.050  1.976475
-0.049  2.042544
-0.048  2.126415
-0.047  2.244561
-0.046  2.409971
-0.045  2.729214
-0.044  3.767027
-0.043  2.841198
-0.042  2.628949
-0.041  1.220076
-0.040  1.180541
-0.039  1.153506
-0.038  1.130528
-0.037  1.111587
-0.036  1.095918
-0.035  1.082390
-0.034  1.070025
-0.033  1.058526
-0.032  1.047264
-0.031  1.038159
-0.030  1.028022
-0.029  1.019441
-0.028  0.942798
-0.027  0.952184
-0.026  0.962821
-0.025  0.973220
-0.024  0.985728
-0.023  0.999021
-0.022  1.014014
-0.021  1.120695
-0.020  1.178342
-0.019  1.247312
-0.018  1.336365
-0.017  1.491772
-0.016  1.686111
-0.015  1.491141
-0.014  1.438415
-0.013  1.413366
-0.012  1.402406
-0.011  1.397478
-0.010  1.396012
-0.009  1.398083
-0.008  1.401522
-0.007  1.406729
-0.006  1.189054
-0.005  1.194250
-0.004  1.200840
-0.003  1.201250
-0.002  1.200027
-0.001  1.195849
 0.000  1.189024
 0.001  1.180220
 0.002  1.170175
 0.003  1.158465
 0.004  1.148226
 0.005  1.139248
 0.006  1.130999
 0.007  1.125658
 0.008  1.125907
 0.009  1.130617
 0.010  1.144554
 0.011  1.178286
 0.012  1.272765
 0.013  1.231599
 0.014  1.092951
 0.015  1.027817
 0.016  0.985145
 0.017  0.951749
 0.018  0.924026
 0.019  0.899082
 0.020  0.879280
 0.021  0.861100
 0.022  0.844517
 0.023  0.829002
 0.024  0.816786
 0.025  0.804168
 0.026  0.791587
 0.027  0.780445
 0.028  0.770098
 0.029  0.759634
 0.030  0.750845
 0.031  0.741453
 0.032  0.732398
 0.033  0.724600
 0.034  0.716234
 0.035  0.708770
 0.036  0.700964
 0.037  0.694110
 0.038  0.686903
 0.039  0.680401
 0.040  0.673558
 0.041  0.666828
 0.042  0.660545
 0.043  0.653788
 0.044  0.647572
 0.045  0.640957
 0.046  0.634754
 0.047  0.628619
 0.048  0.622523
 0.049  0.616439
 0.050  0.610558
 0.051  0.605083
 0.052  0.599254
 0.053  0.594249
 0.054  0.589042
 0.055  0.584213
 0.056  0.580373
 0.057  0.576607
 0.058  0.900624
 0.059  0.917317
 0.060  0.944235
 0.061  0.965503
 0.062  0.991616
 0.063  1.020782
 0.064  1.053243
 0.065  1.094581
 0.066  1.146837
 0.067  1.213265
 0.068  1.315496
 0.069  1.577636
 0.070  1.427385
 0.071  1.251117
 0.072  1.164895
 0.073  1.101810
 0.074  1.051744
 0.075  1.014203
 0.076  0.982525
 0.077  0.922127
 0.078  0.906448
 0.079  0.894562
 0.080  0.885683
 0.081  0.881997
 0.082  0.885556
 0.083  0.978395
 0.084  1.028904
 0.085  0.928685
 0.086  0.886161
 0.087  0.854080
 0.088  0.828917
 0.089  0.804601
 0.090  0.783306
 0.091  2.002065
 0.092  2.579941
 0.093  2.106107
 0.094  1.825126
 0.095  1.682410
 0.096  1.583722
 0.097  1.524796
 0.098  1.464322
 0.099  1.420072
 0.100  1.378844
 0.101  1.309787
 0.102  0.952812
 0.103  0.933909
 0.104  0.922233
 0.105  0.912709
 0.106  0.908909
 0.107  0.904150
 0.108  0.901787
 0.109  0.898335
 0.110  0.898431
 0.111  0.899121
 0.112  0.899679
 0.113  0.905433
 0.114  0.907581
 0.115  1.051405
 0.116  1.064112
 0.117  1.087129
 0.118  1.116940
 0.119  1.146047
 0.120  1.190999
 0.121  1.181191
 0.122  1.294411
 0.123  1.366254
 0.124  1.239745
 0.125  1.192420
 0.126  1.163005
 0.127  1.144562
 0.128  1.131092
 0.129  1.119516
 0.130  1.111373
 0.131  1.103693
 0.132  1.098421
 0.133  1.092242
 0.134  1.089179
 0.135  1.085387
 0.136  1.084685
 0.137  1.082497
 0.138  1.082462
 0.139  1.082955
 0.140  1.083686
 0.141  1.087023
 0.142  1.088531
 0.143  1.095240
 0.144  1.099402
 0.145  1.112934
 0.146  1.128269
 0.147  1.148759
 0.148  1.241563
 0.149  1.180774
 0.150  1.124337
 0.151  1.094679
 0.152  1.068654
 0.153  1.050469
 0.154  1.033118
 0.155  1.018708
 0.156  1.004330
 0.157  0.993030
 0.158  0.979891
 0.159  0.969541
 0.160  0.958046
 0.161  0.948531
 0.162  0.937239
 0.163  0.927830
 0.164  0.918429
 0.165  0.909686
 0.166  0.900609
 0.167  0.892852
 0.168  0.883212
 0.169  0.874679
 0.170  0.866915
 0.171  0.858167
 0.172  0.850621
 0.173  0.841375
 0.174  0.835986
 0.175  0.826168
 0.176  0.819518
 0.177  0.811675
 0.178  0.803638
 0.179  0.797129
 0.180  0.787762
 0.181  0.781767
 0.182  0.877753
 0.183  0.875844
 0.184  0.873980
 0.185  0.871717
 0.186  0.865307
 0.187  0.864211
 0.188  0.861188
 0.189  0.860009
 0.190  0.855333
 0.191  0.852638
 0.192  0.851278
 0.193  0.845890
 0.194  0.844445
 0.195  0.839806
 0.196  0.840281
 0.197  0.836400
 0.198  0.833863
 0.199  0.831364
 0.200  0.833342
 0.201  0.824181
 0.202  0.823922
 0.203  0.822881
 0.204  0.767115
 0.205  0.769510
 0.206  0.775532
 0.207  0.779854
 0.208  0.783670
 0.209  0.786177
 0.210  0.789378
 0.211  0.800793
 0.212  0.805708
 0.213  0.812126
 0.214  0.827450
 0.215  0.891020
 0.216  0.787943
 0.217  0.822604
 0.218  0.763043
 0.219  0.740977
 0.220  0.730678
 0.221  0.722284
 0.222  0.719304
 0.223  0.710061
 0.224  0.704926
 0.225  0.709625
 0.226  0.699693
 0.227  0.698911
 0.228  0.701860
 0.229  0.701198
 0.230  0.700431
 0.231  0.761390
 0.232  0.775605
 0.233  0.783540
 0.234  0.808656
 0.235  0.830991
 0.236  0.880394
 0.237  0.998191
 0.238  0.963904
 0.239  0.873829
 0.240  0.469424
 0.241  0.480136
 0.242  0.472087
 0.243  0.477649
 0.244  0.481743
 0.245  0.486669
 0.246  0.495015
 0.247  0.503080
 0.248  0.515586
 0.249  0.521219
 0.250  0.530765
 0.251  0.662080
 0.252  0.673749
 0.253  0.714809
 0.254  0.766717
 0.255  0.825629
 0.256  0.973281
 0.257  1.040881
 0.258  0.912529
 0.259  0.862217
 0.260  0.832275
 0.261  0.811391
 0.262  0.795963
 0.263  0.783497
 0.264  0.773268
 0.265  0.764660
 0.266  0.757360
 0.267  0.750805
 0.268  0.744922
 0.269  0.739521
 0.270  0.734984
 0.271  0.730233
 0.272  0.726367
 0.273  0.722278
 0.274  0.718572
 0.275  0.715372
 0.276  0.711860
 0.277  0.708928
 0.278  0.705702
 0.279  0.702874
 0.280  0.700273
 0.281  0.697388
 0.282  0.694972
 0.283  0.692340
 0.284  0.689762
 0.285  0.687732
 0.286  0.685031
 0.287  0.682787
 0.288  0.680723
 0.289  0.678488
 0.290  0.676572
 0.291  0.674199
 0.292  0.672189
 0.293  0.670332
 0.294  0.668243
 0.295  0.666494
 0.296  0.664344
 0.297  0.662383
 0.298  0.660846
 0.299  0.658717
 0.300  0.657242
 0.301  0.655150
 0.302  0.653394
 0.303  0.651894
 0.304  0.649959
 0.305  0.648591
 0.306  0.646512
 0.307  0.644878
 0.308  0.643459
 0.309  0.641675
 0.310  0.640303
 0.311  0.638399
 0.312  0.637130
 0.313  0.635490
 0.314  0.633768
 0.315  0.632556
 0.316  0.630648
 0.317  0.629439
 0.318  0.627857
 0.319  0.626095
 0.320  0.625099
 0.321  0.623209
 0.322  0.622142
 0.323  0.620466
 0.324  0.618950
 0.325  0.617894
 0.326  0.616021
 0.327  0.615109
 0.328  0.613279
 0.329  0.612094
 0.330  0.610905
 0.331  0.609155
 0.332  0.608237
 0.333  0.606518
 0.334  0.605495
 0.335  0.603764
 0.336  0.602490
 0.337  0.601460
 0.338  0.599947
 0.339  0.599097
 0.340  0.597315
 0.341  0.596515
 0.342  0.594912
 0.343  0.593710
 0.344  0.592683
 0.345  0.591054
 0.346  0.590242
 0.347  0.588671
 0.348  0.587728
 0.349  0.586112
 0.350  0.585376
 0.351  0.583969
 0.352  0.582607
 0.353  0.581846
 0.354  0.580187
 0.355  0.579517
 0.356  0.577880
 0.357  0.577004
 0.358  0.575500
 0.359  0.574893
 0.360  0.573408
 0.361  0.572178
 0.362  0.571517
 0.363  0.569913
 0.364  0.569123
 0.365  0.567644
 0.366  0.566935
 0.367  0.565451
 0.368  0.564804
 0.369  0.563259
 0.370  0.562430
 0.371  0.561162
 0.372  0.559986
 0.373  0.559062
 0.374  0.558140
 0.375  0.556856
 0.376  0.555811
 0.377  0.555021
 0.378  0.553841
 0.379  0.552574
 0.380  0.551993
 0.381  0.550740
 0.382  0.549322
 0.383  0.547833
 0.384  0.541647
 0.385  0.541872
 0.386  0.541439
 0.387  0.541775
 0.388  0.541260
 0.389  0.541938
 0.390  0.542037
 0.391  0.542675
 0.392  0.544087
 0.393  0.546699
 0.394  0.567757
 0.395  0.546385
 0.396  0.541027
 0.397  0.537478
 0.398  0.534263
 0.399  0.532944
 0.400  0.530637
 0.401  0.528739
 0.402  0.526410
 0.403  0.524859
 0.404  0.522885
 0.405  0.521171
 0.406  0.519183
 0.407  0.525124
 0.408  0.524623
 0.409  0.523070
 0.410  0.523738
 0.411  0.521653
 0.412  0.521222
 0.413  0.520009
 0.414  0.519583
 0.415  0.518503
 0.416  0.517733
 0.417  0.516723
 0.418  0.515814
 0.419  0.515007
 0.420  0.513297
 0.421  0.513507
 0.422  0.511493
 0.423  0.511603
 0.424  0.510466
 0.425  0.510038
 0.426  0.508929
 0.427  0.507250
 0.428  0.507729
 0.429  0.505606
 0.430  0.505560
 0.431  0.504996
 0.432  0.504154
 0.433  0.502963
 0.434  0.501434
 0.435  0.502378
 0.436  0.499581
 0.437  0.499798
 0.438  0.499946
 0.439  0.497857
 0.440  0.497307
 0.441  0.496377
 0.442  0.496273
 0.443  0.493808
 0.444  0.493573
 0.445  0.494227
 0.446  0.491845
 0.447  0.490852
 0.448  0.491575
 0.449  0.489915
 0.450  0.489312
 0.451  0.488927
 0.452  0.488404
 0.453  0.487619
 0.454  0.486463
 0.455  0.485722
 0.456  0.484531
 0.457  0.484162
 0.458  0.483209
 0.459  0.480741
 0.460  0.481691
 0.461  0.480937
 0.462  0.479446
 0.463  0.479106
 0.464  0.478928
 0.465  0.478491
 0.466  0.476407
 0.467  0.477245
 0.468  0.475470
 0.469  0.473526
 0.470  0.476150
 0.471  0.474220
 0.472  0.471819
 0.473  0.474202
 0.474  0.471041
 0.475  0.471378
 0.476  0.471563
 0.477  0.468324
 0.478  0.469762
 0.479  0.466393
 0.480  0.468129
 0.481  0.467109
 0.482  0.466136
 0.483  0.465284
 0.484  0.464611
 0.485  0.463565
 0.486  0.462684
 0.487  0.463902
 0.488  0.460801
 0.489  0.465080
 0.490  0.458973
 0.491  0.462306
 0.492  0.458089
 0.493  0.460252
 0.494  0.458041
 0.495  0.459470
 0.496  0.458125
 0.497  0.460108
 0.498  0.455142
 0.499  0.453999
 0.500  0.453239
 0.501  0.451958
 0.502  0.451405
 0.503  0.449923
 0.504  0.459852
 0.505  0.447960
 0.506  0.449913
 0.507  0.453736
 0.508  0.447826
 0.509  0.446287
 0.510  0.450345
 0.511  0.445065
 0.512  0.442868
 0.513  0.444056
 0.514  0.442496
 0.515  0.447044
 0.516  0.485630
 0.517  0.440497
 0.518  0.446302
 0.519  0.439004
 0.520  0.437264
 0.521  0.436696
 0.522  0.464529
 0.523  0.435104
 0.524  0.447316
 0.525  0.434705
 0.526  0.384728
 0.527  0.388433
 0.528  0.392522
 0.529  0.396729
 0.530  0.401380
 0.531  0.408064
 0.532  0.413664
 0.533  0.422590
 0.534  0.434359
 0.535  0.469605
 0.536  0.462151
 0.537  0.448993
 0.538  0.443302
 0.539  0.439985
 0.540  0.437706
 0.541  0.435764
 0.542  0.434142
 0.543  0.432968
 0.544  0.431868
 0.545  0.430935
 0.546  0.429870
 0.547  0.429022
 0.548  0.428034
 0.549  0.427266
 0.550  0.426573
 0.551  0.425958
 0.552  0.425082
 0.553  0.424346
 0.554  0.423682
 0.555  0.423128
 0.556  0.422953
 0.557  0.422055
 0.558  0.421159
 0.559  0.420735
 0.560  0.420451
 0.561  0.419337
 0.562  0.419338
 0.563  0.419341
 0.564  0.324352
 0.565  0.323845
 0.566  0.323337
 0.567  0.322991
 0.568  0.322823
 0.569  0.322324
 0.570  0.321866
 0.571  0.321443
 0.572  0.322562
 0.573  0.320597
 0.574  0.227887
 0.575  0.227812
 0.576  0.227748
 0.577  0.227700
 0.578  0.227626
 0.579  0.227560
 0.580  0.227512
 0.581  0.227457
 0.582  0.227390
 0.583  0.227334
 0.584  0.227302
 0.585  0.227236
 0.586  0.227177
 0.587  0.227131
 0.588  0.227094
 0.589  0.227034
 0.590  0.226983
 0.591  0.226964
 0.592  0.226903
 0.593  0.226850
 0.594  0.226809
 0.595  0.226783
 0.596  0.226728
 0.597  0.226682
 0.598  0.226660
 0.599  0.226618
 0.600  0.226569
 0.601  0.226532
 0.602  0.226517
 0.603  0.226466
 0.604  0.226425
 0.605  0.226404
 0.606  0.226373
 0.607  0.226328
 0.608  0.226296
 0.609  0.226288
 0.610  0.226241
 0.611  0.226204
 0.612  0.226190
 0.613  0.226163
 0.614  0.226123
 0.615  0.226097
 0.616  0.226094
 0.617  0.226051
 0.618  0.226020
 0.619  0.226014
 0.620  0.225988
 0.621  0.225953
 0.622  0.225932
 0.623  0.225932
 0.624  0.225895
 0.625  0.225868
 0.626  0.225883
 0.627  0.225844
 0.628  0.225815
 0.629  0.225802
 0.630  0.225801
 0.631  0.225769
 0.632  0.225750
 0.633  0.225766
 0.634  0.225732
 0.635  0.225708
 0.636  0.225709
 0.637  0.225701
 0.638  0.225675
 0.639  0.225665
 0.640  0.225678
 0.641  0.225649
 0.642  0.225634
 0.643  0.225661
 0.644  0.225631
 0.645  0.225613
 0.646  0.225618
 0.647  0.225620
 0.648  0.225599
 0.649  0.225595
 0.650  0.225615
 0.651  0.225592
 0.652  0.225583
 0.653  0.225617
 0.654  0.225593
 0.655  0.225580
 0.656  0.225598
 0.657  0.225599
 0.658  0.225585
 0.659  0.225592
 0.660  0.225613
 0.661  0.225597
 0.662  0.225598
 0.663  0.225633
 0.664  0.225615
 0.665  0.225613
 0.666  0.225659
 0.667  0.225640
 0.668  0.225635
 0.669  0.225665
 0.670  0.225672
 0.671  0.225665
 0.672  0.225684
 0.673  0.225710
 0.674  0.225702
 0.675  0.225715
 0.676  0.225753
 0.677  0.225745
 0.678  0.225755
 0.679  0.225803
 0.680  0.225794
 0.681  0.225803
 0.682  0.225860
 0.683  0.225850
 0.684  0.225857
 0.685  0.225922
 0.686  0.225912
 0.687  0.225918
 0.688  0.225970
 0.689  0.225980
 0.690  0.225986
 0.691  0.226029
 0.692  0.226054
 0.693  0.226061
 0.694  0.226100
 0.695  0.226135
 0.696  0.226142
 0.697  0.226179
 0.698  0.226221
 0.699  0.226229
 0.700  0.226266
 0.701  0.226314
 0.702  0.226323
 0.703  0.226361
 0.704  0.226413
 0.705  0.226423
 0.706  0.226463
 0.707  0.226519
 0.708  0.226530
 0.709  0.226573
 0.710  0.226630
 0.711  0.226644
 0.712  0.226691
 0.713  0.226748
 0.714  0.226765
 0.715  0.226817
 0.716  0.226873
 0.717  0.226892
 0.718  0.226952
 0.719  0.227004
 0.720  0.227027
 0.721  0.227098
 0.722  0.227141
 0.723  0.227169
 0.724  0.227268
 0.725  0.227286
 0.726  0.227319
 0.727  0.227424
 0.728  0.227438
 0.729  0.227478
 0.730  0.227579
 0.731  0.227598
 0.732  0.227646
 0.733  0.227741
 0.734  0.227765
 0.735  0.227825
 0.736  0.227911
 0.737  0.227941
 0.738  0.228017
 0.739  0.228088
 0.740  0.228127
 0.741  0.228248
 0.742  0.228274
 0.743  0.228322
 0.744  0.228440
 0.745  0.228468
 0.746  0.228530
 0.747  0.228636
 0.748  0.228673
 0.749  0.228756
 0.750  0.228841
 0.751  0.228888
 0.752  0.229026
 0.753  0.229055
 0.754  0.229118
 0.755  0.229242
 0.756  0.229281
 0.757  0.229366
 0.758  0.229467
 0.759  0.229519
 0.760  0.229669
 0.761  0.229703
 0.762  0.229774
 0.763  0.229905
 0.764  0.229952
 0.765  0.230054
 0.766  0.230153
 0.767  0.230218
 0.768  0.230370
 0.769  0.230415
 0.770  0.230506
 0.771  0.230631
 0.772  0.230693
 0.773  0.230861
 0.774  0.230906
 0.775  0.230995
 0.776  0.231135
 0.777  0.231198
 0.778  0.231363
 0.779  0.231424
 0.780  0.231517
 0.781  0.231666
 0.782  0.231734
 0.783  0.231914
 0.784  0.231972
 0.785  0.232073
 0.786  0.232225
 0.787  0.232301
 0.788  0.232491
 0.789  0.232550
 0.790  0.232668
 0.791  0.232813
 0.792  0.232902
 0.793  0.233089
 0.794  0.233160
 0.795  0.233314
 0.796  0.233433
 0.797  0.233544
 0.798  0.233718
 0.799  0.233807
 0.800  0.234015
 0.801  0.234088
 0.802  0.234244
 0.803  0.234382
 0.804  0.234502
 0.805  0.234687
 0.806  0.234787
 0.807  0.235003
 0.808  0.235088
 0.809  0.235291
 0.810  0.235400
 0.811  0.235549
 0.812  0.235724
 0.813  0.235849
 0.814  0.236057
 0.815  0.236167
 0.816  0.236400
 0.817  0.236497
 0.818  0.236750
 0.819  0.236839
 0.820  0.237035
 0.821  0.237190
 0.822  0.237357
 0.823  0.237549
 0.824  0.237701
 0.825  0.237917
 0.826  0.238058
 0.827  0.238294
 0.828  0.238426
 0.829  0.238677
 0.830  0.238804
 0.831  0.239069
 0.832  0.239192
 0.833  0.239468
 0.834  0.239589
 0.835  0.239874
 0.836  0.239995
 0.837  0.240287
 0.838  0.240410
 0.839  0.240708
 0.840  0.240833
 0.841  0.241135
 0.842  0.241265
 0.843  0.241571
 0.844  0.241707
 0.845  0.242014
 0.846  0.242160
 0.847  0.242465
 0.848  0.242623
 0.849  0.242923
 0.850  0.243100
 0.851  0.243392
 0.852  0.243592
 0.853  0.243870
 0.854  0.244106
 0.855  0.244360
 0.856  0.244672
 0.857  0.244862
 0.858  0.245222
 0.859  0.245381
 0.860  0.245726
 0.861  0.245922
 0.862  0.246243
 0.863  0.246498
 0.864  0.246777
 0.865  0.247169
 0.866  0.247332
 0.867  0.247703
 0.868  0.247921
 0.869  0.248255
 0.870  0.248593
 0.871  0.248834
 0.872  0.249230
 0.873  0.249454
 0.874  0.249807
 0.875  0.250209
 0.876  0.250420
 0.877  0.250823
 0.878  0.251101
 0.879  0.251436
 0.880  0.251875
 0.881  0.252111
 0.882  0.252492
 0.883  0.252955
 0.884  0.253176
 0.885  0.253582
 0.886  0.254062
 0.887  0.254284
 0.888  0.254702
 0.889  0.255191
 0.890  0.255441
 0.891  0.255857
 0.892  0.256346
 0.893  0.256662
 0.894  0.257050
 0.895  0.257531
 0.896  0.258061
 0.897  0.258310
 0.898  0.258760
 0.899  0.259273
 0.900  0.259796
 0.901  0.260076
 0.902  0.260544
 0.903  0.261067
 0.904  0.261627
 0.905  0.261979
 0.906  0.262417
 0.907  0.262928
 0.908  0.263478
 0.909  0.264054
 0.910  0.264605
 0.911  0.264957
 0.912  0.265457
 0.913  0.265998
 0.914  0.266565
 0.915  0.267147
 0.916  0.267744
 0.917  0.268350
 0.918  0.268964
 0.919  0.269579
 0.920  0.270200
 0.921  0.270785
 0.922  0.271371
 0.923  0.272014
 0.924  0.272672
 0.925  0.273286
 0.926  0.273896
 0.927  0.274504
 0.928  0.275115
 0.929  0.275734
 0.930  0.276372
 0.931  0.277056
 0.932  0.277879
 0.933  0.278738
 0.934  0.279305
 0.935  0.279962
 0.936  0.281014
 0.937  0.281628
 0.938  0.282264
 0.939  0.283380
 0.940  0.283881
 0.941  0.285050
 0.942  0.285521
 0.943  0.286559
 0.944  0.287797
 0.945  0.288134
 0.946  0.289012
 0.947  0.289934
 0.948  0.290827
 0.949  0.291816
 0.950  0.293256
 0.951  0.293653
 0.952  0.294714
 0.953  0.295557
 0.954  0.297120
 0.955  0.297484
 0.956  0.298000
 0.957  0.000000
 0.958  0.000000
 0.959  0.000000
 0.960  0.000000
 0.961  0.000000
 0.962  0.000000
 0.963  0.000000
 0.964  0.000000
 0.965  0.000000
 0.966  0.000000
 0.967  0.000000
 0.968  0.000000
 0.969  0.000000
 0.970  0.000000
 0.971  0.000000
 0.972  0.000000
 0.973  0.000000
 0.974  0.000000
 0.975  0.000000
 0.976  0.000000
 0.977  0.000000
 0.978  0.000000
 0.979  0.000000
 0.980  0.000000
 0.981  0.000000
 0.982  0.000000
 0.983  0.000000
 0.984  0.000000
 0.985  0.000000
 0.986  0.000000
 0.987  0.000000
 0.988  0.000000
 0.989  0.000000
 0.990  0.000000
 0.991  0.000000
 0.992  0.000000
 0.993  0.000000
 0.994  0.000000
 0.995  0.000000
 0.996  0.000000
 0.997  0.000000
 0.998  0.000000
 0.999  0.000000
 1.000  0.000000
