-0.0400  0.891275
-0.0399  0.891985
-0.0398  0.892669
-0.0397  0.893339
-0.0396  0.893961
-0.0395  0.894568
-0.0394  0.895161
-0.0393  0.895734
-0.0392  0.896297
-0.0391  0.897218
-0.0390  0.898238
-0.0389  0.899091
-0.0388  0.899896
-0.0387  0.900669
-0.0386  0.901388
-0.0385  0.902063
-0.0384  0.902704
-0.0383  0.903374
-0.0382  0.904034
-0.0381  0.904674
-0.0380  0.905318
-0.0379  0.906553
-0.0378  0.907538
-0.0377  0.908402
-0.0376  0.909209
-0.0375  0.909961
-0.0374  0.910684
-0.0373  0.911386
-0.0372  0.912119
-0.0371  0.912848
-0.0370  0.913538
-0.0369  0.914212
-0.0368  0.915286
-0.0367  0.916469
-0.0366  0.917406
-0.0365  0.918257
-0.0364  0.919081
-0.0363  0.919897
-0.0362  0.920691
-0.0361  0.921441
-0.0360  0.922173
-0.0359  0.922879
-0.0358  0.923567
-0.0357  0.924634
-0.0356  0.925970
-0.0355  0.927038
-0.0354  0.927998
-0.0353  0.928904
-0.0352  0.929766
-0.0351  0.930597
-0.0350  0.931404
-0.0349  0.932191
-0.0348  0.932965
-0.0347  0.933714
-0.0346  0.934960
-0.0345  0.936302
-0.0344  0.937365
-0.0343  0.938364
-0.0342  0.939296
-0.0341  0.940193
-0.0340  0.941152
-0.0339  0.942035
-0.0338  0.942884
-0.0337  0.943724
-0.0336  0.944649
-0.0335  0.946347
-0.0334  0.947623
-0.0333  0.948757
-0.0332  0.949778
-0.0331  0.950758
-0.0330  0.951694
-0.0329  0.952577
-0.0328  0.953487
-0.0327  0.954377
-0.0326  0.955237
-0.0325  0.956804
-0.0324  0.958405
-0.0323  0.959699
-0.0322  0.960867
-0.0321  0.961985
-0.0320  0.963055
-0.0319  0.964081
-0.0318  0.965088
-0.0317  0.966070
-0.0316  0.967028
-0.0315  0.968680
-0.0314  0.970378
-0.0313  0.971707
-0.0312  0.972954
-0.0311  0.974118
-0.0310  0.975266
-0.0309  0.976470
-0.0308  0.977611
-0.0307  0.978683
-0.0306  0.979742
-0.0305  0.981853
-0.0304  0.983536
-0.0303  0.984974
-0.0302  0.986294
-0.0301  0.987536
-0.0300  0.988767
-0.0299  0.989974
-0.0298  0.991154
-0.0297  0.992310
-0.0296  0.994080
-0.0295  0.996214
-0.0294  0.997888
-0.0293  0.999451
-0.0292  1.000936
-0.0291  1.002347
-0.0290  1.003664
-0.0289  1.004965
-0.0288  1.006249
-0.0287  1.008131
-0.0286  1.010456
-0.0285  1.012309
-0.0284  1.013988
-0.0283  1.015604
-0.0282  1.017126
-0.0281  1.018621
-0.0280  1.020069
-0.0279  1.021446
-0.0278  1.023807
-0.0277  1.026382
-0.0276  1.028404
-0.0275  1.030280
-0.0274  1.032038
-0.0273  1.033639
-0.0272  1.035285
-0.0271  1.036848
-0.0270  1.038964
-0.0269  1.041905
-0.0268  1.044242
-0.0267  1.046343
-0.0266  1.048300
-0.0265  1.050221
-0.0264  1.052014
-0.0263  1.053766
-0.0262  1.056029
-0.0261  1.059484
-0.0260  1.062152
-0.0259  1.064535
-0.0258  1.066763
-0.0257  1.068897
-0.0256  1.070990
-0.0255  1.073053
-0.0254  1.076219
-0.0253  1.079818
-0.0252  1.082631
-0.0251  1.085287
-0.0250  1.087723
-0.0249  1.090053
-0.0248  1.092345
-0.0247  1.095274
-0.0246  1.099573
-0.0245  1.102953
-0.0244  1.106002
-0.0243  1.108864
-0.0242  1.111618
-0.0241  1.114263
-0.0240  1.117885
-0.0239  1.122722
-0.0238  1.126556
-0.0237  1.129982
-0.0236  1.133246
-0.0235  1.136374
-0.0234  1.139363
-0.0233  1.145106
-0.0232  1.149950
-0.0231  1.154014
-0.0230  1.157997
-0.0229  1.161775
-0.0228  1.165333
-0.0227  1.171698
-0.0226  1.177550
-0.0225  1.182403
-0.0224  1.187002
-0.0223  1.191259
-0.0222  1.195597
-0.0221  1.204048
-0.0220  1.210297
-0.0219  1.215938
-0.0218  1.221142
-0.0217  1.226118
-0.0216  1.235425
-0.0215  1.243331
-0.0214  1.250332
-0.0213  1.256713
-0.0212  1.262863
-0.0211  1.274913
-0.0210  1.284210
-0.0209  1.292356
-0.0208  1.300020
-0.0207  1.312074
-0.0206  1.324934
-0.0205  1.335348
-0.0204  1.345108
-0.0203  1.360625
-0.0202  1.376577
-0.0201  1.389782
-0.0200  1.402718
-0.0199  1.426969
-0.0198  1.445425
-0.0197  1.462416
-0.0196  1.494270
-0.0195  1.519909
-0.0194  1.551067
-0.0193  1.594004
-0.0192  1.633072
-0.0191  1.704914
-0.0190  1.794970
-0.0189  1.957238
-0.0188  2.163213
-0.0187  1.874504
-0.0186  1.766549
-0.0185  1.710487
-0.0184  1.656571
-0.0183  1.622341
-0.0182  1.590584
-0.0181  1.569622
-0.0180  1.539179
-0.0179  1.526992
-0.0178  1.513323
-0.0177  1.488914
-0.0176  1.479319
-0.0175  1.472259
-0.0174  1.456475
-0.0173  1.442279
-0.0172  1.438390
-0.0171  1.427366
-0.0170  1.418589
-0.0169  1.410704
-0.0168  1.399997
-0.0167  1.399891
-0.0166  1.388654
-0.0165  1.385816
-0.0164  1.373832
-0.0163  1.373748
-0.0162  1.365858
-0.0161  1.359719
-0.0160  1.203092
-0.0159  1.038875
-0.0158  1.038217
-0.0157  1.037285
-0.0156  1.035834
-0.0155  1.032622
-0.0154  1.028460
-0.0153  1.028149
-0.0152  1.027771
-0.0151  1.027158
-0.0150  1.026070
-0.0149  1.022771
-0.0148  1.019481
-0.0147  1.019314
-0.0146  1.019056
-0.0145  1.018677
-0.0144  1.018084
-0.0143  1.016895
-0.0142  1.011605
-0.0141  1.011487
-0.0140  1.011328
-0.0139  1.011111
-0.0138  1.010822
-0.0137  1.010492
-0.0136  1.009073
-0.0135  1.004806
-0.0134  1.004764
-0.0133  1.004680
-0.0132  1.004505
-0.0131  1.004326
-0.0130  1.004089
-0.0129  1.003144
-0.0128  0.998775
-0.0127  0.998731
-0.0126  0.998668
-0.0125  0.998579
-0.0124  0.998462
-0.0123  0.998321
-0.0122  0.998203
-0.0121  0.996049
-0.0120  0.993770
-0.0119  0.993800
-0.0118  0.993818
-0.0117  0.993793
-0.0116  0.993749
-0.0115  0.993676
-0.0114  0.992904
-0.0113  0.991502
-0.0112  0.990049
-0.0111  0.989400
-0.0110  0.989356
-0.0109  0.989304
-0.0108  0.989229
-0.0107  0.989209
-0.0106  0.988496
-0.0105  0.987577
-0.0104  0.986748
-0.0103  0.985496
-0.0102  0.985507
-0.0101  0.985510
-0.0100  0.985495
-0.0099  0.985463
-0.0098  0.984962
-0.0097  0.984168
-0.0096  0.983582
-0.0095  0.982925
-0.0094  0.982087
-0.0093  0.982120
-0.0092  0.982203
-0.0091  0.982304
-0.0090  0.982350
-0.0089  0.981548
-0.0088  0.981108
-0.0087  0.980692
-0.0086  0.980184
-0.0085  0.979417
-0.0084  0.979425
-0.0083  0.979426
-0.0082  0.979403
-0.0081  0.978987
-0.0080  0.978481
-0.0079  0.978109
-0.0078  0.977738
-0.0077  0.977424
-0.0076  0.976734
-0.0075  0.976781
-0.0074  0.976855
-0.0073  0.976877
-0.0072  0.976437
-0.0071  0.976097
-0.0070  0.975824
-0.0069  0.975545
-0.0068  0.975226
-0.0067  0.974714
-0.0066  0.974462
-0.0065  0.974485
-0.0064  0.974499
-0.0063  0.974102
-0.0062  0.973987
-0.0061  0.973882
-0.0060  0.973730
-0.0059  0.973536
-0.0058  0.973240
-0.0057  0.972729
-0.0056  0.972781
-0.0055  0.972827
-0.0054  0.972535
-0.0053  0.972267
-0.0052  0.972056
-0.0051  0.971847
-0.0050  0.971615
-0.0049  0.971328
-0.0048  0.971005
-0.0047  0.970857
-0.0046  0.970935
-0.0045  0.970831
-0.0044  0.970615
-0.0043  0.970477
-0.0042  0.970349
-0.0041  0.970207
-0.0040  0.970033
-0.0039  0.969849
-0.0038  0.969357
-0.0037  0.969411
-0.0036  0.969462
-0.0035  0.969188
-0.0034  0.969099
-0.0033  0.969164
-0.0032  0.969154
-0.0031  0.969085
-0.0030  0.968965
-0.0029  0.968743
-0.0028  0.968358
-0.0027  0.968427
-0.0026  0.968319
-0.0025  0.968136
-0.0024  0.968016
-0.0023  0.967892
-0.0022  0.967762
-0.0021  0.967609
-0.0020  0.967499
-0.0019  0.967402
-0.0018  0.967202
-0.0017  0.967346
-0.0016  0.967266
-0.0015  0.967204
-0.0014  0.967145
-0.0013  0.967086
-0.0012  0.967063
-0.0011  0.966982
-0.0010  0.966850
-0.0009  0.966575
-0.0008  0.966367
-0.0007  0.966429
-0.0006  0.966410
-0.0005  0.966558
-0.0004  0.966642
-0.0003  0.966685
-0.0002  0.966692
-0.0001  0.966655
 0.0000  0.966560
 0.0001  0.966295
 0.0002  0.966163
 0.0003  0.966279
 0.0004  0.966142
 0.0005  0.966066
 0.0006  0.966008
 0.0007  0.965976
 0.0008  0.966182
 0.0009  0.966304
 0.0010  0.966287
 0.0011  0.966039
 0.0012  0.965974
 0.0013  0.966139
 0.0014  0.966064
 0.0015  0.966072
 0.0016  0.966128
 0.0017  0.966166
 0.0018  0.966158
 0.0019  0.966128
 0.0020  0.966052
 0.0021  0.966161
 0.0022  0.966334
 0.0023  0.966655
 0.0024  0.966718
 0.0025  0.966780
 0.0026  0.966862
 0.0027  0.966925
 0.0028  0.966967
 0.0029  0.966976
 0.0030  0.966935
 0.0031  0.966779
 0.0032  0.966574
 0.0033  0.966812
 0.0034  0.967244
 0.0035  0.967492
 0.0036  0.967694
 0.0037  0.967853
 0.0038  0.967967
 0.0039  0.968029
 0.0040  0.968055
 0.0041  0.968030
 0.0042  0.967858
 0.0043  0.968130
 0.0044  0.968350
 0.0045  0.968348
 0.0046  0.968824
 0.0047  0.969332
 0.0048  0.969656
 0.0049  0.969904
 0.0050  0.970090
 0.0051  0.970185
 0.0052  0.969991
 0.0053  0.970299
 0.0054  0.970593
 0.0055  0.970752
 0.0056  0.970859
 0.0057  0.971001
 0.0058  0.971627
 0.0059  0.972245
 0.0060  0.972635
 0.0061  0.972930
 0.0062  0.972972
 0.0063  0.973170
 0.0064  0.973554
 0.0065  0.973904
 0.0066  0.974053
 0.0067  0.974246
 0.0068  0.974426
 0.0069  0.975012
 0.0070  0.975802
 0.0071  0.976396
 0.0072  0.976796
 0.0073  0.976975
 0.0074  0.977544
 0.0075  0.978078
 0.0076  0.978593
 0.0077  0.978868
 0.0078  0.979229
 0.0079  0.979581
 0.0080  0.980513
 0.0081  0.981478
 0.0082  0.982145
 0.0083  0.982491
 0.0084  0.983115
 0.0085  0.983821
 0.0086  0.984487
 0.0087  0.985057
 0.0088  0.985498
 0.0089  0.985971
 0.0090  0.986965
 0.0091  0.988231
 0.0092  0.989259
 0.0093  0.990027
 0.0094  0.990584
 0.0095  0.991507
 0.0096  0.992370
 0.0097  0.993196
 0.0098  0.994011
 0.0099  0.994731
 0.0100  0.996425
 0.0101  0.998174
 0.0102  0.999531
 0.0103  1.000677
 0.0104  1.001569
 0.0105  1.002620
 0.0106  1.003841
 0.0107  1.005024
 0.0108  1.006182
 0.0109  1.008650
 0.0110  1.011007
 0.0111  1.012858
 0.0112  1.014570
 0.0113  1.016179
 0.0114  1.017673
 0.0115  1.018872
 0.0116  1.020579
 0.0117  1.024109
 0.0118  1.027633
 0.0119  1.030528
 0.0120  1.033161
 0.0121  1.035582
 0.0122  1.038002
 0.0123  1.040394
 0.0124  1.045265
 0.0125  1.050322
 0.0126  1.054452
 0.0127  1.058866
 0.0128  1.063182
 0.0129  1.067516
 0.0130  1.076057
 0.0131  1.085273
 0.0132  1.093386
 0.0133  1.101574
 0.0134  1.111293
 0.0135  1.130217
 0.0136  1.152785
 0.0137  1.175639
 0.0138  1.276781
 0.0139  1.244958
 0.0140  1.189371
 0.0141  1.154285
 0.0142  1.126423
 0.0143  1.110752
 0.0144  1.096302
 0.0145  1.085948
 0.0146  1.075617
 0.0147  1.067082
 0.0148  1.060936
 0.0149  1.051795
 0.0150  1.045803
 0.0151  1.041857
 0.0152  1.036353
 0.0153  1.030646
 0.0154  1.026279
 0.0155  1.022624
 0.0156  1.017009
 0.0157  1.012795
 0.0158  1.009298
 0.0159  1.006093
 0.0160  1.002236
 0.0161  0.998105
 0.0162  0.995280
 0.0163  0.992945
 0.0164  0.990235
 0.0165  0.985816
 0.0166  0.982711
 0.0167  0.980689
 0.0168  0.978403
 0.0169  0.975643
 0.0170  0.971964
 0.0171  0.969274
 0.0172  0.967367
 0.0173  0.965602
 0.0174  0.963563
 0.0175  0.961245
 0.0176  0.958101
 0.0177  0.955781
 0.0178  0.954049
 0.0179  0.952175
 0.0180  0.950134
 0.0181  0.947725
 0.0182  0.944896
 0.0183  0.942940
 0.0184  0.941516
 0.0185  0.940074
 0.0186  0.938573
 0.0187  0.936839
 0.0188  0.934697
 0.0189  0.932192
 0.0190  0.930400
 0.0191  0.928907
 0.0192  0.927151
 0.0193  0.925714
 0.0194  0.924155
 0.0195  0.922304
 0.0196  0.920120
 0.0197  0.918591
 0.0198  0.917426
 0.0199  0.916174
 0.0200  0.914835
 0.0201  0.913155
 0.0202  0.911378
 0.0203  0.908689
 0.0204  0.907032
 0.0205  0.905989
 0.0206  0.904884
 0.0207  0.903729
 0.0208  0.902596
 0.0209  0.901330
 0.0210  0.899861
 0.0211  0.897910
 0.0212  0.896201
 0.0213  0.894839
 0.0214  0.893513
 0.0215  0.892138
 0.0216  0.891055
 0.0217  0.889901
 0.0218  0.888648
 0.0219  0.887258
 0.0220  0.885470
 0.0221  0.884186
 0.0222  0.883209
 0.0223  0.882211
 0.0224  0.881018
 0.0225  0.879704
 0.0226  0.878136
 0.0227  0.876995
 0.0228  0.875698
 0.0229  0.873985
 0.0230  0.872764
 0.0231  0.871861
 0.0232  0.870933
 0.0233  0.869959
 0.0234  0.868945
 0.0235  0.867886
 0.0236  0.866648
 0.0237  0.865238
 0.0238  0.863596
 0.0239  0.862102
 0.0240  0.861044
 0.0241  0.860176
 0.0242  0.859274
 0.0243  0.858396
 0.0244  0.857488
 0.0245  0.856543
 0.0246  0.855531
 0.0247  0.854418
 0.0248  0.852989
 0.0249  0.851070
 0.0250  0.849894
 0.0251  0.849100
 0.0252  0.848286
 0.0253  0.847454
 0.0254  0.846590
 0.0255  0.845698
 0.0256  0.844772
 0.0257  0.843779
 0.0258  0.842724
 0.0259  0.841563
 0.0260  0.839938
 0.0261  0.838452
 0.0262  0.837696
 0.0263  0.836927
 0.0264  0.836202
 0.0265  0.835398
 0.0266  0.834578
 0.0267  0.833705
 0.0268  0.832795
 0.0269  0.831804
 0.0270  0.830722
 0.0271  0.829342
 0.0272  0.828005
 0.0273  0.826814
 0.0274  0.826101
 0.0275  0.825366
 0.0276  0.824615
 0.0277  0.823846
 0.0278  0.823034
 0.0279  0.822208
 0.0280  0.821362
 0.0281  0.820446
 0.0282  0.819439
 0.0283  0.818224
 0.0284  0.816895
 0.0285  0.815743
 0.0286  0.815034
 0.0287  0.814315
 0.0288  0.813588
 0.0289  0.812831
 0.0290  0.812050
 0.0291  0.811306
 0.0292  0.810533
 0.0293  0.809708
 0.0294  0.808797
 0.0295  0.807775
 0.0296  0.806495
 0.0297  0.805139
 0.0298  0.804480
 0.0299  0.803792
 0.0300  0.803035
 0.0301  0.802327
 0.0302  0.801603
 0.0303  0.800871
 0.0304  0.800111
 0.0305  0.799325
 0.0306  0.798502
 0.0307  0.797626
 0.0308  0.796649
 0.0309  0.795085
 0.0310  0.794168
 0.0311  0.793527
 0.0312  0.792880
 0.0313  0.792214
 0.0314  0.791532
 0.0315  0.790851
 0.0316  0.790133
 0.0317  0.789391
 0.0318  0.788626
 0.0319  0.787908
 0.0320  0.787071
 0.0321  0.785841
 0.0322  0.785024
 0.0323  0.783949
 0.0324  0.783134
 0.0325  0.782503
 0.0326  0.781860
 0.0327  0.781182
 0.0328  0.780479
 0.0329  0.779771
 0.0330  0.779073
 0.0331  0.778360
 0.0332  0.777626
 0.0333  0.776749
 0.0334  0.775777
 0.0335  0.775043
 0.0336  0.774268
 0.0337  0.773418
 0.0338  0.772432
 0.0339  0.771706
 0.0340  0.771074
 0.0341  0.770428
 0.0342  0.769773
 0.0343  0.769103
 0.0344  0.768401
 0.0345  0.767645
 0.0346  0.766729
 0.0347  0.766122
 0.0348  0.765495
 0.0349  0.764833
 0.0350  0.764124
 0.0351  0.763376
 0.0352  0.762568
 0.0353  0.761577
 0.0354  0.760818
 0.0355  0.760173
 0.0356  0.759506
 0.0357  0.758811
 0.0358  0.757882
 0.0359  0.757220
 0.0360  0.756620
 0.0361  0.756007
 0.0362  0.755377
 0.0363  0.754742
 0.0364  0.754084
 0.0365  0.753405
 0.0366  0.752706
 0.0367  0.751958
 0.0368  0.751138
 0.0369  0.750151
 0.0370  0.749353
 0.0371  0.748563
 0.0372  0.747992
 0.0373  0.747411
 0.0374  0.746903
 0.0375  0.746331
 0.0376  0.745750
 0.0377  0.745153
 0.0378  0.744541
 0.0379  0.743903
 0.0380  0.743237
 0.0381  0.742552
 0.0382  0.741826
 0.0383  0.741000
 0.0384  0.740208
 0.0385  0.739386
 0.0386  0.738523
 0.0387  0.737912
 0.0388  0.737334
 0.0389  0.736761
 0.0390  0.736182
 0.0391  0.735596
 0.0392  0.734994
 0.0393  0.734378
 0.0394  0.733746
 0.0395  0.733074
 0.0396  0.732311
 0.0397  0.731720
 0.0398  0.731113
 0.0399  0.730492
 0.0400  0.729839
