-0.0400  1.617334
-0.0399  1.619124
-0.0398  1.620266
-0.0397  1.621294
-0.0396  1.622808
-0.0395  1.624134
-0.0394  1.625257
-0.0393  1.626309
-0.0392  1.627230
-0.0391  1.629646
-0.0390  1.632376
-0.0389  1.634186
-0.0388  1.635675
-0.0387  1.637158
-0.0386  1.638778
-0.0385  1.640220
-0.0384  1.641236
-0.0383  1.644101
-0.0382  1.646530
-0.0381  1.648573
-0.0380  1.650274
-0.0379  1.651842
-0.0378  1.653302
-0.0377  1.654691
-0.0376  1.655987
-0.0375  1.660196
-0.0374  1.664071
-0.0373  1.666865
-0.0372  1.669706
-0.0371  1.672023
-0.0370  1.673996
-0.0369  1.676121
-0.0368  1.678141
-0.0367  1.682372
-0.0366  1.685505
-0.0365  1.688126
-0.0364  1.690604
-0.0363  1.692875
-0.0362  1.697845
-0.0361  1.702377
-0.0360  1.708869
-0.0359  1.714506
-0.0358  1.719431
-0.0357  1.722822
-0.0356  1.726650
-0.0355  1.730549
-0.0354  1.736840
-0.0353  1.743935
-0.0352  1.753630
-0.0351  1.764229
-0.0350  1.772610
-0.0349  1.780140
-0.0348  1.796724
-0.0347  1.808246
-0.0346  1.818344
-0.0345  1.848215
-0.0344  1.898969
-0.0343  1.937582
-0.0342  2.110525
-0.0341  1.906509
-0.0340  1.869746
-0.0339  1.844615
-0.0338  1.827067
-0.0337  1.795364
-0.0336  1.786679
-0.0335  1.778611
-0.0334  1.767435
-0.0333  1.757387
-0.0332  1.748387
-0.0331  1.737476
-0.0330  1.730030
-0.0329  1.722435
-0.0328  1.718682
-0.0327  1.715111
-0.0326  1.709701
-0.0325  1.701016
-0.0324  1.696593
-0.0323  1.691381
-0.0322  1.685544
-0.0321  1.681044
-0.0320  1.676626
-0.0319  1.673246
-0.0318  1.670042
-0.0317  1.666043
-0.0316  1.660433
-0.0315  1.658091
-0.0314  1.656548
-0.0313  1.652957
-0.0312  1.649062
-0.0311  1.642397
-0.0310  1.639318
-0.0309  1.637108
-0.0308  1.634953
-0.0307  1.632229
-0.0306  1.626399
-0.0305  1.623497
-0.0304  1.621235
-0.0303  1.618781
-0.0302  1.616165
-0.0301  1.612866
-0.0300  1.610446
-0.0299  1.608029
-0.0298  1.605395
-0.0297  1.602086
-0.0296  1.597615
-0.0295  1.595224
-0.0294  1.594076
-0.0293  1.591956
-0.0292  1.589408
-0.0291  1.585689
-0.0290  1.582883
-0.0289  1.580953
-0.0288  1.579372
-0.0287  1.578366
-0.0286  1.575208
-0.0285  1.570980
-0.0284  1.568895
-0.0283  1.566630
-0.0282  1.564324
-0.0281  1.561900
-0.0280  1.558652
-0.0279  1.556490
-0.0278  1.554176
-0.0277  1.552030
-0.0276  1.549415
-0.0275  1.546424
-0.0274  1.545875
-0.0273  1.544872
-0.0272  1.542564
-0.0271  1.539879
-0.0270  1.536202
-0.0269  1.534325
-0.0268  1.532940
-0.0267  1.532020
-0.0266  1.529471
-0.0265  1.525497
-0.0264  1.522476
-0.0263  1.520338
-0.0262  1.518699
-0.0261  1.517126
-0.0260  1.515470
-0.0259  1.512364
-0.0258  1.510765
-0.0257  1.509195
-0.0256  1.507459
-0.0255  1.504776
-0.0254  1.503123
-0.0253  1.503385
-0.0252  1.500905
-0.0251  1.497498
-0.0250  1.493436
-0.0249  1.490487
-0.0248  1.490116
-0.0247  1.490146
-0.0246  1.488133
-0.0245  1.485482
-0.0244  1.481724
-0.0243  1.480090
-0.0242  1.478334
-0.0241  1.476867
-0.0240  1.475335
-0.0239  1.471092
-0.0238  1.469254
-0.0237  1.467242
-0.0236  1.466137
-0.0235  1.464659
-0.0234  1.464358
-0.0233  1.462814
-0.0232  1.461306
-0.0231  1.459145
-0.0230  1.456293
-0.0229  1.453291
-0.0228  1.452055
-0.0227  1.450684
-0.0226  1.448240
-0.0225  1.444673
-0.0224  1.441414
-0.0223  1.439985
-0.0222  1.439621
-0.0221  1.438628
-0.0220  1.434623
-0.0219  1.433061
-0.0218  1.432167
-0.0217  1.561115
-0.0216  1.516173
-0.0215  1.543759
-0.0214  1.523925
-0.0213  1.520268
-0.0212  1.523709
-0.0211  1.526792
-0.0210  1.527326
-0.0209  1.538218
-0.0208  1.526419
-0.0207  1.518694
-0.0206  1.518014
-0.0205  1.519328
-0.0204  1.521439
-0.0203  1.522965
-0.0202  1.522667
-0.0201  1.522057
-0.0200  1.529277
-0.0199  1.522940
-0.0198  1.519549
-0.0197  1.514706
-0.0196  1.513958
-0.0195  1.514227
-0.0194  1.514792
-0.0193  1.514707
-0.0192  1.516423
-0.0191  1.517669
-0.0190  1.518092
-0.0189  1.520925
-0.0188  1.519007
-0.0187  1.514228
-0.0186  1.510138
-0.0185  1.508510
-0.0184  1.508619
-0.0183  1.508082
-0.0182  1.509521
-0.0181  1.510362
-0.0180  1.508526
-0.0179  1.506859
-0.0178  1.507834
-0.0177  1.508822
-0.0176  1.508742
-0.0175  1.516448
-0.0174  1.507917
-0.0173  1.502165
-0.0172  1.500726
-0.0171  1.503212
-0.0170  1.508795
-0.0169  1.511013
-0.0168  1.502678
-0.0167  1.502775
-0.0166  1.502157
-0.0165  1.499971
-0.0164  1.496219
-0.0163  1.497453
-0.0162  1.500446
-0.0161  1.497849
-0.0160  1.510039
-0.0159  1.497906
-0.0158  1.497563
-0.0157  1.497081
-0.0156  1.495547
-0.0155  1.495313
-0.0154  1.495464
-0.0153  1.503280
-0.0152  1.514347
-0.0151  1.491301
-0.0150  1.490007
-0.0149  1.492669
-0.0148  1.490470
-0.0147  1.488832
-0.0146  1.492325
-0.0145  1.492707
-0.0144  1.504632
-0.0143  1.493344
-0.0142  1.489280
-0.0141  1.485966
-0.0140  1.490451
-0.0139  1.506899
-0.0138  1.485810
-0.0137  1.487262
-0.0136  1.491222
-0.0135  1.482781
-0.0134  1.481621
-0.0133  1.481013
-0.0132  1.480022
-0.0131  1.479635
-0.0130  1.489643
-0.0129  1.481362
-0.0128  1.476934
-0.0127  1.490823
-0.0126  1.447351
-0.0125  1.449611
-0.0124  1.431830
-0.0123  1.499989
-0.0122  1.118548
-0.0121  1.120233
-0.0120  1.121866
-0.0119  1.123568
-0.0118  1.125601
-0.0117  1.127798
-0.0116  1.129790
-0.0115  1.131909
-0.0114  1.133848
-0.0113  1.135623
-0.0112  1.137180
-0.0111  1.138748
-0.0110  1.140445
-0.0109  1.141967
-0.0108  1.144863
-0.0107  1.148690
-0.0106  1.150203
-0.0105  1.151999
-0.0104  1.153239
-0.0103  1.154408
-0.0102  1.155505
-0.0101  1.156743
-0.0100  1.159072
-0.0099  1.161575
-0.0098  1.163664
-0.0097  1.165554
-0.0096  1.167367
-0.0095  1.169116
-0.0094  1.170849
-0.0093  1.172838
-0.0092  1.175994
-0.0091  1.178318
-0.0090  1.180445
-0.0089  1.181983
-0.0088  1.183993
-0.0087  1.186931
-0.0086  1.188471
-0.0085  1.189941
-0.0084  1.192417
-0.0083  1.194499
-0.0082  1.196028
-0.0081  1.198320
-0.0080  1.200044
-0.0079  1.202102
-0.0078  1.204207
-0.0077  1.206314
-0.0076  1.209438
-0.0075  1.212240
-0.0074  1.214513
-0.0073  1.216640
-0.0072  1.218510
-0.0071  1.220221
-0.0070  1.222125
-0.0069  1.224188
-0.0068  1.227912
-0.0067  1.231260
-0.0066  1.233651
-0.0065  1.235778
-0.0064  1.237755
-0.0063  1.239867
-0.0062  1.241723
-0.0061  1.243895
-0.0060  1.246900
-0.0059  1.250806
-0.0058  1.253807
-0.0057  1.256794
-0.0056  1.259584
-0.0055  1.262334
-0.0054  1.264641
-0.0053  1.267456
-0.0052  1.270697
-0.0051  1.273076
-0.0050  1.275301
-0.0049  1.279361
-0.0048  1.283521
-0.0047  1.287202
-0.0046  1.289058
-0.0045  1.292826
-0.0044  1.297416
-0.0043  1.301354
-0.0042  1.304613
-0.0041  1.308078
-0.0040  1.313912
-0.0039  1.319352
-0.0038  1.323334
-0.0037  1.329050
-0.0036  1.333153
-0.0035  1.336941
-0.0034  1.343872
-0.0033  1.357310
-0.0032  1.366595
-0.0031  1.373250
-0.0030  1.380493
-0.0029  1.388598
-0.0028  1.439609
-0.0027  1.490196
-0.0026  1.455695
-0.0025  1.416453
-0.0024  1.389163
-0.0023  1.384763
-0.0022  1.382061
-0.0021  1.378825
-0.0020  1.374048
-0.0019  1.368085
-0.0018  1.362295
-0.0017  1.358235
-0.0016  1.357050
-0.0015  1.356728
-0.0014  1.357010
-0.0013  1.356557
-0.0012  1.355213
-0.0011  1.353908
-0.0010  1.350416
-0.0009  1.349339
-0.0008  1.348712
-0.0007  1.349491
-0.0006  1.349974
-0.0005  1.349867
-0.0004  1.350127
-0.0003  1.350192
-0.0002  1.350212
-0.0001  1.349029
 0.0000  1.347995
 0.0001  1.349011
 0.0002  1.349275
 0.0003  1.349528
 0.0004  1.350103
 0.0005  1.350520
 0.0006  1.351009
 0.0007  1.351400
 0.0008  1.353247
 0.0009  1.354151
 0.0010  1.353850
 0.0011  1.353556
 0.0012  1.353871
 0.0013  1.354249
 0.0014  1.355003
 0.0015  1.357080
 0.0016  1.358393
 0.0017  1.359605
 0.0018  1.360519
 0.0019  1.361331
 0.0020  1.361823
 0.0021  1.361120
 0.0022  1.361670
 0.0023  1.363735
 0.0024  1.365293
 0.0025  1.366943
 0.0026  1.368468
 0.0027  1.369667
 0.0028  1.370751
 0.0029  1.372326
 0.0030  1.374679
 0.0031  1.374917
 0.0032  1.375191
 0.0033  1.376672
 0.0034  1.378049
 0.0035  1.379384
 0.0036  1.380791
 0.0037  1.384114
 0.0038  1.386074
 0.0039  1.387920
 0.0040  1.389435
 0.0041  1.390649
 0.0042  1.391768
 0.0043  1.393241
 0.0044  1.394979
 0.0045  1.397109
 0.0046  1.399117
 0.0047  1.401150
 0.0048  1.403134
 0.0049  1.405099
 0.0050  1.406517
 0.0051  1.410552
 0.0052  1.412881
 0.0053  1.415232
 0.0054  1.417440
 0.0055  1.419856
 0.0056  1.421959
 0.0057  1.425552
 0.0058  1.428795
 0.0059  1.432684
 0.0060  1.435126
 0.0061  1.437572
 0.0062  1.439070
 0.0063  1.441143
 0.0064  1.445291
 0.0065  1.448739
 0.0066  1.451551
 0.0067  1.454492
 0.0068  1.457570
 0.0069  1.460251
 0.0070  1.464478
 0.0071  1.470276
 0.0072  1.474153
 0.0073  1.478336
 0.0074  1.482711
 0.0075  1.487284
 0.0076  1.492089
 0.0077  1.498365
 0.0078  1.502786
 0.0079  1.508144
 0.0080  1.513312
 0.0081  1.517851
 0.0082  1.522431
 0.0083  1.528995
 0.0084  1.536317
 0.0085  1.542321
 0.0086  1.547189
 0.0087  1.554070
 0.0088  1.560458
 0.0089  1.569500
 0.0090  1.580201
 0.0091  1.588982
 0.0092  1.598420
 0.0093  1.608001
 0.0094  1.617427
 0.0095  1.629845
 0.0096  1.643177
 0.0097  1.657361
 0.0098  1.670664
 0.0099  1.685326
 0.0100  1.699777
 0.0101  1.720491
 0.0102  1.740941
 0.0103  1.761710
 0.0104  1.787625
 0.0105  1.817110
 0.0106  1.926621
 0.0107  1.988484
 0.0108  2.039432
 0.0109  2.139010
 0.0110  2.339569
 0.0111  2.428115
 0.0112  2.171302
 0.0113  2.063288
 0.0114  2.019535
 0.0115  1.949383
 0.0116  1.916946
 0.0117  1.881049
 0.0118  1.859343
 0.0119  1.840988
 0.0120  1.845545
 0.0121  1.809067
 0.0122  1.779991
 0.0123  1.773134
 0.0124  1.758425
 0.0125  1.745664
 0.0126  1.726431
 0.0127  1.725657
 0.0128  1.707791
 0.0129  1.714610
 0.0130  1.705823
 0.0131  1.679679
 0.0132  1.675589
 0.0133  1.662337
 0.0134  1.658174
 0.0135  1.646894
 0.0136  1.642872
 0.0137  1.629545
 0.0138  1.640521
 0.0139  1.643822
 0.0140  1.619741
 0.0141  1.605941
 0.0142  1.604852
 0.0143  1.596478
 0.0144  1.590522
 0.0145  1.595077
 0.0146  1.588182
 0.0147  1.571420
 0.0148  1.569903
 0.0149  1.573047
 0.0150  1.605105
 0.0151  1.544299
 0.0152  1.339800
 0.0153  1.061283
 0.0154  1.061229
 0.0155  1.062100
 0.0156  1.063177
 0.0157  1.063934
 0.0158  1.065857
 0.0159  1.068988
 0.0160  1.072518
 0.0161  1.077385
 0.0162  1.080891
 0.0163  1.080228
 0.0164  1.081128
 0.0165  1.084900
 0.0166  1.088739
 0.0167  1.091826
 0.0168  1.092729
 0.0169  1.097611
 0.0170  1.105411
 0.0171  1.112578
 0.0172  1.112095
 0.0173  1.114591
 0.0174  1.120423
 0.0175  1.125419
 0.0176  1.131233
 0.0177  1.150912
 0.0178  1.152398
 0.0179  1.153047
 0.0180  1.158595
 0.0181  1.170118
 0.0182  1.178300
 0.0183  1.176195
 0.0184  1.178631
 0.0185  1.122172
 0.0186  1.133194
 0.0187  1.143335
 0.0188  1.162004
 0.0189  1.178531
 0.0190  1.194455
 0.0191  1.211672
 0.0192  1.228874
 0.0193  1.245517
 0.0194  1.265507
 0.0195  1.293001
 0.0196  1.335250
 0.0197  1.390567
 0.0198  1.446650
 0.0199  1.512461
 0.0200  1.587942
 0.0201  1.714270
 0.0202  2.431155
 0.0203  1.848105
 0.0204  1.617432
 0.0205  1.475754
 0.0206  1.349930
 0.0207  1.247066
 0.0208  1.160598
 0.0209  1.082939
 0.0210  1.031141
 0.0211  0.985143
 0.0212  0.953049
 0.0213  0.920831
 0.0214  0.899954
 0.0215  0.880294
 0.0216  0.869099
 0.0217  0.849121
 0.0218  0.832783
 0.0219  0.825062
 0.0220  0.818871
 0.0221  0.807728
 0.0222  0.801098
 0.0223  0.797065
 0.0224  0.777607
 0.0225  0.720525
 0.0226  0.683131
 0.0227  0.681688
 0.0228  0.680222
 0.0229  0.678724
 0.0230  0.677189
 0.0231  0.675535
 0.0232  0.673629
 0.0233  0.671531
 0.0234  0.669297
 0.0235  0.666971
 0.0236  0.663867
 0.0237  0.658733
 0.0238  0.657692
 0.0239  0.656608
 0.0240  0.655640
 0.0241  0.654650
 0.0242  0.653559
 0.0243  0.652385
 0.0244  0.651016
 0.0245  0.650018
 0.0246  0.649015
 0.0247  0.648008
 0.0248  0.646294
 0.0249  0.644660
 0.0250  0.642985
 0.0251  0.641124
 0.0252  0.639002
 0.0253  0.635116
 0.0254  0.633989
 0.0255  0.633314
 0.0256  0.632601
 0.0257  0.631823
 0.0258  0.631041
 0.0259  0.630233
 0.0260  0.629404
 0.0261  0.628490
 0.0262  0.627507
 0.0263  0.626464
 0.0264  0.625247
 0.0265  0.624429
 0.0266  0.623376
 0.0267  0.622520
 0.0268  0.621610
 0.0269  0.620709
 0.0270  0.619767
 0.0271  0.618741
 0.0272  0.617704
 0.0273  0.616256
 0.0274  0.614135
 0.0275  0.612193
 0.0276  0.611586
 0.0277  0.610920
 0.0278  0.645489
 0.0279  0.761903
 0.0280  0.741672
 0.0281  0.744465
 0.0282  0.746337
 0.0283  0.757481
 0.0284  0.754712
 0.0285  0.746551
 0.0286  0.750275
 0.0287  0.755506
 0.0288  0.759638
 0.0289  0.756871
 0.0290  0.760835
 0.0291  0.759933
 0.0292  0.760681
 0.0293  0.762461
 0.0294  0.762001
 0.0295  0.763222
 0.0296  0.764849
 0.0297  0.767988
 0.0298  0.773129
 0.0299  0.772930
 0.0300  0.769574
 0.0301  0.769050
 0.0302  0.772679
 0.0303  0.774946
 0.0304  0.775875
 0.0305  0.774064
 0.0306  0.777566
 0.0307  0.779756
 0.0308  0.782047
 0.0309  0.784352
 0.0310  0.785543
 0.0311  0.786790
 0.0312  0.786658
 0.0313  0.787455
 0.0314  0.788211
 0.0315  0.791695
 0.0316  0.792516
 0.0317  0.792872
 0.0318  0.793553
 0.0319  0.795176
 0.0320  0.799299
 0.0321  0.802098
 0.0322  0.801847
 0.0323  0.801966
 0.0324  0.804772
 0.0325  0.806341
 0.0326  0.807248
 0.0327  0.808305
 0.0328  0.807084
 0.0329  0.809803
 0.0330  0.810985
 0.0331  0.812550
 0.0332  0.814241
 0.0333  0.816886
 0.0334  0.818403
 0.0335  0.819547
 0.0336  0.820779
 0.0337  0.821775
 0.0338  0.824830
 0.0339  0.828814
 0.0340  0.828860
 0.0341  0.828385
 0.0342  0.828523
 0.0343  0.832513
 0.0344  0.834696
 0.0345  0.836630
 0.0346  0.835491
 0.0347  0.837334
 0.0348  0.840019
 0.0349  0.841863
 0.0350  0.843516
 0.0351  0.844331
 0.0352  0.846491
 0.0353  0.848183
 0.0354  0.849845
 0.0355  0.851466
 0.0356  0.854206
 0.0357  0.856382
 0.0358  0.857303
 0.0359  0.857362
 0.0360  0.857965
 0.0361  0.861225
 0.0362  0.865058
 0.0363  0.864336
 0.0364  0.864664
 0.0365  0.866523
 0.0366  0.870484
 0.0367  0.873005
 0.0368  0.873654
 0.0369  0.873131
 0.0370  0.877186
 0.0371  0.879396
 0.0372  0.881626
 0.0373  0.883542
 0.0374  0.884925
 0.0375  0.887358
 0.0376  0.889412
 0.0377  0.891164
 0.0378  0.892911
 0.0379  0.895080
 0.0380  0.896061
 0.0381  0.897300
 0.0382  0.898408
 0.0383  0.902216
 0.0384  0.904585
 0.0385  0.904992
 0.0386  0.905606
 0.0387  0.909130
 0.0388  0.913149
 0.0389  0.915260
 0.0390  0.914436
 0.0391  0.916949
 0.0392  0.920704
 0.0393  0.923284
 0.0394  0.925224
 0.0395  0.924667
 0.0396  0.928909
 0.0397  0.931207
 0.0398  0.932903
 0.0399  0.935515
 0.0400  0.937554
