-0.0400  1.622667
-0.0399  1.621209
-0.0398  1.622075
-0.0397  1.626627
-0.0396  1.635736
-0.0395  1.625634
-0.0394  1.617199
-0.0393  1.616447
-0.0392  1.562279
-0.0391  1.559971
-0.0390  1.559698
-0.0389  1.559420
-0.0388  1.563362
-0.0387  1.564575
-0.0386  1.565440
-0.0385  1.565961
-0.0384  1.566247
-0.0383  1.566466
-0.0382  1.566573
-0.0381  1.566592
-0.0380  1.568131
-0.0379  1.569319
-0.0378  1.569888
-0.0377  1.570422
-0.0376  1.570907
-0.0375  1.571266
-0.0374  1.571944
-0.0373  1.573141
-0.0372  1.574579
-0.0371  1.576716
-0.0370  1.578414
-0.0369  1.579157
-0.0368  1.579743
-0.0367  1.581178
-0.0366  1.582834
-0.0365  1.583266
-0.0364  1.583577
-0.0363  1.585851
-0.0362  1.586570
-0.0361  1.586431
-0.0360  1.587679
-0.0359  1.588578
-0.0358  1.589398
-0.0357  1.590549
-0.0356  1.591564
-0.0355  1.594960
-0.0354  1.596600
-0.0353  1.599401
-0.0352  1.601497
-0.0351  1.603259
-0.0350  1.604330
-0.0349  1.605011
-0.0348  1.606995
-0.0347  1.609467
-0.0346  1.612021
-0.0345  1.615633
-0.0344  1.617397
-0.0343  1.619074
-0.0342  1.620659
-0.0341  1.624890
-0.0340  1.633101
-0.0339  1.641806
-0.0338  1.646819
-0.0337  1.651199
-0.0336  1.655367
-0.0335  1.673770
-0.0334  1.681669
-0.0333  1.696021
-0.0332  1.701989
-0.0331  1.691409
-0.0330  1.677420
-0.0329  1.660853
-0.0328  1.651168
-0.0327  1.639417
-0.0326  1.631833
-0.0325  1.625416
-0.0324  1.618482
-0.0323  1.614845
-0.0322  1.611680
-0.0321  1.608202
-0.0320  1.604306
-0.0319  1.598240
-0.0318  1.595442
-0.0317  1.593624
-0.0316  1.589743
-0.0315  1.585293
-0.0314  1.582329
-0.0313  1.576423
-0.0312  1.574559
-0.0311  1.573098
-0.0310  1.571446
-0.0309  1.569795
-0.0308  1.566904
-0.0307  1.562579
-0.0306  1.558956
-0.0305  1.556940
-0.0304  1.555486
-0.0303  1.553937
-0.0302  1.550575
-0.0301  1.548360
-0.0300  1.546117
-0.0299  1.543662
-0.0298  1.541259
-0.0297  1.539218
-0.0296  1.537041
-0.0295  1.534727
-0.0294  1.531242
-0.0293  1.528434
-0.0292  1.526222
-0.0291  1.524645
-0.0290  1.522903
-0.0289  1.521075
-0.0288  1.519285
-0.0287  1.515383
-0.0286  1.514556
-0.0285  1.513693
-0.0284  1.512738
-0.0283  1.511684
-0.0282  1.509991
-0.0281  1.505847
-0.0280  1.501123
-0.0279  1.499734
-0.0278  1.497893
-0.0277  1.495692
-0.0276  1.494371
-0.0275  1.492977
-0.0274  1.490721
-0.0273  1.489271
-0.0272  1.487490
-0.0271  1.485619
-0.0270  1.483667
-0.0269  1.524675
-0.0268  1.524065
-0.0267  1.527502
-0.0266  1.529592
-0.0265  1.527532
-0.0264  1.530013
-0.0263  1.532836
-0.0262  1.538644
-0.0261  1.537739
-0.0260  1.530814
-0.0259  1.526863
-0.0258  1.524592
-0.0257  1.525258
-0.0256  1.525433
-0.0255  1.525133
-0.0254  1.523423
-0.0253  1.523014
-0.0252  1.523016
-0.0251  1.522825
-0.0250  1.522596
-0.0249  1.522257
-0.0248  1.523056
-0.0247  1.524573
-0.0246  1.522908
-0.0245  1.520280
-0.0244  1.517937
-0.0243  1.517059
-0.0242  1.516312
-0.0241  1.514122
-0.0240  1.515387
-0.0239  1.518235
-0.0238  1.519861
-0.0237  1.515316
-0.0236  1.512704
-0.0235  1.510783
-0.0234  1.509306
-0.0233  1.509550
-0.0232  1.510219
-0.0231  1.512014
-0.0230  1.514233
-0.0229  1.516865
-0.0228  1.512406
-0.0227  1.508378
-0.0226  1.506146
-0.0225  1.504976
-0.0224  1.504588
-0.0223  1.504266
-0.0222  1.503170
-0.0221  1.501957
-0.0220  1.503727
-0.0219  1.504245
-0.0218  1.505123
-0.0217  1.505752
-0.0216  1.507543
-0.0215  1.503563
-0.0214  1.499415
-0.0213  1.499759
-0.0212  1.500359
-0.0211  1.500160
-0.0210  1.500423
-0.0209  1.501286
-0.0208  1.498031
-0.0207  1.495213
-0.0206  1.494265
-0.0205  1.494248
-0.0204  1.494275
-0.0203  1.494096
-0.0202  1.491915
-0.0201  1.491187
-0.0200  1.491612
-0.0199  1.492411
-0.0198  1.492118
-0.0197  1.491748
-0.0196  1.489660
-0.0195  1.492358
-0.0194  1.494457
-0.0193  1.493017
-0.0192  1.486784
-0.0191  1.487162
-0.0190  1.485334
-0.0189  1.488069
-0.0188  1.492712
-0.0187  1.489314
-0.0186  1.486252
-0.0185  1.483398
-0.0184  1.483032
-0.0183  1.480746
-0.0182  1.480276
-0.0181  1.479588
-0.0180  1.478697
-0.0179  1.478243
-0.0178  1.478473
-0.0177  1.477555
-0.0176  1.478515
-0.0175  1.478484
-0.0174  1.478837
-0.0173  1.481520
-0.0172  1.484649
-0.0171  1.481585
-0.0170  1.475119
-0.0169  1.474880
-0.0168  1.474325
-0.0167  1.476352
-0.0166  1.479085
-0.0165  1.472684
-0.0164  1.470327
-0.0163  1.471005
-0.0162  1.472285
-0.0161  1.472127
-0.0160  1.470300
-0.0159  1.468081
-0.0158  1.467470
-0.0157  1.467042
-0.0156  1.466298
-0.0155  1.465868
-0.0154  1.465199
-0.0153  1.464227
-0.0152  1.463994
-0.0151  1.466998
-0.0150  1.472954
-0.0149  1.472558
-0.0148  1.463622
-0.0147  1.461202
-0.0146  1.462125
-0.0145  1.465445
-0.0144  1.469682
-0.0143  1.465350
-0.0142  1.460274
-0.0141  1.458132
-0.0140  1.457401
-0.0139  1.458466
-0.0138  1.458518
-0.0137  1.457139
-0.0136  1.455569
-0.0135  1.454046
-0.0134  1.454482
-0.0133  1.454821
-0.0132  1.455083
-0.0131  1.455127
-0.0130  1.455093
-0.0129  1.457945
-0.0128  1.462466
-0.0127  1.452831
-0.0126  1.451798
-0.0125  1.450358
-0.0124  1.448270
-0.0123  1.451406
-0.0122  1.457401
-0.0121  1.454018
-0.0120  1.450388
-0.0119  1.447274
-0.0118  1.446189
-0.0117  1.447472
-0.0116  1.447827
-0.0115  1.446666
-0.0114  1.444881
-0.0113  1.441804
-0.0112  1.441464
-0.0111  1.441837
-0.0110  1.442103
-0.0109  1.444552
-0.0108  1.446410
-0.0107  1.447064
-0.0106  1.442722
-0.0105  1.443789
-0.0104  1.442770
-0.0103  1.441905
-0.0102  1.439316
-0.0101  1.440575
-0.0100  1.444361
-0.0099  1.442031
-0.0098  1.438919
-0.0097  1.434383
-0.0096  1.434671
-0.0095  1.436436
-0.0094  1.436099
-0.0093  1.433937
-0.0092  1.432280
-0.0091  1.430893
-0.0090  1.432972
-0.0089  1.438373
-0.0088  1.441569
-0.0087  1.431536
-0.0086  1.429381
-0.0085  1.429905
-0.0084  1.432048
-0.0083  1.432686
-0.0082  1.433101
-0.0081  1.429143
-0.0080  1.427559
-0.0079  1.428668
-0.0078  1.430590
-0.0077  1.430589
-0.0076  1.426631
-0.0075  1.426127
-0.0074  1.425996
-0.0073  1.432048
-0.0072  1.433581
-0.0071  1.420860
-0.0070  1.421836
-0.0069  1.423586
-0.0068  1.421370
-0.0067  1.418938
-0.0066  1.416449
-0.0065  1.406548
-0.0064  1.397700
-0.0063  1.400047
-0.0062  1.397537
-0.0061  1.395060
-0.0060  1.395594
-0.0059  1.395752
-0.0058  1.395988
-0.0057  1.399798
-0.0056  1.397366
-0.0055  1.398770
-0.0054  1.399461
-0.0053  1.400002
-0.0052  1.397718
-0.0051  1.399013
-0.0050  1.398598
-0.0049  1.398005
-0.0048  1.399343
-0.0047  1.400726
-0.0046  1.403710
-0.0045  1.401681
-0.0044  1.399580
-0.0043  1.397869
-0.0042  1.398918
-0.0041  1.402918
-0.0040  1.400692
-0.0039  1.399231
-0.0038  1.400575
-0.0037  1.402681
-0.0036  1.404506
-0.0035  1.405362
-0.0034  1.409938
-0.0033  1.409237
-0.0032  1.408982
-0.0031  1.405383
-0.0030  1.403035
-0.0029  1.401040
-0.0028  1.406381
-0.0027  1.405116
-0.0026  1.406545
-0.0025  1.412864
-0.0024  1.421165
-0.0023  1.411012
-0.0022  1.409555
-0.0021  1.402847
-0.0020  1.405000
-0.0019  1.417755
-0.0018  1.423154
-0.0017  1.309019
-0.0016  1.271942
-0.0015  1.274272
-0.0014  1.276602
-0.0013  1.279616
-0.0012  1.281926
-0.0011  1.284354
-0.0010  1.287341
-0.0009  1.293200
-0.0008  1.298874
-0.0007  1.311766
-0.0006  1.333501
-0.0005  1.344325
-0.0004  1.343797
-0.0003  1.315975
-0.0002  1.309786
-0.0001  1.306252
 0.0000  1.302810
 0.0001  1.301512
 0.0002  1.299679
 0.0003  1.297479
 0.0004  1.297092
 0.0005  1.297105
 0.0006  1.295738
 0.0007  1.294168
 0.0008  1.294730
 0.0009  1.294677
 0.0010  1.294372
 0.0011  1.293593
 0.0012  1.291069
 0.0013  1.290598
 0.0014  1.291280
 0.0015  1.292330
 0.0016  1.292447
 0.0017  1.292872
 0.0018  1.293286
 0.0019  1.293472
 0.0020  1.293712
 0.0021  1.294747
 0.0022  1.296349
 0.0023  1.296720
 0.0024  1.295810
 0.0025  1.294813
 0.0026  1.294790
 0.0027  1.294450
 0.0028  1.297011
 0.0029  1.298132
 0.0030  1.298833
 0.0031  1.299528
 0.0032  1.300184
 0.0033  1.300193
 0.0034  1.299377
 0.0035  1.300978
 0.0036  1.300741
 0.0037  1.300480
 0.0038  1.301391
 0.0039  1.302827
 0.0040  1.304058
 0.0041  1.306643
 0.0042  1.308078
 0.0043  1.308706
 0.0044  1.308778
 0.0045  1.308120
 0.0046  1.308710
 0.0047  1.309769
 0.0048  1.311741
 0.0049  1.313347
 0.0050  1.314132
 0.0051  1.313145
 0.0052  1.313031
 0.0053  1.313104
 0.0054  1.316414
 0.0055  1.317467
 0.0056  1.318643
 0.0057  1.319842
 0.0058  1.320922
 0.0059  1.321499
 0.0060  1.323171
 0.0061  1.331431
 0.0062  1.344193
 0.0063  1.356960
 0.0064  1.356960
 0.0065  1.360894
 0.0066  1.365653
 0.0067  1.378736
 0.0068  1.374843
 0.0069  1.370353
 0.0070  1.370053
 0.0071  1.371331
 0.0072  1.374035
 0.0073  1.378466
 0.0074  1.381835
 0.0075  1.385024
 0.0076  1.386477
 0.0077  1.387724
 0.0078  1.389549
 0.0079  1.395725
 0.0080  1.399024
 0.0081  1.403650
 0.0082  1.408201
 0.0083  1.409279
 0.0084  1.412602
 0.0085  1.415826
 0.0086  1.420335
 0.0087  1.420817
 0.0088  1.423913
 0.0089  1.426727
 0.0090  1.432382
 0.0091  1.439078
 0.0092  1.442843
 0.0093  1.446323
 0.0094  1.450159
 0.0095  1.457893
 0.0096  1.466141
 0.0097  1.473631
 0.0098  1.481196
 0.0099  1.490256
 0.0100  1.500503
 0.0101  1.511434
 0.0102  1.521431
 0.0103  1.534455
 0.0104  1.549590
 0.0105  1.580350
 0.0106  1.619213
 0.0107  1.683870
 0.0108  1.794492
 0.0109  1.632520
 0.0110  1.594791
 0.0111  1.568906
 0.0112  1.544442
 0.0113  1.538177
 0.0114  1.521013
 0.0115  1.498153
 0.0116  1.493268
 0.0117  1.487692
 0.0118  1.478387
 0.0119  1.473426
 0.0120  1.466325
 0.0121  1.448706
 0.0122  1.448548
 0.0123  1.437970
 0.0124  1.431611
 0.0125  1.427868
 0.0126  1.423902
 0.0127  1.419766
 0.0128  1.414870
 0.0129  1.404194
 0.0130  1.405391
 0.0131  1.398410
 0.0132  1.391243
 0.0133  1.389935
 0.0134  1.390120
 0.0135  1.381201
 0.0136  1.381795
 0.0137  1.387260
 0.0138  1.374415
 0.0139  1.371970
 0.0140  1.375000
 0.0141  1.366630
 0.0142  1.361247
 0.0143  1.354150
 0.0144  1.349937
 0.0145  1.348926
 0.0146  1.345314
 0.0147  1.341916
 0.0148  1.345364
 0.0149  1.343558
 0.0150  1.333771
 0.0151  1.330466
 0.0152  1.333656
 0.0153  1.325591
 0.0154  1.322557
 0.0155  1.325043
 0.0156  1.320842
 0.0157  1.318230
 0.0158  1.317765
 0.0159  1.312441
 0.0160  1.312423
 0.0161  1.307627
 0.0162  1.303036
 0.0163  1.300102
 0.0164  1.294964
 0.0165  1.289840
 0.0166  1.293242
 0.0167  1.289295
 0.0168  1.283838
 0.0169  1.283068
 0.0170  1.280597
 0.0171  1.273904
 0.0172  1.272014
 0.0173  1.276671
 0.0174  1.269036
 0.0175  1.273091
 0.0176  1.276172
 0.0177  1.266111
 0.0178  1.264345
 0.0179  1.261677
 0.0180  1.257145
 0.0181  1.255746
 0.0182  1.250880
 0.0183  1.248455
 0.0184  1.243737
 0.0185  1.294331
 0.0186  1.323640
 0.0187  1.319695
 0.0188  1.311848
 0.0189  1.312560
 0.0190  1.311756
 0.0191  1.313096
 0.0192  1.317175
 0.0193  1.316115
 0.0194  1.317638
 0.0195  1.319002
 0.0196  1.310477
 0.0197  1.306606
 0.0198  1.306126
 0.0199  1.306364
 0.0200  1.309818
 0.0201  1.308564
 0.0202  1.306413
 0.0203  1.305147
 0.0204  1.306908
 0.0205  1.305498
 0.0206  1.305318
 0.0207  1.316742
 0.0208  1.314753
 0.0209  1.318232
 0.0210  1.313367
 0.0211  1.303964
 0.0212  1.313142
 0.0213  1.302086
 0.0214  1.306570
 0.0215  1.294979
 0.0216  1.297059
 0.0217  1.295134
 0.0218  1.294683
 0.0219  1.300367
 0.0220  1.299911
 0.0221  1.300608
 0.0222  1.318414
 0.0223  1.311819
 0.0224  1.312627
 0.0225  1.305600
 0.0226  1.309193
 0.0227  1.289631
 0.0228  1.298386
 0.0229  1.281224
 0.0230  1.296735
 0.0231  1.325499
 0.0232  1.304142
 0.0233  1.280864
 0.0234  1.184946
 0.0235  1.092871
 0.0236  1.099448
 0.0237  1.110718
 0.0238  1.115798
 0.0239  1.118817
 0.0240  1.125243
 0.0241  1.132845
 0.0242  1.142310
 0.0243  1.143827
 0.0244  1.149389
 0.0245  1.154061
 0.0246  1.162017
 0.0247  1.168596
 0.0248  1.175725
 0.0249  1.183301
 0.0250  1.194794
 0.0251  1.205144
 0.0252  1.216646
 0.0253  1.235643
 0.0254  1.254328
 0.0255  1.276587
 0.0256  1.294221
 0.0257  1.305918
 0.0258  1.322865
 0.0259  1.344293
 0.0260  1.382047
 0.0261  1.491571
 0.0262  1.598909
 0.0263  1.469205
 0.0264  1.417678
 0.0265  1.398341
 0.0266  1.372141
 0.0267  1.356814
 0.0268  1.341914
 0.0269  1.341604
 0.0270  1.357023
 0.0271  1.389784
 0.0272  1.356235
 0.0273  1.357083
 0.0274  1.303517
 0.0275  1.260714
 0.0276  1.257996
 0.0277  1.253460
 0.0278  1.351855
 0.0279  1.269546
 0.0280  1.217741
 0.0281  1.184337
 0.0282  1.160645
 0.0283  1.055759
 0.0284  0.970953
 0.0285  0.931663
 0.0286  0.918757
 0.0287  0.903896
 0.0288  0.897908
 0.0289  0.895446
 0.0290  0.852677
 0.0291  0.841204
 0.0292  0.843466
 0.0293  0.844564
 0.0294  0.841805
 0.0295  0.844045
 0.0296  0.845650
 0.0297  0.846599
 0.0298  0.847671
 0.0299  0.850843
 0.0300  0.851410
 0.0301  0.852136
 0.0302  0.852791
 0.0303  0.859636
 0.0304  0.858700
 0.0305  0.858420
 0.0306  0.859725
 0.0307  0.864768
 0.0308  0.867681
 0.0309  0.866677
 0.0310  0.867438
 0.0311  0.870288
 0.0312  0.873681
 0.0313  0.874475
 0.0314  0.873518
 0.0315  0.876226
 0.0316  0.878686
 0.0317  0.881300
 0.0318  0.879965
 0.0319  0.882791
 0.0320  0.885638
 0.0321  0.886876
 0.0322  0.888307
 0.0323  0.891341
 0.0324  0.892075
 0.0325  0.892960
 0.0326  0.895009
 0.0327  0.900095
 0.0328  0.899325
 0.0329  0.899303
 0.0330  0.904521
 0.0331  0.908370
 0.0332  0.906931
 0.0333  0.907331
 0.0334  0.912384
 0.0335  0.917398
 0.0336  0.914728
 0.0337  0.917100
 0.0338  0.920798
 0.0339  0.923970
 0.0340  0.922871
 0.0341  0.925755
 0.0342  0.928929
 0.0343  0.931767
 0.0344  0.932762
 0.0345  0.934861
 0.0346  0.936957
 0.0347  0.938270
 0.0348  0.944609
 0.0349  0.944412
 0.0350  0.944706
 0.0351  0.948281
 0.0352  0.953906
 0.0353  0.952963
 0.0354  0.953850
 0.0355  0.961312
 0.0356  0.962266
 0.0357  0.961233
 0.0358  0.966518
 0.0359  0.971378
 0.0360  0.968924
 0.0361  0.974942
 0.0362  0.980048
 0.0363  0.984019
 0.0364  0.983607
 0.0365  0.987746
 0.0366  0.991531
 0.0367  0.993780
 0.0368  0.996742
 0.0369  0.998467
 0.0370  1.002331
 0.0371  1.006737
 0.0372  1.005679
 0.0373  1.013847
 0.0374  1.015916
 0.0375  1.014048
 0.0376  1.022875
 0.0377  1.027313
 0.0378  1.026048
 0.0379  1.034048
 0.0380  1.046964
 0.0381  1.047500
 0.0382  1.056044
 0.0383  1.062261
 0.0384  1.065885
 0.0385  1.072541
 0.0386  1.079935
 0.0387  1.085187
 0.0388  1.087971
 0.0389  1.110275
 0.0390  1.115361
 0.0391  1.141245
 0.0392  1.153220
 0.0393  1.242103
 0.0394  1.262010
 0.0395  1.212046
 0.0396  1.172169
 0.0397  1.136653
 0.0398  1.100211
 0.0399  1.083159
 0.0400  1.073019
