-0.400  0.000000
-0.399  0.000000
-0.398  0.000000
-0.397  0.000000
-0.396  0.000000
-0.395  0.000000
-0.394  0.000000
-0.393  0.000000
-0.392  0.000000
-0.391  0.000000
-0.390  0.000000
-0.389  0.000000
-0.388  0.000000
-0.387  0.000000
-0.386  0.000000
-0.385  0.000000
-0.384  0.000000
-0.383  0.000000
-0.382  0.000000
-0.381  0.000000
-0.380  0.000000
-0.379  0.000000
-0.378  0.000000
-0.377  0.000000
-0.376  0.000000
-0.375  0.000000
-0.374  0.000000
-0.373  0.000000
-0.372  0.000000
-0.371  0.000000
-0.370  0.000000
-0.369  0.000000
-0.368  0.000000
-0.367  0.000000
-0.366  0.000000
-0.365  0.000000
-0.364  0.000000
-0.363  0.000000
-0.362  0.000000
-0.361  0.000000
-0.360  0.000000
-0.359  0.000000
-0.358  0.000000
-0.357  0.000000
-0.356  0.000000
-0.355  0.000000
-0.354  0.000000
-0.353  0.000000
-0.352  0.000000
-0.351  0.000000
-0.350  0.000000
-0.349  0.000000
-0.348  0.000000
-0.347  0.000000
-0.346  0.000000
-0.345  0.000000
-0.344  0.000000
-0.343  0.000000
-0.342  0.000000
-0.341  0.000000
-0.340  0.000000
-0.339  0.000000
-0.338  0.000000
-0.337  0.000000
-0.336  0.000000
-0.335  0.000000
-0.334  0.000000
-0.333  0.000000
-0.332  0.000000
-0.331  0.000000
-0.330  0.000000
-0.329  0.000000
-0.328  0.000000
-0.327  0.000000
-0.326  0.000000
-0.325  0.000000
-0.324  0.000000
-0.323  0.000000
-0.322  0.000000
-0.321  0.000000
-0.320  0.000000
-0.319  0.000000
-0.318  0.000000
-0.317  0.000000
-0.316  0.000000
-0.315  0.000000
-0.314  0.000000
-0.313  0.000000
-0.312  0.000000
-0.311  0.000000
-0.310  0.000000
-0.309  0.000000
-0.308  0.000000
-0.307  0.000000
-0.306  0.000000
-0.305  0.000000
-0.304  0.000000
-0.303  0.000000
-0.302  0.000000
-0.301  0.000000
-0.300  0.000000
-0.299  0.000000
-0.298  0.000000
-0.297  0.000000
-0.296  0.000000
-0.295  0.000000
-0.294  0.000000
-0.293  0.000000
-0.292  0.000000
-0.291  0.000000
-0.290  0.000000
-0.289  0.000000
-0.288  0.000000
-0.287  0.000000
-0.286  0.000000
-0.285  0.000000
-0.284  0.000000
-0.283  0.000000
-0.282  0.000000
-0.281  0.000000
-0.280  0.000000
-0.279  0.000000
-0.278  0.000000
-0.277  0.000000
-0.276  0.000000
-0.275  0.650538
-0.274  0.545126
-0.273  0.483267
-0.272  0.451765
-0.271  0.427847
-0.270  0.412467
-0.269  0.399917
-0.268  0.389973
-0.267  0.383377
-0.266  0.377277
-0.265  0.372491
-0.264  0.368820
-0.263  0.366036
-0.262  0.363972
-0.261  0.361884
-0.260  0.360412
-0.259  0.359933
-0.258  0.359063
-0.257  0.358918
-0.256  2.664735
-0.255  1.832845
-0.254  1.472493
-0.253  1.347950
-0.252  1.279028
-0.251  1.235821
-0.250  1.202011
-0.249  1.179193
-0.248  1.162878
-0.247  1.152356
-0.246  1.142760
-0.245  1.135397
-0.244  1.130401
-0.243  1.127119
-0.242  1.124678
-0.241  1.125440
-0.240  1.124955
-0.239  1.125772
-0.238  1.127793
-0.237  1.130856
-0.236  1.135619
-0.235  1.342324
-0.234  1.359371
-0.233  1.380233
-0.232  1.399733
-0.231  1.419860
-0.230  1.441321
-0.229  1.462783
-0.228  1.486503
-0.227  1.509709
-0.226  1.532567
-0.225  1.555196
-0.224  1.577968
-0.223  1.601041
-0.222  1.624723
-0.221  1.648108
-0.220  1.672560
-0.219  1.696227
-0.218  1.721772
-0.217  1.747716
-0.216  1.773937
-0.215  1.801361
-0.214  1.827562
-0.213  1.856220
-0.212  1.886525
-0.211  1.917449
-0.210  1.949208
-0.209  2.069419
-0.208  2.109952
-0.207  2.147446
-0.206  2.183836
-0.205  2.225520
-0.204  2.267806
-0.203  2.312028
-0.202  2.361531
-0.201  2.413827
-0.200  2.469036
-0.199  2.529845
-0.198  2.594556
-0.197  2.666194
-0.196  2.746823
-0.195  2.835758
-0.194  2.936220
-0.193  3.053275
-0.192  3.189779
-0.191  3.359592
-0.190  3.578124
-0.189  3.886879
-0.188  4.409871
-0.187  6.831896
-0.186  4.495631
-0.185  3.993125
-0.184  3.706065
-0.183  3.513566
-0.182  3.363174
-0.181  3.243700
-0.180  3.145241
-0.179  3.062889
-0.178  2.987769
-0.177  2.926871
-0.176  2.869291
-0.175  2.818952
-0.174  2.772908
-0.173  2.731653
-0.172  2.694339
-0.171  2.658481
-0.170  2.626163
-0.169  2.595604
-0.168  2.568156
-0.167  2.540919
-0.166  2.515807
-0.165  2.492827
-0.164  2.470570
-0.163  2.449308
-0.162  2.429800
-0.161  2.409877
-0.160  2.391726
-0.159  2.373855
-0.158  2.356522
-0.157  2.340503
-0.156  2.324561
-0.155  2.309187
-0.154  2.294440
-0.153  2.281092
-0.152  2.263833
-0.151  2.303465
-0.150  2.302985
-0.149  2.330865
-0.148  2.367086
-0.147  2.417235
-0.146  2.517083
-0.145  2.733018
-0.144  2.472151
-0.143  2.386958
-0.142  2.332616
-0.141  2.290823
-0.140  2.255752
-0.139  2.224553
-0.138  2.198105
-0.137  2.173721
-0.136  2.151786
-0.135  2.128185
-0.134  1.852850
-0.133  1.843286
-0.132  1.834689
-0.131  1.826910
-0.130  1.819727
-0.129  1.813537
-0.128  1.808220
-0.127  1.803637
-0.126  1.799493
-0.125  1.795886
-0.124  1.793236
-0.123  1.791133
-0.122  1.789773
-0.121  1.788529
-0.120  1.788228
-0.119  1.788714
-0.118  1.789728
-0.117  1.791360
-0.116  1.793645
-0.115  1.796765
-0.114  1.800535
-0.113  1.805322
-0.112  1.811276
-0.111  1.817720
-0.110  1.824871
-0.109  1.833827
-0.108  1.844535
-0.107  1.856441
-0.106  1.870553
-0.105  1.887388
-0.104  1.905334
-0.103  1.928256
-0.102  2.140778
-0.101  2.183312
-0.100  2.239772
-0.099  2.341312
-0.098  2.451687
-0.097  2.327967
-0.096  2.293229
-0.095  2.280321
-0.094  2.277167
-0.093  2.283236
-0.092  2.291594
-0.091  2.305568
-0.090  2.331131
-0.089  2.355015
-0.088  2.407500
-0.087  1.634522
-0.086  1.659515
-0.085  1.686459
-0.084  1.714841
-0.083  1.745203
-0.082  1.776654
-0.081  1.811994
-0.080  1.850614
-0.079  1.894637
-0.078  1.944760
-0.077  2.001344
-0.076  2.069139
-0.075  2.153570
-0.074  2.282144
-0.073  2.600155
-0.072  2.371896
-0.071  2.363617
-0.070  2.400405
-0.069  2.488738
-0.068  2.607712
-0.067  2.811209
-0.066  3.220810
-0.065  4.993546
-0.064  2.828874
-0.063  2.270101
-0.062  1.983367
-0.061  1.800532
-0.060  1.672757
-0.059  1.578737
-0.058  1.504933
-0.057  1.445879
-0.056  1.395273
-0.055  1.353382
-0.054  1.313699
-0.053  0.819999
-0.052  0.824263
-0.051  0.829115
-0.050  0.833819
-0.049  0.838593
-0.048  0.843466
-0.047  0.848659
-0.046  0.854271
-0.045  0.859775
-0.044  0.865033
-0.043  0.871278
-0.042  0.877597
-0.041  0.884314
-0.040  0.891275
-0.039  0.898238
-0.038  0.905318
-0.037  0.913538
-0.036  0.922173
-0.035  0.931404
-0.034  0.941152
-0.033  0.951694
-0.032  0.963055
-0.031  0.975266
-0.030  0.988767
-0.029  1.003664
-0.028  1.020069
-0.027  1.038964
-0.026  1.062152
-0.025  1.087723
-0.024  1.117885
-0.023  1.157997
-0.022  1.210297
-0.021  1.284210
-0.020  1.402718
-0.019  1.794970
-0.018  1.539179
-0.017  1.418589
-0.016  1.203092
-0.015  1.026070
-0.014  1.011328
-0.013  1.004089
-0.012  0.993770
-0.011  0.989356
-0.010  0.985495
-0.009  0.982350
-0.008  0.978481
-0.007  0.975824
-0.006  0.973730
-0.005  0.971615
-0.004  0.970033
-0.003  0.968965
-0.002  0.967499
-0.001  0.966850
 0.000  0.966560
 0.001  0.966287
 0.002  0.966052
 0.003  0.966935
 0.004  0.968055
 0.005  0.970090
 0.006  0.972635
 0.007  0.975802
 0.008  0.980513
 0.009  0.986965
 0.010  0.996425
 0.011  1.011007
 0.012  1.033161
 0.013  1.076057
 0.014  1.189371
 0.015  1.045803
 0.016  1.002236
 0.017  0.971964
 0.018  0.950134
 0.019  0.930400
 0.020  0.914835
 0.021  0.899861
 0.022  0.885470
 0.023  0.872764
 0.024  0.861044
 0.025  0.849894
 0.026  0.839938
 0.027  0.830722
 0.028  0.821362
 0.029  0.812050
 0.030  0.803035
 0.031  0.794168
 0.032  0.787071
 0.033  0.779073
 0.034  0.771074
 0.035  0.764124
 0.036  0.756620
 0.037  0.749353
 0.038  0.743237
 0.039  0.736182
 0.040  0.729839
 0.041  0.723503
 0.042  0.717091
 0.043  0.711361
 0.044  0.705105
 0.045  0.699519
 0.046  0.693610
 0.047  0.688460
 0.048  0.682586
 0.049  0.677757
 0.050  0.672186
 0.051  0.667264
 0.052  0.662252
 0.053  0.657616
 0.054  0.652833
 0.055  0.648449
 0.056  0.643955
 0.057  0.639645
 0.058  0.635752
 0.059  0.631502
 0.060  0.628156
 0.061  0.624383
 0.062  0.621089
 0.063  0.618380
 0.064  0.615586
 0.065  0.613330
 0.066  0.610987
 0.067  0.609174
 0.068  0.607228
 0.069  0.605353
 0.070  0.603080
 0.071  0.599895
 0.072  0.901933
 0.073  0.921483
 0.074  0.942470
 0.075  0.958868
 0.076  0.981002
 0.077  1.004312
 0.078  1.028187
 0.079  1.056390
 0.080  1.090650
 0.081  1.129583
 0.082  1.174977
 0.083  1.240040
 0.084  1.345181
 0.085  1.431437
 0.086  1.512749
 0.087  1.257240
 0.088  1.147514
 0.089  1.079937
 0.090  1.029703
 0.091  0.990065
 0.092  0.961281
 0.093  0.936500
 0.094  0.914373
 0.095  0.899201
 0.096  0.886055
 0.097  0.876982
 0.098  0.871393
 0.099  0.873542
 0.100  0.883122
 0.101  0.920875
 0.102  1.194847
 0.103  0.834596
 0.104  0.791609
 0.105  0.759773
 0.106  1.642137
 0.107  1.774459
 0.108  2.007828
 0.109  2.727010
 0.110  1.924913
 0.111  1.659407
 0.112  1.515341
 0.113  1.396393
 0.114  1.180906
 0.115  1.087214
 0.116  1.047517
 0.117  1.034597
 0.118  1.012304
 0.119  1.072982
 0.120  0.997068
 0.121  1.008812
 0.122  1.021470
 0.123  1.036970
 0.124  1.055744
 0.125  1.077711
 0.126  1.098530
 0.127  1.131218
 0.128  1.169479
 0.129  1.211473
 0.130  1.271070
 0.131  1.381356
 0.132  1.546195
 0.133  1.375085
 0.134  1.321824
 0.135  1.291643
 0.136  1.269277
 0.137  1.255445
 0.138  1.242054
 0.139  1.235559
 0.140  1.229460
 0.141  1.227440
 0.142  1.225156
 0.143  1.226991
 0.144  1.230019
 0.145  1.236120
 0.146  1.248860
 0.147  1.268358
 0.148  1.300653
 0.149  1.392634
 0.150  1.353867
 0.151  1.267377
 0.152  1.224743
 0.153  1.192414
 0.154  1.166748
 0.155  1.143798
 0.156  1.125224
 0.157  1.106246
 0.158  1.090751
 0.159  1.074344
 0.160  1.061012
 0.161  1.045518
 0.162  1.033527
 0.163  1.021053
 0.164  1.008006
 0.165  0.995483
 0.166  0.986247
 0.167  0.972895
 0.168  0.962725
 0.169  0.953950
 0.170  0.942559
 0.171  0.933161
 0.172  0.922718
 0.173  0.914183
 0.174  0.903475
 0.175  0.894661
 0.176  0.884706
 0.177  0.876592
 0.178  0.866216
 0.179  0.857464
 0.180  0.849420
 0.181  0.839218
 0.182  0.833727
 0.183  0.822641
 0.184  0.814385
 0.185  0.807748
 0.186  0.797769
 0.187  0.791791
 0.188  0.781028
 0.189  0.772741
 0.190  0.767255
 0.191  0.758199
 0.192  0.749788
 0.193  0.741617
 0.194  0.732975
 0.195  0.724366
 0.196  0.871108
 0.197  0.870043
 0.198  0.868923
 0.199  0.865517
 0.200  0.858718
 0.201  0.858146
 0.202  0.855443
 0.203  0.850534
 0.204  0.846647
 0.205  0.844409
 0.206  0.843016
 0.207  0.839877
 0.208  0.836756
 0.209  0.834236
 0.210  0.819829
 0.211  0.829279
 0.212  0.857222
 0.213  0.919096
 0.214  0.951341
 0.215  0.849862
 0.216  0.833244
 0.217  0.802886
 0.218  0.789711
 0.219  0.783817
 0.220  0.781494
 0.221  0.771400
 0.222  0.768522
 0.223  0.769612
 0.224  0.767058
 0.225  0.768621
 0.226  0.767474
 0.227  0.771972
 0.228  0.768496
 0.229  0.772308
 0.230  0.779388
 0.231  0.791188
 0.232  0.801885
 0.233  0.813465
 0.234  0.850294
 0.235  0.884146
 0.236  0.995859
 0.237  1.137095
 0.238  0.930761
 0.239  0.386921
 0.240  0.370040
 0.241  0.358346
 0.242  0.457905
 0.243  0.459714
 0.244  0.461788
 0.245  0.466623
 0.246  0.465951
 0.247  0.470219
 0.248  0.474331
 0.249  0.484899
 0.250  0.487238
 0.251  0.489384
 0.252  0.500073
 0.253  0.511449
 0.254  0.515606
 0.255  0.523530
 0.256  0.533416
 0.257  0.546358
 0.258  0.563629
 0.259  0.577829
 0.260  0.584895
 0.261  0.609773
 0.262  0.627508
 0.263  0.648858
 0.264  0.688792
 0.265  1.041524
 0.266  1.268202
 0.267  1.201091
 0.268  1.038743
 0.269  0.965327
 0.270  0.920075
 0.271  0.887629
 0.272  0.863839
 0.273  0.844430
 0.274  0.828769
 0.275  0.815520
 0.276  0.804023
 0.277  0.794077
 0.278  0.785287
 0.279  0.777410
 0.280  0.770207
 0.281  0.763571
 0.282  0.757726
 0.283  0.751900
 0.284  0.746871
 0.285  0.741981
 0.286  0.737420
 0.287  0.733083
 0.288  0.729030
 0.289  0.725012
 0.290  0.721246
 0.291  0.717883
 0.292  0.714272
 0.293  0.711105
 0.294  0.707753
 0.295  0.704713
 0.296  0.701880
 0.297  0.698859
 0.298  0.696215
 0.299  0.693284
 0.300  0.690700
 0.301  0.688344
 0.302  0.685436
 0.303  0.683376
 0.304  0.680586
 0.305  0.678516
 0.306  0.676265
 0.307  0.673711
 0.308  0.671818
 0.309  0.669270
 0.310  0.667500
 0.311  0.665329
 0.312  0.663207
 0.313  0.661274
 0.314  0.658929
 0.315  0.657245
 0.316  0.655285
 0.317  0.653314
 0.318  0.651531
 0.319  0.649458
 0.320  0.647852
 0.321  0.645798
 0.322  0.644215
 0.323  0.642400
 0.324  0.640630
 0.325  0.638983
 0.326  0.637103
 0.327  0.635591
 0.328  0.633674
 0.329  0.632209
 0.330  0.630522
 0.331  0.628831
 0.332  0.627376
 0.333  0.625775
 0.334  0.624146
 0.335  0.622466
 0.336  0.621060
 0.337  0.619382
 0.338  0.617928
 0.339  0.616392
 0.340  0.615051
 0.341  0.613468
 0.342  0.612084
 0.343  0.610506
 0.344  0.608999
 0.345  0.607613
 0.346  0.606124
 0.347  0.605036
 0.348  0.603326
 0.349  0.602220
 0.350  0.600551
 0.351  0.599499
 0.352  0.597814
 0.353  0.596718
 0.354  0.595200
 0.355  0.593929
 0.356  0.592757
 0.357  0.591010
 0.358  0.590158
 0.359  0.588473
 0.360  0.587576
 0.361  0.585826
 0.362  0.585058
 0.363  0.583314
 0.364  0.582482
 0.365  0.580935
 0.366  0.580032
 0.367  0.578474
 0.368  0.577540
 0.369  0.576181
 0.370  0.575052
 0.371  0.573651
 0.372  0.572714
 0.373  0.571282
 0.374  0.570158
 0.375  0.568963
 0.376  0.567880
 0.377  0.566952
 0.378  0.565871
 0.379  0.564476
 0.380  0.560160
 0.381  0.560921
 0.382  0.561412
 0.383  0.561425
 0.384  0.567368
 0.385  0.574788
 0.386  0.602358
 0.387  0.575032
 0.388  0.569728
 0.389  0.565278
 0.390  0.562027
 0.391  0.558967
 0.392  0.556623
 0.393  0.553986
 0.394  0.551873
 0.395  0.549422
 0.396  0.547532
 0.397  0.545322
 0.398  0.543280
 0.399  0.541117
 0.400  0.539412
 0.401  0.537219
 0.402  0.535309
 0.403  0.533267
 0.404  0.531626
 0.405  0.529483
 0.406  0.527627
 0.407  0.525825
 0.408  0.523841
 0.409  0.521865
 0.410  0.519999
 0.411  0.518452
 0.412  0.516091
 0.413  0.514484
 0.414  0.512820
 0.415  0.510995
 0.416  0.525320
 0.417  0.525269
 0.418  0.524092
 0.419  0.522873
 0.420  0.522307
 0.421  0.521442
 0.422  0.520208
 0.423  0.519580
 0.424  0.519026
 0.425  0.517395
 0.426  0.517095
 0.427  0.515402
 0.428  0.514573
 0.429  0.514390
 0.430  0.512618
 0.431  0.512588
 0.432  0.511309
 0.433  0.510247
 0.434  0.510084
 0.435  0.508202
 0.436  0.508122
 0.437  0.507599
 0.438  0.505346
 0.439  0.505566
 0.440  0.505129
 0.441  0.503530
 0.442  0.502731
 0.443  0.502394
 0.444  0.501073
 0.445  0.499854
 0.446  0.500026
 0.447  0.498701
 0.448  0.497112
 0.449  0.497534
 0.450  0.496909
 0.451  0.494475
 0.452  0.494913
 0.453  0.494179
 0.454  0.492217
 0.455  0.492143
 0.456  0.491564
 0.457  0.490164
 0.458  0.489372
 0.459  0.489019
 0.460  0.488406
 0.461  0.486879
 0.462  0.485659
 0.463  0.486773
 0.464  0.484372
 0.465  0.484065
 0.466  0.483695
 0.467  0.481946
 0.468  0.483586
 0.469  0.480985
 0.470  0.478780
 0.471  0.479941
 0.472  0.478817
 0.473  0.479552
 0.474  0.476711
 0.475  0.476206
 0.476  0.475522
 0.477  0.475643
 0.478  0.474366
 0.479  0.473003
 0.480  0.475911
 0.481  0.471231
 0.482  0.472987
 0.483  0.469462
 0.484  0.469288
 0.485  0.469950
 0.486  0.467131
 0.487  0.467319
 0.488  0.467286
 0.489  0.465273
 0.490  0.468711
 0.491  0.463864
 0.492  0.465517
 0.493  0.462399
 0.494  0.464411
 0.495  0.459500
 0.496  0.461387
 0.497  0.461077
 0.498  0.458503
 0.499  0.463352
 0.500  0.455790
 0.501  0.459872
 0.502  0.458802
 0.503  0.456551
 0.504  0.454541
 0.505  0.458547
 0.506  0.452066
 0.507  0.454580
 0.508  0.451685
 0.509  0.454330
 0.510  0.452401
 0.511  0.460835
 0.512  0.459650
 0.513  0.460752
 0.514  0.451968
 0.515  0.446700
 0.516  0.443755
 0.517  0.446802
 0.518  0.442984
 0.519  0.439570
 0.520  0.454158
 0.521  0.380934
 0.522  0.382227
 0.523  0.384456
 0.524  0.386885
 0.525  0.395009
 0.526  0.404887
 0.527  0.412632
 0.528  0.414749
 0.529  0.408234
 0.530  0.413312
 0.531  0.419198
 0.532  0.427709
 0.533  0.435744
 0.534  0.462145
 0.535  0.485937
 0.536  0.489827
 0.537  0.467248
 0.538  0.458059
 0.539  0.452757
 0.540  0.449157
 0.541  0.446084
 0.542  0.443916
 0.543  0.442066
 0.544  0.440202
 0.545  0.438741
 0.546  0.437588
 0.547  0.436448
 0.548  0.435083
 0.549  0.434033
 0.550  0.433148
 0.551  0.432311
 0.552  0.431246
 0.553  0.430350
 0.554  0.429534
 0.555  0.428771
 0.556  0.428025
 0.557  0.427272
 0.558  0.426489
 0.559  0.425683
 0.560  0.424912
 0.561  0.424374
 0.562  0.423905
 0.563  0.423031
 0.564  0.422339
 0.565  0.421844
 0.566  0.421387
 0.567  0.421051
 0.568  0.419197
 0.569  0.420256
 0.570  0.230489
 0.571  0.230389
 0.572  0.230265
 0.573  0.230151
 0.574  0.230052
 0.575  0.229959
 0.576  0.229852
 0.577  0.229755
 0.578  0.229686
 0.579  0.229585
 0.580  0.229491
 0.581  0.229411
 0.582  0.229344
 0.583  0.229255
 0.584  0.229174
 0.585  0.229116
 0.586  0.229040
 0.587  0.228961
 0.588  0.228893
 0.589  0.228845
 0.590  0.228767
 0.591  0.228699
 0.592  0.228649
 0.593  0.228591
 0.594  0.228522
 0.595  0.228465
 0.596  0.228431
 0.597  0.228362
 0.598  0.228302
 0.599  0.228262
 0.600  0.228216
 0.601  0.228155
 0.602  0.228106
 0.603  0.228082
 0.604  0.228022
 0.605  0.227970
 0.606  0.227938
 0.607  0.227900
 0.608  0.227847
 0.609  0.227806
 0.610  0.227789
 0.611  0.227735
 0.612  0.227691
 0.613  0.227671
 0.614  0.227635
 0.615  0.227588
 0.616  0.227556
 0.617  0.227544
 0.618  0.227496
 0.619  0.227460
 0.620  0.227463
 0.621  0.227414
 0.622  0.227375
 0.623  0.227353
 0.624  0.227341
 0.625  0.227300
 0.626  0.227272
 0.627  0.227277
 0.628  0.227235
 0.629  0.227204
 0.630  0.227197
 0.631  0.227178
 0.632  0.227145
 0.633  0.227127
 0.634  0.227130
 0.635  0.227095
 0.636  0.227072
 0.637  0.227089
 0.638  0.227053
 0.639  0.227028
 0.640  0.227027
 0.641  0.227019
 0.642  0.226992
 0.643  0.226982
 0.644  0.226993
 0.645  0.226964
 0.646  0.226950
 0.647  0.226975
 0.648  0.226945
 0.649  0.226927
 0.650  0.226942
 0.651  0.226932
 0.652  0.226913
 0.653  0.226915
 0.654  0.226928
 0.655  0.226907
 0.656  0.226903
 0.657  0.226929
 0.658  0.226908
 0.659  0.226901
 0.660  0.226939
 0.661  0.226916
 0.662  0.226907
 0.663  0.226937
 0.664  0.226931
 0.665  0.226921
 0.666  0.226937
 0.667  0.226953
 0.668  0.226942
 0.669  0.226952
 0.670  0.226982
 0.671  0.226970
 0.672  0.226978
 0.673  0.227018
 0.674  0.227005
 0.675  0.227011
 0.676  0.227060
 0.677  0.227047
 0.678  0.227051
 0.679  0.227108
 0.680  0.227095
 0.681  0.227099
 0.682  0.227163
 0.683  0.227151
 0.684  0.227155
 0.685  0.227199
 0.686  0.227213
 0.687  0.227217
 0.688  0.227256
 0.689  0.227281
 0.690  0.227286
 0.691  0.227323
 0.692  0.227356
 0.693  0.227361
 0.694  0.227399
 0.695  0.227438
 0.696  0.227444
 0.697  0.227482
 0.698  0.227526
 0.699  0.227534
 0.700  0.227574
 0.701  0.227620
 0.702  0.227630
 0.703  0.227673
 0.704  0.227722
 0.705  0.227734
 0.706  0.227781
 0.707  0.227830
 0.708  0.227845
 0.709  0.227898
 0.710  0.227944
 0.711  0.227962
 0.712  0.228024
 0.713  0.228066
 0.714  0.228088
 0.715  0.228164
 0.716  0.228195
 0.717  0.228221
 0.718  0.228322
 0.719  0.228331
 0.720  0.228363
 0.721  0.228461
 0.722  0.228474
 0.723  0.228513
 0.724  0.228608
 0.725  0.228625
 0.726  0.228672
 0.727  0.228762
 0.728  0.228784
 0.729  0.228844
 0.730  0.228923
 0.731  0.228953
 0.732  0.229029
 0.733  0.229092
 0.734  0.229130
 0.735  0.229251
 0.736  0.229270
 0.737  0.229318
 0.738  0.229431
 0.739  0.229458
 0.740  0.229519
 0.741  0.229620
 0.742  0.229655
 0.743  0.229738
 0.744  0.229817
 0.745  0.229863
 0.746  0.229997
 0.747  0.230025
 0.748  0.230085
 0.749  0.230205
 0.750  0.230243
 0.751  0.230326
 0.752  0.230424
 0.753  0.230475
 0.754  0.230621
 0.755  0.230654
 0.756  0.230722
 0.757  0.230851
 0.758  0.230896
 0.759  0.230995
 0.760  0.231092
 0.761  0.231155
 0.762  0.231305
 0.763  0.231347
 0.764  0.231435
 0.765  0.231559
 0.766  0.231619
 0.767  0.231785
 0.768  0.231827
 0.769  0.231912
 0.770  0.232052
 0.771  0.232113
 0.772  0.232260
 0.773  0.232335
 0.774  0.232423
 0.775  0.232573
 0.776  0.232638
 0.777  0.232795
 0.778  0.232873
 0.779  0.232968
 0.780  0.233122
 0.781  0.233194
 0.782  0.233385
 0.783  0.233440
 0.784  0.233551
 0.785  0.233701
 0.786  0.233784
 0.787  0.233974
 0.788  0.234040
 0.789  0.234178
 0.790  0.234310
 0.791  0.234414
 0.792  0.234593
 0.793  0.234676
 0.794  0.234887
 0.795  0.234955
 0.796  0.235094
 0.797  0.235247
 0.798  0.235357
 0.799  0.235550
 0.800  0.235642
 0.801  0.235863
 0.802  0.235941
 0.803  0.236107
 0.804  0.236252
 0.805  0.236384
 0.806  0.236574
 0.807  0.236687
 0.808  0.236905
 0.809  0.237004
 0.810  0.237245
 0.811  0.237333
 0.812  0.237534
 0.813  0.237673
 0.814  0.237836
 0.815  0.238022
 0.816  0.238167
 0.817  0.238380
 0.818  0.238512
 0.819  0.238747
 0.820  0.238869
 0.821  0.239121
 0.822  0.239237
 0.823  0.239503
 0.824  0.239614
 0.825  0.239893
 0.826  0.240000
 0.827  0.240290
 0.828  0.240394
 0.829  0.240661
 0.830  0.240797
 0.831  0.241048
 0.832  0.241209
 0.833  0.241457
 0.834  0.241629
 0.835  0.241884
 0.836  0.242057
 0.837  0.242334
 0.838  0.242495
 0.839  0.242801
 0.840  0.242942
 0.841  0.243269
 0.842  0.243398
 0.843  0.243725
 0.844  0.243865
 0.845  0.244189
 0.846  0.244345
 0.847  0.244662
 0.848  0.244839
 0.849  0.245144
 0.850  0.245351
 0.851  0.245638
 0.852  0.245892
 0.853  0.246145
 0.854  0.246520
 0.855  0.246667
 0.856  0.247029
 0.857  0.247210
 0.858  0.247551
 0.859  0.247785
 0.860  0.248090
 0.861  0.248450
 0.862  0.248650
 0.863  0.249034
 0.864  0.249242
 0.865  0.249592
 0.866  0.249902
 0.867  0.250177
 0.868  0.250584
 0.869  0.250803
 0.870  0.251168
 0.871  0.251557
 0.872  0.251790
 0.873  0.252201
 0.874  0.252481
 0.875  0.252824
 0.876  0.253269
 0.877  0.253513
 0.878  0.253898
 0.879  0.254367
 0.880  0.254598
 0.881  0.255007
 0.882  0.255490
 0.883  0.255730
 0.884  0.256147
 0.885  0.256638
 0.886  0.256916
 0.887  0.257325
 0.888  0.257814
 0.889  0.258185
 0.890  0.258549
 0.891  0.259023
 0.892  0.259553
 0.893  0.259855
 0.894  0.260287
 0.895  0.260793
 0.896  0.261344
 0.897  0.261669
 0.898  0.262112
 0.899  0.262626
 0.900  0.263181
 0.901  0.263767
 0.902  0.264058
 0.903  0.264548
 0.904  0.265086
 0.905  0.265657
 0.906  0.266249
 0.907  0.266841
 0.908  0.267198
 0.909  0.267709
 0.910  0.268261
 0.911  0.268839
 0.912  0.269431
 0.913  0.270036
 0.914  0.270648
 0.915  0.271268
 0.916  0.271892
 0.917  0.272517
 0.918  0.273146
 0.919  0.273773
 0.920  0.274402
 0.921  0.275034
 0.922  0.275669
 0.923  0.276312
 0.924  0.276975
 0.925  0.277673
 0.926  0.278474
 0.927  0.279380
 0.928  0.279966
 0.929  0.280599
 0.930  0.281357
 0.931  0.282414
 0.932  0.282959
 0.933  0.283705
 0.934  0.284737
 0.935  0.285319
 0.936  0.286473
 0.937  0.287010
 0.938  0.288068
 0.939  0.289103
 0.940  0.289651
 0.941  0.290616
 0.942  0.291624
 0.943  0.292561
 0.944  0.293437
 0.945  0.294442
 0.946  0.295754
 0.947  0.296764
 0.948  0.297644
 0.949  0.299009
 0.950  0.300096
 0.951  0.300061
 0.952  0.000000
 0.953  0.000000
 0.954  0.000000
 0.955  0.000000
 0.956  0.000000
 0.957  0.000000
 0.958  0.000000
 0.959  0.000000
 0.960  0.000000
 0.961  0.000000
 0.962  0.000000
 0.963  0.000000
 0.964  0.000000
 0.965  0.000000
 0.966  0.000000
 0.967  0.000000
 0.968  0.000000
 0.969  0.000000
 0.970  0.000000
 0.971  0.000000
 0.972  0.000000
 0.973  0.000000
 0.974  0.000000
 0.975  0.000000
 0.976  0.000000
 0.977  0.000000
 0.978  0.000000
 0.979  0.000000
 0.980  0.000000
 0.981  0.000000
 0.982  0.000000
 0.983  0.000000
 0.984  0.000000
 0.985  0.000000
 0.986  0.000000
 0.987  0.000000
 0.988  0.000000
 0.989  0.000000
 0.990  0.000000
 0.991  0.000000
 0.992  0.000000
 0.993  0.000000
 0.994  0.000000
 0.995  0.000000
 0.996  0.000000
 0.997  0.000000
 0.998  0.000000
 0.999  0.000000
 1.000  0.000000
