-0.400  0.000000
-0.399  0.000000
-0.398  0.000000
-0.397  0.000000
-0.396  0.000000
-0.395  0.000000
-0.394  0.000000
-0.393  0.000000
-0.392  0.000000
-0.391  0.000000
-0.390  0.000000
-0.389  0.000000
-0.388  0.000000
-0.387  0.000000
-0.386  0.000000
-0.385  0.000000
-0.384  0.000000
-0.383  0.000000
-0.382  0.000000
-0.381  0.000000
-0.380  0.000000
-0.379  0.000000
-0.378  0.000000
-0.377  0.000000
-0.376  0.000000
-0.375  0.000000
-0.374  0.000000
-0.373  0.000000
-0.372  0.000000
-0.371  0.000000
-0.370  0.000000
-0.369  0.000000
-0.368  0.000000
-0.367  0.000000
-0.366  0.000000
-0.365  0.000000
-0.364  0.000000
-0.363  0.000000
-0.362  0.000000
-0.361  0.000000
-0.360  0.000000
-0.359  0.000000
-0.358  0.000000
-0.357  0.000000
-0.356  0.000000
-0.355  0.000000
-0.354  0.000000
-0.353  0.000000
-0.352  0.000000
-0.351  0.000000
-0.350  0.000000
-0.349  0.000000
-0.348  0.000000
-0.347  0.000000
-0.346  0.000000
-0.345  0.000000
-0.344  0.000000
-0.343  0.000000
-0.342  0.000000
-0.341  0.000000
-0.340  0.000000
-0.339  0.000000
-0.338  0.000000
-0.337  0.000000
-0.336  0.000000
-0.335  0.000000
-0.334  0.000000
-0.333  0.000000
-0.332  0.000000
-0.331  0.000000
-0.330  0.000000
-0.329  0.000000
-0.328  0.000000
-0.327  0.000000
-0.326  0.000000
-0.325  0.000000
-0.324  0.000000
-0.323  0.000000
-0.322  0.000000
-0.321  0.000000
-0.320  0.000000
-0.319  0.000000
-0.318  0.000000
-0.317  0.000000
-0.316  0.000000
-0.315  0.000000
-0.314  0.000000
-0.313  0.000000
-0.312  0.000000
-0.311  0.000000
-0.310  0.000000
-0.309  0.000000
-0.308  0.000000
-0.307  0.000000
-0.306  0.000000
-0.305  0.000000
-0.304  0.000000
-0.303  0.000000
-0.302  0.000000
-0.301  0.000000
-0.300  0.000000
-0.299  0.000000
-0.298  0.000000
-0.297  0.000000
-0.296  0.000000
-0.295  0.000000
-0.294  0.000000
-0.293  0.000000
-0.292  0.000000
-0.291  0.000000
-0.290  0.000000
-0.289  0.000000
-0.288  0.000000
-0.287  0.000000
-0.286  0.000000
-0.285  0.000000
-0.284  0.000000
-0.283  0.000000
-0.282  0.000000
-0.281  0.000000
-0.280  0.000000
-0.279  0.000000
-0.278  0.000000
-0.277  0.000000
-0.276  0.000000
-0.275  0.000000
-0.274  0.000000
-0.273  0.000000
-0.272  0.000000
-0.271  0.000000
-0.270  0.000000
-0.269  0.000000
-0.268  0.000000
-0.267  0.000000
-0.266  0.000000
-0.265  0.699082
-0.264  0.540253
-0.263  0.475625
-0.262  0.435878
-0.261  0.411513
-0.260  0.394795
-0.259  0.381337
-0.258  0.371065
-0.257  0.363118
-0.256  0.356796
-0.255  0.352261
-0.254  0.347516
-0.253  0.343766
-0.252  1.779824
-0.251  1.395672
-0.250  1.585860
-0.249  1.357415
-0.248  1.263670
-0.247  1.206911
-0.246  1.169854
-0.245  1.144518
-0.244  1.122585
-0.243  1.107637
-0.242  1.095880
-0.241  1.086780
-0.240  1.077811
-0.239  1.074574
-0.238  1.068287
-0.237  1.065850
-0.236  1.062433
-0.235  1.242156
-0.234  1.258699
-0.233  1.278291
-0.232  1.299360
-0.231  1.318426
-0.230  1.339723
-0.229  1.360640
-0.228  1.378040
-0.227  1.397786
-0.226  1.414647
-0.225  1.433058
-0.224  1.446273
-0.223  1.463940
-0.222  1.479968
-0.221  1.494277
-0.220  1.510728
-0.219  1.526615
-0.218  1.540028
-0.217  1.556701
-0.216  1.653444
-0.215  1.669250
-0.214  1.683602
-0.213  1.701217
-0.212  1.719227
-0.211  1.736798
-0.210  1.755235
-0.209  1.775392
-0.208  1.795299
-0.207  1.814963
-0.206  1.835988
-0.205  1.858521
-0.204  1.881503
-0.203  1.905441
-0.202  1.930536
-0.201  1.955549
-0.200  1.983270
-0.199  2.011903
-0.198  2.040249
-0.197  2.070756
-0.196  2.103959
-0.195  2.135999
-0.194  2.173544
-0.193  2.211383
-0.192  2.251460
-0.191  2.294288
-0.190  2.339563
-0.189  2.388813
-0.188  2.441078
-0.187  2.498019
-0.186  2.559346
-0.185  2.627037
-0.184  2.702085
-0.183  2.785860
-0.182  2.880656
-0.181  2.988413
-0.180  3.115822
-0.179  3.270423
-0.178  3.463401
-0.177  3.725411
-0.176  4.128091
-0.175  5.040401
-0.174  4.827690
-0.173  4.135026
-0.172  3.799864
-0.171  3.576254
-0.170  3.415622
-0.169  3.289700
-0.168  3.185403
-0.167  3.096649
-0.166  3.018988
-0.165  2.953182
-0.164  2.889476
-0.163  2.836873
-0.162  2.787814
-0.161  2.742528
-0.160  2.700519
-0.159  2.662503
-0.158  2.626197
-0.157  2.592852
-0.156  2.561817
-0.155  2.532044
-0.154  2.504135
-0.153  2.478316
-0.152  2.452992
-0.151  2.429694
-0.150  2.407031
-0.149  2.385254
-0.148  2.364532
-0.147  2.345411
-0.146  2.326926
-0.145  2.308539
-0.144  2.291287
-0.143  2.274714
-0.142  2.259352
-0.141  2.244101
-0.140  2.229162
-0.139  2.215814
-0.138  2.201971
-0.137  2.189215
-0.136  2.176862
-0.135  2.165004
-0.134  2.153661
-0.133  2.141502
-0.132  2.159778
-0.131  2.184794
-0.130  2.228535
-0.129  2.419297
-0.128  2.242461
-0.127  2.188372
-0.126  2.153350
-0.125  2.128647
-0.124  2.106925
-0.123  2.087554
-0.122  2.070581
-0.121  2.054476
-0.120  2.039447
-0.119  2.025724
-0.118  2.013541
-0.117  2.001649
-0.116  1.988842
-0.115  1.978574
-0.114  1.968307
-0.113  1.957474
-0.112  1.949155
-0.111  1.774256
-0.110  1.774246
-0.109  1.775427
-0.108  1.776781
-0.107  1.778809
-0.106  1.781217
-0.105  1.784660
-0.104  1.789078
-0.103  1.794255
-0.102  1.800595
-0.101  1.910457
-0.100  1.924643
-0.099  1.936461
-0.098  1.953876
-0.097  1.972596
-0.096  1.991985
-0.095  2.016974
-0.094  2.046186
-0.093  2.085513
-0.092  2.153111
-0.091  2.229891
-0.090  2.148097
-0.089  2.133350
-0.088  2.127822
-0.087  2.128321
-0.086  2.134547
-0.085  2.143572
-0.084  2.157068
-0.083  2.173197
-0.082  2.190916
-0.081  2.212738
-0.080  2.241003
-0.079  2.272480
-0.078  2.309242
-0.077  2.351522
-0.076  2.392221
-0.075  2.430982
-0.074  2.468715
-0.073  2.519644
-0.072  2.131578
-0.071  1.958566
-0.070  1.831023
-0.069  1.787480
-0.068  1.772557
-0.067  1.767168
-0.066  1.768527
-0.065  1.773925
-0.064  1.784998
-0.063  1.800657
-0.062  1.819180
-0.061  1.839693
-0.060  1.864876
-0.059  1.895793
-0.058  1.932219
-0.057  1.975038
-0.056  2.028884
-0.055  2.093667
-0.054  2.174458
-0.053  2.283885
-0.052  2.429174
-0.051  2.655326
-0.050  3.127124
-0.049  4.013563
-0.048  3.204373
-0.047  1.354333
-0.046  1.284758
-0.045  1.237159
-0.044  1.202073
-0.043  1.175573
-0.042  1.147511
-0.041  0.846635
-0.040  0.850654
-0.039  0.855635
-0.038  0.859768
-0.037  0.865097
-0.036  0.870048
-0.035  0.875510
-0.034  0.880140
-0.033  0.886597
-0.032  0.892166
-0.031  0.898656
-0.030  0.904353
-0.029  0.911509
-0.028  0.918851
-0.027  0.926886
-0.026  0.934846
-0.025  0.943825
-0.024  0.953010
-0.023  0.962635
-0.022  0.973496
-0.021  0.985789
-0.020  0.999155
-0.019  1.015196
-0.018  1.033805
-0.017  1.054838
-0.016  1.079570
-0.015  1.110917
-0.014  1.153721
-0.013  1.219282
-0.012  1.363773
-0.011  1.849057
-0.010  1.588848
-0.009  1.494113
-0.008  1.441931
-0.007  1.408030
-0.006  1.381181
-0.005  1.362574
-0.004  1.341951
-0.003  1.329363
-0.002  1.315639
-0.001  1.111803
 0.000  1.105017
 0.001  1.097647
 0.002  1.089062
 0.003  1.083962
 0.004  1.077448
 0.005  1.073686
 0.006  1.069015
 0.007  1.067501
 0.008  1.067937
 0.009  1.073219
 0.010  1.085754
 0.011  1.111623
 0.012  1.176268
 0.013  1.171175
 0.014  1.086070
 0.015  1.037482
 0.016  1.003172
 0.017  0.974006
 0.018  0.947862
 0.019  0.927146
 0.020  0.906802
 0.021  0.887482
 0.022  0.870818
 0.023  0.855231
 0.024  0.840616
 0.025  0.828108
 0.026  0.816084
 0.027  0.803703
 0.028  0.791806
 0.029  0.780811
 0.030  0.770800
 0.031  0.760470
 0.032  0.751624
 0.033  0.742890
 0.034  0.733583
 0.035  0.725795
 0.036  0.717384
 0.037  0.710095
 0.038  0.702400
 0.039  0.695527
 0.040  0.688198
 0.041  0.681707
 0.042  0.675237
 0.043  0.669048
 0.044  0.662724
 0.045  0.657338
 0.046  0.651374
 0.047  0.646494
 0.048  0.641111
 0.049  0.636561
 0.050  0.632302
 0.051  0.628177
 0.052  0.624411
 0.053  0.620902
 0.054  0.617879
 0.055  0.613971
 0.056  0.610124
 0.057  0.829580
 0.058  0.849158
 0.059  0.860002
 0.060  0.877113
 0.061  0.890048
 0.062  0.909479
 0.063  0.927131
 0.064  0.946777
 0.065  0.968451
 0.066  0.989984
 0.067  1.015492
 0.068  1.043879
 0.069  1.074718
 0.070  1.111674
 0.071  1.159818
 0.072  1.227073
 0.073  1.335146
 0.074  1.705679
 0.075  1.349506
 0.076  1.135113
 0.077  1.067034
 0.078  1.014333
 0.079  0.981477
 0.080  0.948116
 0.081  0.925030
 0.082  0.906085
 0.083  0.890068
 0.084  0.875868
 0.085  0.865366
 0.086  0.857637
 0.087  0.851947
 0.088  0.849750
 0.089  1.576923
 0.090  1.736770
 0.091  2.471870
 0.092  2.344025
 0.093  1.858306
 0.094  1.655021
 0.095  1.526777
 0.096  1.522657
 0.097  1.557445
 0.098  1.494527
 0.099  1.436363
 0.100  1.402210
 0.101  1.357251
 0.102  1.326704
 0.103  1.305268
 0.104  0.908217
 0.105  0.907500
 0.106  0.901265
 0.107  0.901777
 0.108  0.900893
 0.109  0.972358
 0.110  0.987577
 0.111  0.998915
 0.112  1.011398
 0.113  1.027760
 0.114  1.043096
 0.115  1.060996
 0.116  1.082150
 0.117  1.112674
 0.118  1.138755
 0.119  1.184704
 0.120  1.250999
 0.121  1.401652
 0.122  1.351934
 0.123  1.205960
 0.124  1.168415
 0.125  1.145472
 0.126  1.129488
 0.127  1.117531
 0.128  1.107075
 0.129  1.100580
 0.130  1.096253
 0.131  1.090288
 0.132  1.088733
 0.133  1.085067
 0.134  1.083889
 0.135  1.083105
 0.136  1.082968
 0.137  1.083868
 0.138  1.085601
 0.139  1.088020
 0.140  1.092420
 0.141  1.098064
 0.142  1.105477
 0.143  1.115312
 0.144  1.137537
 0.145  1.168300
 0.146  1.349713
 0.147  1.166351
 0.148  1.119591
 0.149  1.092554
 0.150  1.069934
 0.151  1.052924
 0.152  1.037235
 0.153  1.022495
 0.154  1.008857
 0.155  0.998254
 0.156  0.985221
 0.157  0.976242
 0.158  0.965408
 0.159  0.955772
 0.160  0.945022
 0.161  0.936809
 0.162  0.925620
 0.163  0.918067
 0.164  0.907708
 0.165  0.899250
 0.166  0.891931
 0.167  0.883078
 0.168  0.874187
 0.169  0.868463
 0.170  0.857980
 0.171  0.850097
 0.172  0.843723
 0.173  0.833707
 0.174  0.827976
 0.175  0.819826
 0.176  0.812582
 0.177  0.805182
 0.178  0.798007
 0.179  0.788540
 0.180  0.783189
 0.181  0.775548
 0.182  0.766387
 0.183  0.881547
 0.184  0.868260
 0.185  0.865820
 0.186  0.863625
 0.187  0.859899
 0.188  0.857311
 0.189  0.857781
 0.190  0.855477
 0.191  0.850019
 0.192  0.848145
 0.193  0.846019
 0.194  0.840439
 0.195  0.842102
 0.196  0.835651
 0.197  0.833161
 0.198  0.833382
 0.199  0.829271
 0.200  0.827359
 0.201  0.823426
 0.202  0.823266
 0.203  0.822386
 0.204  0.817574
 0.205  0.815138
 0.206  0.813034
 0.207  0.813616
 0.208  0.801610
 0.209  0.819854
 0.210  0.862291
 0.211  0.954246
 0.212  0.881978
 0.213  0.852506
 0.214  0.836251
 0.215  0.822684
 0.216  0.800394
 0.217  0.725078
 0.218  0.722907
 0.219  0.722082
 0.220  0.716071
 0.221  0.715209
 0.222  0.720244
 0.223  0.716065
 0.224  0.717020
 0.225  0.721380
 0.226  0.721845
 0.227  0.724168
 0.228  0.727552
 0.229  0.738853
 0.230  0.751846
 0.231  0.784777
 0.232  0.896669
 0.233  1.028306
 0.234  0.960715
 0.235  0.890514
 0.236  0.892544
 0.237  0.444628
 0.238  0.448363
 0.239  0.448207
 0.240  0.447982
 0.241  0.458581
 0.242  0.460361
 0.243  0.464022
 0.244  0.473191
 0.245  0.477200
 0.246  0.485522
 0.247  0.493229
 0.248  0.505311
 0.249  0.517260
 0.250  0.522377
 0.251  0.532843
 0.252  0.549096
 0.253  0.568965
 0.254  0.594662
 0.255  0.800145
 0.256  0.880884
 0.257  1.019937
 0.258  1.142486
 0.259  0.961785
 0.260  0.897079
 0.261  0.859016
 0.262  0.833249
 0.263  0.813905
 0.264  0.798770
 0.265  0.786467
 0.266  0.776146
 0.267  0.767215
 0.268  0.759652
 0.269  0.752652
 0.270  0.746609
 0.271  0.740834
 0.272  0.735856
 0.273  0.731298
 0.274  0.726734
 0.275  0.722703
 0.276  0.719017
 0.277  0.715057
 0.278  0.711981
 0.279  0.708381
 0.280  0.705359
 0.281  0.702486
 0.282  0.699417
 0.283  0.696876
 0.284  0.693986
 0.285  0.691411
 0.286  0.689029
 0.287  0.686323
 0.288  0.684169
 0.289  0.681787
 0.290  0.679340
 0.291  0.677408
 0.292  0.674849
 0.293  0.673036
 0.294  0.670877
 0.295  0.668765
 0.296  0.666934
 0.297  0.664591
 0.298  0.663007
 0.299  0.661048
 0.300  0.659043
 0.301  0.657327
 0.302  0.655177
 0.303  0.653643
 0.304  0.651924
 0.305  0.649976
 0.306  0.648438
 0.307  0.646322
 0.308  0.645030
 0.309  0.643311
 0.310  0.641596
 0.311  0.640080
 0.312  0.637964
 0.313  0.636846
 0.314  0.635099
 0.315  0.633674
 0.316  0.632057
 0.317  0.630377
 0.318  0.629068
 0.319  0.627322
 0.320  0.626037
 0.321  0.624440
 0.322  0.622910
 0.323  0.621573
 0.324  0.619951
 0.325  0.618680
 0.326  0.617152
 0.327  0.615738
 0.328  0.614435
 0.329  0.612906
 0.330  0.611628
 0.331  0.610124
 0.332  0.608796
 0.333  0.607521
 0.334  0.606094
 0.335  0.604818
 0.336  0.603657
 0.337  0.602172
 0.338  0.600805
 0.339  0.599520
 0.340  0.598201
 0.341  0.596799
 0.342  0.595713
 0.343  0.594416
 0.344  0.593159
 0.345  0.592097
 0.346  0.590572
 0.347  0.589364
 0.348  0.588108
 0.349  0.586913
 0.350  0.585905
 0.351  0.584518
 0.352  0.583413
 0.353  0.582094
 0.354  0.581132
 0.355  0.579615
 0.356  0.578552
 0.357  0.577355
 0.358  0.576114
 0.359  0.575297
 0.360  0.573873
 0.361  0.572979
 0.362  0.571493
 0.363  0.570750
 0.364  0.569261
 0.365  0.568445
 0.366  0.566971
 0.367  0.566258
 0.368  0.564755
 0.369  0.563796
 0.370  0.562778
 0.371  0.561329
 0.372  0.560822
 0.373  0.559298
 0.374  0.558600
 0.375  0.557048
 0.376  0.556457
 0.377  0.555051
 0.378  0.554444
 0.379  0.553197
 0.380  0.552180
 0.381  0.551385
 0.382  0.549760
 0.383  0.546759
 0.384  0.546933
 0.385  0.547388
 0.386  0.548783
 0.387  0.559108
 0.388  0.562445
 0.389  0.554669
 0.390  0.550167
 0.391  0.547214
 0.392  0.544564
 0.393  0.542451
 0.394  0.540177
 0.395  0.538147
 0.396  0.536052
 0.397  0.534322
 0.398  0.532287
 0.399  0.530365
 0.400  0.528478
 0.401  0.527020
 0.402  0.524888
 0.403  0.522916
 0.404  0.521260
 0.405  0.519754
 0.406  0.517661
 0.407  0.515727
 0.408  0.514366
 0.409  0.523349
 0.410  0.522909
 0.411  0.522180
 0.412  0.521407
 0.413  0.520196
 0.414  0.519448
 0.415  0.518599
 0.416  0.518209
 0.417  0.516594
 0.418  0.515857
 0.419  0.515106
 0.420  0.514274
 0.421  0.513140
 0.422  0.512516
 0.423  0.512273
 0.424  0.510116
 0.425  0.510029
 0.426  0.508865
 0.427  0.508349
 0.428  0.507207
 0.429  0.506660
 0.430  0.506129
 0.431  0.504111
 0.432  0.504476
 0.433  0.503418
 0.434  0.502036
 0.435  0.501681
 0.436  0.500236
 0.437  0.500169
 0.438  0.498940
 0.439  0.498284
 0.440  0.497587
 0.441  0.496657
 0.442  0.496346
 0.443  0.495045
 0.444  0.493820
 0.445  0.494360
 0.446  0.491814
 0.447  0.491111
 0.448  0.492553
 0.449  0.489635
 0.450  0.488492
 0.451  0.490174
 0.452  0.487465
 0.453  0.486932
 0.454  0.487469
 0.455  0.485322
 0.456  0.483906
 0.457  0.484809
 0.458  0.483212
 0.459  0.481985
 0.460  0.482154
 0.461  0.481152
 0.462  0.480550
 0.463  0.479451
 0.464  0.479189
 0.465  0.479389
 0.466  0.476784
 0.467  0.477233
 0.468  0.476427
 0.469  0.474826
 0.470  0.474961
 0.471  0.473220
 0.472  0.473705
 0.473  0.472146
 0.474  0.470126
 0.475  0.472986
 0.476  0.469972
 0.477  0.469557
 0.478  0.470728
 0.479  0.467083
 0.480  0.468879
 0.481  0.466311
 0.482  0.466283
 0.483  0.466193
 0.484  0.465393
 0.485  0.464053
 0.486  0.464376
 0.487  0.461997
 0.488  0.463222
 0.489  0.460593
 0.490  0.460674
 0.491  0.460130
 0.492  0.458690
 0.493  0.459729
 0.494  0.457371
 0.495  0.458632
 0.496  0.456988
 0.497  0.456298
 0.498  0.454977
 0.499  0.454155
 0.500  0.452710
 0.501  0.453025
 0.502  0.450373
 0.503  0.453330
 0.504  0.448265
 0.505  0.450776
 0.506  0.449110
 0.507  0.448818
 0.508  0.446536
 0.509  0.449586
 0.510  0.447104
 0.511  0.444065
 0.512  0.445127
 0.513  0.442782
 0.514  0.445352
 0.515  0.442472
 0.516  0.440517
 0.517  0.443583
 0.518  0.476771
 0.519  0.437872
 0.520  0.461086
 0.521  0.463981
 0.522  0.433295
 0.523  0.390016
 0.524  0.384821
 0.525  0.388050
 0.526  0.391672
 0.527  0.395871
 0.528  0.400628
 0.529  0.475912
 0.530  0.412504
 0.531  0.426849
 0.532  0.427816
 0.533  0.458631
 0.534  0.501567
 0.535  0.462837
 0.536  0.451406
 0.537  0.445622
 0.538  0.442399
 0.539  0.439659
 0.540  0.437805
 0.541  0.436145
 0.542  0.434613
 0.543  0.433498
 0.544  0.432560
 0.545  0.431264
 0.546  0.430320
 0.547  0.429545
 0.548  0.428815
 0.549  0.427844
 0.550  0.427091
 0.551  0.426434
 0.552  0.425761
 0.553  0.425146
 0.554  0.424536
 0.555  0.423875
 0.556  0.423311
 0.557  0.422647
 0.558  0.421912
 0.559  0.421045
 0.560  0.420260
 0.561  0.419790
 0.562  0.419446
 0.563  0.418562
 0.564  0.418351
 0.565  0.417990
 0.566  0.417000
 0.567  0.416065
 0.568  0.228816
 0.569  0.228718
 0.570  0.228629
 0.571  0.228564
 0.572  0.228478
 0.573  0.228393
 0.574  0.228318
 0.575  0.228264
 0.576  0.228181
 0.577  0.228106
 0.578  0.228046
 0.579  0.227989
 0.580  0.227916
 0.581  0.227851
 0.582  0.227815
 0.583  0.227743
 0.584  0.227677
 0.585  0.227624
 0.586  0.227585
 0.587  0.227519
 0.588  0.227462
 0.589  0.227429
 0.590  0.227374
 0.591  0.227316
 0.592  0.227269
 0.593  0.227242
 0.594  0.227183
 0.595  0.227132
 0.596  0.227101
 0.597  0.227062
 0.598  0.227009
 0.599  0.226967
 0.600  0.226951
 0.601  0.226897
 0.602  0.226851
 0.603  0.226825
 0.604  0.226795
 0.605  0.226747
 0.606  0.226711
 0.607  0.226702
 0.608  0.226653
 0.609  0.226613
 0.610  0.226593
 0.611  0.226568
 0.612  0.226526
 0.613  0.226496
 0.614  0.226492
 0.615  0.226448
 0.616  0.226413
 0.617  0.226402
 0.618  0.226378
 0.619  0.226341
 0.620  0.226318
 0.621  0.226317
 0.622  0.226278
 0.623  0.226249
 0.624  0.226259
 0.625  0.226223
 0.626  0.226191
 0.627  0.226177
 0.628  0.226176
 0.629  0.226142
 0.630  0.226121
 0.631  0.226136
 0.632  0.226100
 0.633  0.226075
 0.634  0.226074
 0.635  0.226066
 0.636  0.226039
 0.637  0.226027
 0.638  0.226040
 0.639  0.226010
 0.640  0.225994
 0.641  0.226020
 0.642  0.225989
 0.643  0.225969
 0.644  0.225973
 0.645  0.225975
 0.646  0.225953
 0.647  0.225948
 0.648  0.225967
 0.649  0.225943
 0.650  0.225934
 0.651  0.225967
 0.652  0.225941
 0.653  0.225929
 0.654  0.225946
 0.655  0.225946
 0.656  0.225931
 0.657  0.225938
 0.658  0.225957
 0.659  0.225941
 0.660  0.225942
 0.661  0.225976
 0.662  0.225958
 0.663  0.225955
 0.664  0.226000
 0.665  0.225981
 0.666  0.225976
 0.667  0.226008
 0.668  0.226011
 0.669  0.226004
 0.670  0.226024
 0.671  0.226047
 0.672  0.226039
 0.673  0.226054
 0.674  0.226090
 0.675  0.226081
 0.676  0.226092
 0.677  0.226138
 0.678  0.226129
 0.679  0.226139
 0.680  0.226193
 0.681  0.226184
 0.682  0.226192
 0.683  0.226254
 0.684  0.226245
 0.685  0.226253
 0.686  0.226322
 0.687  0.226312
 0.688  0.226320
 0.689  0.226369
 0.690  0.226386
 0.691  0.226393
 0.692  0.226437
 0.693  0.226466
 0.694  0.226474
 0.695  0.226516
 0.696  0.226552
 0.697  0.226561
 0.698  0.226603
 0.699  0.226645
 0.700  0.226655
 0.701  0.226698
 0.702  0.226744
 0.703  0.226755
 0.704  0.226800
 0.705  0.226849
 0.706  0.226862
 0.707  0.226911
 0.708  0.226960
 0.709  0.226976
 0.710  0.227030
 0.711  0.227078
 0.712  0.227097
 0.713  0.227158
 0.714  0.227203
 0.715  0.227225
 0.716  0.227297
 0.717  0.227335
 0.718  0.227361
 0.719  0.227458
 0.720  0.227473
 0.721  0.227504
 0.722  0.227606
 0.723  0.227618
 0.724  0.227656
 0.725  0.227755
 0.726  0.227771
 0.727  0.227816
 0.728  0.227911
 0.729  0.227932
 0.730  0.227987
 0.731  0.228074
 0.732  0.228101
 0.733  0.228169
 0.734  0.228244
 0.735  0.228279
 0.736  0.228372
 0.737  0.228423
 0.738  0.228467
 0.739  0.228587
 0.740  0.228611
 0.741  0.228666
 0.742  0.228776
 0.743  0.228808
 0.744  0.228879
 0.745  0.228974
 0.746  0.229015
 0.747  0.229117
 0.748  0.229181
 0.749  0.229234
 0.750  0.229365
 0.751  0.229398
 0.752  0.229469
 0.753  0.229582
 0.754  0.229627
 0.755  0.229728
 0.756  0.229810
 0.757  0.229870
 0.758  0.230011
 0.759  0.230050
 0.760  0.230131
 0.761  0.230250
 0.762  0.230304
 0.763  0.230437
 0.764  0.230502
 0.765  0.230576
 0.766  0.230717
 0.767  0.230768
 0.768  0.230877
 0.769  0.230982
 0.770  0.231053
 0.771  0.231211
 0.772  0.231262
 0.773  0.231367
 0.774  0.231489
 0.775  0.231562
 0.776  0.231730
 0.777  0.231784
 0.778  0.231893
 0.779  0.232024
 0.780  0.232102
 0.781  0.232277
 0.782  0.232336
 0.783  0.232458
 0.784  0.232588
 0.785  0.232676
 0.786  0.232852
 0.787  0.232920
 0.788  0.233070
 0.789  0.233181
 0.790  0.233286
 0.791  0.233456
 0.792  0.233538
 0.793  0.233742
 0.794  0.233808
 0.795  0.233944
 0.796  0.234092
 0.797  0.234197
 0.798  0.234388
 0.799  0.234474
 0.800  0.234694
 0.801  0.234766
 0.802  0.234914
 0.803  0.235070
 0.804  0.235189
 0.805  0.235385
 0.806  0.235485
 0.807  0.235709
 0.808  0.235795
 0.809  0.236001
 0.810  0.236118
 0.811  0.236273
 0.812  0.236451
 0.813  0.236584
 0.814  0.236793
 0.815  0.236911
 0.816  0.237144
 0.817  0.237251
 0.818  0.237503
 0.819  0.237601
 0.820  0.237850
 0.821  0.237961
 0.822  0.238159
 0.823  0.238330
 0.824  0.238508
 0.825  0.238708
 0.826  0.238873
 0.827  0.239093
 0.828  0.239251
 0.829  0.239487
 0.830  0.239640
 0.831  0.239889
 0.832  0.240039
 0.833  0.240297
 0.834  0.240448
 0.835  0.240714
 0.836  0.240868
 0.837  0.241138
 0.838  0.241296
 0.839  0.241571
 0.840  0.241735
 0.841  0.242011
 0.842  0.242186
 0.843  0.242459
 0.844  0.242648
 0.845  0.242916
 0.846  0.243126
 0.847  0.243383
 0.848  0.243624
 0.849  0.243860
 0.850  0.244172
 0.851  0.244348
 0.852  0.244700
 0.853  0.244850
 0.854  0.245192
 0.855  0.245370
 0.856  0.245695
 0.857  0.245913
 0.858  0.246212
 0.859  0.246501
 0.860  0.246745
 0.861  0.247127
 0.862  0.247301
 0.863  0.247660
 0.864  0.247889
 0.865  0.248211
 0.866  0.248577
 0.867  0.248787
 0.868  0.249179
 0.869  0.249402
 0.870  0.249753
 0.871  0.250140
 0.872  0.250359
 0.873  0.250765
 0.874  0.251026
 0.875  0.251371
 0.876  0.251813
 0.877  0.252030
 0.878  0.252423
 0.879  0.252891
 0.880  0.253088
 0.881  0.253509
 0.882  0.253914
 0.883  0.254187
 0.884  0.254625
 0.885  0.255059
 0.886  0.255328
 0.887  0.255773
 0.888  0.256279
 0.889  0.256515
 0.890  0.256952
 0.891  0.257456
 0.892  0.257776
 0.893  0.258178
 0.894  0.258667
 0.895  0.259206
 0.896  0.259484
 0.897  0.259932
 0.898  0.260447
 0.899  0.261002
 0.900  0.261320
 0.901  0.261770
 0.902  0.262286
 0.903  0.262842
 0.904  0.263428
 0.905  0.263745
 0.906  0.264226
 0.907  0.264760
 0.908  0.265325
 0.909  0.265912
 0.910  0.266517
 0.911  0.267006
 0.912  0.267449
 0.913  0.267981
 0.914  0.268546
 0.915  0.269126
 0.916  0.269724
 0.917  0.270329
 0.918  0.270940
 0.919  0.271561
 0.920  0.272182
 0.921  0.272808
 0.922  0.273441
 0.923  0.274078
 0.924  0.274728
 0.925  0.275397
 0.926  0.276110
 0.927  0.276973
 0.928  0.277729
 0.929  0.278326
 0.930  0.278955
 0.931  0.279670
 0.932  0.280796
 0.933  0.281323
 0.934  0.281962
 0.935  0.283174
 0.936  0.283638
 0.937  0.284455
 0.938  0.285331
 0.939  0.286210
 0.940  0.286955
 0.941  0.288113
 0.942  0.288899
 0.943  0.289596
 0.944  0.290498
 0.945  0.291447
 0.946  0.292431
 0.947  0.294062
 0.948  0.294404
 0.949  0.295879
 0.950  0.297025
 0.951  0.297258
 0.952  0.298162
 0.953  0.301547
 0.954  0.000000
 0.955  0.000000
 0.956  0.000000
 0.957  0.000000
 0.958  0.000000
 0.959  0.000000
 0.960  0.000000
 0.961  0.000000
 0.962  0.000000
 0.963  0.000000
 0.964  0.000000
 0.965  0.000000
 0.966  0.000000
 0.967  0.000000
 0.968  0.000000
 0.969  0.000000
 0.970  0.000000
 0.971  0.000000
 0.972  0.000000
 0.973  0.000000
 0.974  0.000000
 0.975  0.000000
 0.976  0.000000
 0.977  0.000000
 0.978  0.000000
 0.979  0.000000
 0.980  0.000000
 0.981  0.000000
 0.982  0.000000
 0.983  0.000000
 0.984  0.000000
 0.985  0.000000
 0.986  0.000000
 0.987  0.000000
 0.988  0.000000
 0.989  0.000000
 0.990  0.000000
 0.991  0.000000
 0.992  0.000000
 0.993  0.000000
 0.994  0.000000
 0.995  0.000000
 0.996  0.000000
 0.997  0.000000
 0.998  0.000000
 0.999  0.000000
 1.000  0.000000
