-0.0400  1.210334
-0.0399  1.207836
-0.0398  1.205271
-0.0397  1.202493
-0.0396  1.199572
-0.0395  1.196253
-0.0394  1.192431
-0.0393  1.191173
-0.0392  1.189357
-0.0391  1.187274
-0.0390  1.185062
-0.0389  1.182773
-0.0388  1.179395
-0.0387  1.177392
-0.0386  1.175454
-0.0385  1.173476
-0.0384  1.170973
-0.0383  1.168296
-0.0382  1.166058
-0.0381  1.164359
-0.0380  1.162701
-0.0379  1.161086
-0.0378  1.159651
-0.0377  1.157728
-0.0376  1.155047
-0.0375  1.152822
-0.0374  1.150807
-0.0373  1.148679
-0.0372  1.147016
-0.0371  1.146045
-0.0370  1.145313
-0.0369  1.144541
-0.0368  1.142530
-0.0367  1.139899
-0.0366  1.137546
-0.0365  1.135463
-0.0364  1.134061
-0.0363  1.133101
-0.0362  1.130931
-0.0361  1.130627
-0.0360  1.128348
-0.0359  1.127228
-0.0358  1.127638
-0.0357  1.123717
-0.0356  1.121242
-0.0355  1.124022
-0.0354  1.119313
-0.0353  1.116910
-0.0352  1.117497
-0.0351  1.118391
-0.0350  1.097706
-0.0349  0.979815
-0.0348  0.980922
-0.0347  0.982070
-0.0346  0.983141
-0.0345  0.984166
-0.0344  0.985182
-0.0343  0.986165
-0.0342  0.988314
-0.0341  0.990248
-0.0340  0.991821
-0.0339  0.993288
-0.0338  0.994718
-0.0337  0.996284
-0.0336  0.997533
-0.0335  0.998597
-0.0334  0.999614
-0.0333  1.001244
-0.0332  1.003446
-0.0331  1.005124
-0.0330  1.006697
-0.0329  1.008087
-0.0328  1.009398
-0.0327  1.010697
-0.0326  1.011932
-0.0325  1.013361
-0.0324  1.015596
-0.0323  1.018083
-0.0322  1.020169
-0.0321  1.022151
-0.0320  1.023698
-0.0319  1.025135
-0.0318  1.026461
-0.0317  1.027744
-0.0316  1.029062
-0.0315  1.032144
-0.0314  1.034383
-0.0313  1.036293
-0.0312  1.038116
-0.0311  1.039730
-0.0310  1.041290
-0.0309  1.042839
-0.0308  1.044594
-0.0307  1.048265
-0.0306  1.051027
-0.0305  1.053748
-0.0304  1.055603
-0.0303  1.057449
-0.0302  1.059175
-0.0301  1.060798
-0.0300  1.062525
-0.0299  1.066799
-0.0298  1.069466
-0.0297  1.071828
-0.0296  1.074007
-0.0295  1.075989
-0.0294  1.077950
-0.0293  1.079827
-0.0292  1.084492
-0.0291  1.088132
-0.0290  1.091520
-0.0289  1.094085
-0.0288  1.096383
-0.0287  1.098574
-0.0286  1.100642
-0.0285  1.106182
-0.0284  1.109761
-0.0283  1.112868
-0.0282  1.115702
-0.0281  1.118339
-0.0280  1.120763
-0.0279  1.126435
-0.0278  1.131185
-0.0277  1.134955
-0.0276  1.138473
-0.0275  1.142029
-0.0274  1.145401
-0.0273  1.153030
-0.0272  1.157941
-0.0271  1.162080
-0.0270  1.165718
-0.0269  1.169346
-0.0268  1.176741
-0.0267  1.183726
-0.0266  1.188755
-0.0265  1.193644
-0.0264  1.197564
-0.0263  1.208420
-0.0262  1.216028
-0.0261  1.222448
-0.0260  1.420876
-0.0259  1.455478
-0.0258  1.478570
-0.0257  1.496847
-0.0256  1.507423
-0.0255  1.542803
-0.0254  1.570668
-0.0253  1.592912
-0.0252  1.628337
-0.0251  1.670337
-0.0250  1.709928
-0.0249  1.780448
-0.0248  1.828525
-0.0247  1.957681
-0.0246  2.190014
-0.0245  2.173269
-0.0244  1.958936
-0.0243  1.876562
-0.0242  1.812566
-0.0241  1.757735
-0.0240  1.725129
-0.0239  1.698707
-0.0238  1.673570
-0.0237  1.652952
-0.0236  1.635346
-0.0235  1.617290
-0.0234  1.603671
-0.0233  1.591865
-0.0232  1.581396
-0.0231  1.571632
-0.0230  1.562856
-0.0229  1.553790
-0.0228  1.544619
-0.0227  1.537137
-0.0226  1.530874
-0.0225  1.525348
-0.0224  1.519889
-0.0223  1.513744
-0.0222  1.508250
-0.0221  1.503069
-0.0220  1.500520
-0.0219  1.495822
-0.0218  1.491662
-0.0217  1.488101
-0.0216  1.485838
-0.0215  1.484004
-0.0214  1.479327
-0.0213  1.475048
-0.0212  1.472377
-0.0211  1.472729
-0.0210  1.468603
-0.0209  1.465399
-0.0208  1.462834
-0.0207  1.462140
-0.0206  1.461001
-0.0205  1.457662
-0.0204  1.455261
-0.0203  1.456599
-0.0202  1.456432
-0.0201  1.452768
-0.0200  1.450756
-0.0199  1.454310
-0.0198  1.449301
-0.0197  1.445920
-0.0196  1.447157
-0.0195  1.447085
-0.0194  1.442482
-0.0193  1.444547
-0.0192  1.444719
-0.0191  1.440202
-0.0190  1.449963
-0.0189  1.439980
-0.0188  1.444138
-0.0187  1.440038
-0.0186  1.452595
-0.0185  1.433144
-0.0184  1.433409
-0.0183  1.409251
-0.0182  1.128086
-0.0181  1.128756
-0.0180  1.129205
-0.0179  1.129860
-0.0178  1.130685
-0.0177  1.131446
-0.0176  1.132331
-0.0175  1.133550
-0.0174  1.135228
-0.0173  1.135950
-0.0172  1.136297
-0.0171  1.136700
-0.0170  1.137073
-0.0169  1.137437
-0.0168  1.137853
-0.0167  1.138314
-0.0166  1.138919
-0.0165  1.139826
-0.0164  1.140469
-0.0163  1.141804
-0.0162  1.143039
-0.0161  1.144888
-0.0160  1.146110
-0.0159  1.146509
-0.0158  1.147156
-0.0157  1.147575
-0.0156  1.148032
-0.0155  1.148525
-0.0154  1.149049
-0.0153  1.149589
-0.0152  1.150247
-0.0151  1.151114
-0.0150  1.151751
-0.0149  1.152458
-0.0148  1.154187
-0.0147  1.156656
-0.0146  1.157327
-0.0145  1.157753
-0.0144  1.158389
-0.0143  1.158750
-0.0142  1.159111
-0.0141  1.159487
-0.0140  1.160051
-0.0139  1.160700
-0.0138  1.161470
-0.0137  1.162302
-0.0136  1.162915
-0.0135  1.163613
-0.0134  1.164477
-0.0133  1.167065
-0.0132  1.167656
-0.0131  1.168120
-0.0130  1.168462
-0.0129  1.168743
-0.0128  1.169030
-0.0127  1.169306
-0.0126  1.169671
-0.0125  1.170108
-0.0124  1.170609
-0.0123  1.171079
-0.0122  1.171732
-0.0121  1.172332
-0.0120  1.173019
-0.0119  1.173972
-0.0118  1.175337
-0.0117  1.175473
-0.0116  1.175617
-0.0115  1.175769
-0.0114  1.175899
-0.0113  1.175986
-0.0112  1.176097
-0.0111  1.176356
-0.0110  1.176578
-0.0109  1.176776
-0.0108  1.176954
-0.0107  1.177010
-0.0106  1.177438
-0.0105  1.177901
-0.0104  1.178561
-0.0103  1.178838
-0.0102  1.178601
-0.0101  1.178150
-0.0100  1.178076
-0.0099  1.177977
-0.0098  1.177787
-0.0097  1.177548
-0.0096  1.177049
-0.0095  1.176767
-0.0094  1.176724
-0.0093  1.176632
-0.0092  1.176428
-0.0091  1.176093
-0.0090  1.175677
-0.0089  1.176012
-0.0088  1.175625
-0.0087  1.175120
-0.0086  1.174459
-0.0085  1.173102
-0.0084  1.172837
-0.0083  1.172513
-0.0082  1.172066
-0.0081  1.171367
-0.0080  1.170129
-0.0079  1.169228
-0.0078  1.168817
-0.0077  1.168316
-0.0076  1.167661
-0.0075  1.166829
-0.0074  1.165554
-0.0073  1.165052
-0.0072  1.164316
-0.0071  1.163248
-0.0070  1.161969
-0.0069  1.159932
-0.0068  1.159351
-0.0067  1.158605
-0.0066  1.157693
-0.0065  1.156542
-0.0064  1.154351
-0.0063  1.153510
-0.0062  1.152698
-0.0061  1.151810
-0.0060  1.150773
-0.0059  1.148771
-0.0058  1.146976
-0.0057  1.146201
-0.0056  1.145264
-0.0055  1.144061
-0.0054  1.142488
-0.0053  1.139704
-0.0052  1.138788
-0.0051  1.137788
-0.0050  1.136603
-0.0049  1.135110
-0.0048  1.132754
-0.0047  1.131226
-0.0046  1.130514
-0.0045  1.129311
-0.0044  1.127554
-0.0043  1.125520
-0.0042  1.122568
-0.0041  1.121660
-0.0040  1.120609
-0.0039  1.119390
-0.0038  1.117861
-0.0037  1.115828
-0.0036  1.113275
-0.0035  1.112227
-0.0034  1.110946
-0.0033  1.109616
-0.0032  1.108132
-0.0031  1.105784
-0.0030  1.103107
-0.0029  1.102036
-0.0028  1.100898
-0.0027  1.099599
-0.0026  1.098203
-0.0025  1.095893
-0.0024  1.092868
-0.0023  1.091827
-0.0022  1.090676
-0.0021  1.089430
-0.0020  1.088006
-0.0019  1.086326
-0.0018  1.083247
-0.0017  1.081972
-0.0016  1.080809
-0.0015  1.079163
-0.0014  1.077629
-0.0013  1.075947
-0.0012  1.073893
-0.0011  1.070551
-0.0010  1.069793
-0.0009  1.068905
-0.0008  1.067918
-0.0007  1.066838
-0.0006  1.065197
-0.0005  1.063285
-0.0004  1.060083
-0.0003  1.058428
-0.0002  1.057337
-0.0001  1.056203
 0.0000  1.055054
 0.0001  1.053783
 0.0002  1.052407
 0.0003  1.050853
 0.0004  1.047122
 0.0005  1.045657
 0.0006  1.044820
 0.0007  1.043812
 0.0008  1.042764
 0.0009  1.041651
 0.0010  1.040266
 0.0011  1.038766
 0.0012  1.037066
 0.0013  1.034935
 0.0014  1.032747
 0.0015  1.031604
 0.0016  1.030418
 0.0017  1.029194
 0.0018  1.027913
 0.0019  1.026580
 0.0020  1.025194
 0.0021  1.023961
 0.0022  1.022692
 0.0023  1.021061
 0.0024  1.019328
 0.0025  1.018192
 0.0026  1.017017
 0.0027  1.015797
 0.0028  1.014577
 0.0029  1.013336
 0.0030  1.012034
 0.0031  1.010696
 0.0032  1.009319
 0.0033  1.007885
 0.0034  1.006270
 0.0035  1.005252
 0.0036  1.004171
 0.0037  1.003219
 0.0038  1.002110
 0.0039  1.000958
 0.0040  0.999759
 0.0041  0.998525
 0.0042  0.997302
 0.0043  0.996031
 0.0044  0.994546
 0.0045  0.993440
 0.0046  0.992400
 0.0047  0.991358
 0.0048  0.990358
 0.0049  0.989273
 0.0050  0.988124
 0.0051  0.986961
 0.0052  0.986138
 0.0053  0.985094
 0.0054  0.983931
 0.0055  0.982725
 0.0056  0.981839
 0.0057  0.980911
 0.0058  0.979976
 0.0059  0.979030
 0.0060  0.978076
 0.0061  0.977149
 0.0062  0.976130
 0.0063  0.975049
 0.0064  0.973929
 0.0065  0.972656
 0.0066  0.971692
 0.0067  0.971135
 0.0068  0.970330
 0.0069  0.969502
 0.0070  0.968668
 0.0071  0.967825
 0.0072  0.966960
 0.0073  0.966091
 0.0074  0.965232
 0.0075  0.964225
 0.0076  0.963164
 0.0077  0.962337
 0.0078  0.961505
 0.0079  0.960666
 0.0080  0.959822
 0.0081  0.959192
 0.0082  0.958642
 0.0083  0.957953
 0.0084  0.957240
 0.0085  0.956502
 0.0086  0.955581
 0.0087  0.954907
 0.0088  0.954213
 0.0089  0.953496
 0.0090  0.952774
 0.0091  0.952045
 0.0092  0.951303
 0.0093  0.950538
 0.0094  0.949759
 0.0095  0.948960
 0.0096  0.948588
 0.0097  0.947866
 0.0098  0.947360
 0.0099  0.946850
 0.0100  0.946335
 0.0101  0.945745
 0.0102  0.945148
 0.0103  0.944531
 0.0104  0.943897
 0.0105  0.943252
 0.0106  0.942587
 0.0107  0.941874
 0.0108  0.941072
 0.0109  0.940498
 0.0110  0.940425
 0.0111  0.940130
 0.0112  0.939789
 0.0113  0.939412
 0.0114  0.938971
 0.0115  0.938501
 0.0116  0.938009
 0.0117  0.937474
 0.0118  0.936880
 0.0119  0.936232
 0.0120  0.935771
 0.0121  0.935302
 0.0122  0.934829
 0.0123  0.934364
 0.0124  0.934487
 0.0125  0.934282
 0.0126  0.934003
 0.0127  0.933678
 0.0128  0.933311
 0.0129  0.932881
 0.0130  0.932405
 0.0131  0.932082
 0.0132  0.931754
 0.0133  0.931420
 0.0134  0.931068
 0.0135  0.930711
 0.0136  0.930348
 0.0137  0.930593
 0.0138  0.930594
 0.0139  0.930459
 0.0140  0.930237
 0.0141  0.929983
 0.0142  0.929858
 0.0143  0.929697
 0.0144  0.929512
 0.0145  0.929317
 0.0146  0.929117
 0.0147  0.928899
 0.0148  0.928665
 0.0149  0.928413
 0.0150  0.928899
 0.0151  0.929011
 0.0152  0.928935
 0.0153  0.928968
 0.0154  0.929007
 0.0155  0.929016
 0.0156  0.929013
 0.0157  0.928976
 0.0158  0.928933
 0.0159  0.928880
 0.0160  0.928801
 0.0161  0.928712
 0.0162  0.929146
 0.0163  0.929601
 0.0164  0.929987
 0.0165  0.930269
 0.0166  0.930525
 0.0167  0.930729
 0.0168  0.930926
 0.0169  0.931135
 0.0170  0.931308
 0.0171  0.931468
 0.0172  0.931605
 0.0173  0.931712
 0.0174  0.932513
 0.0175  0.933372
 0.0176  0.934033
 0.0177  0.934574
 0.0178  0.935084
 0.0179  0.935547
 0.0180  0.935964
 0.0181  0.936358
 0.0182  0.936778
 0.0183  0.937179
 0.0184  0.937569
 0.0185  0.938371
 0.0186  0.939926
 0.0187  0.941000
 0.0188  0.941957
 0.0189  0.942853
 0.0190  0.943719
 0.0191  0.944553
 0.0192  0.945389
 0.0193  0.946174
 0.0194  0.946965
 0.0195  0.947764
 0.0196  0.949881
 0.0197  0.951630
 0.0198  0.953239
 0.0199  0.954741
 0.0200  0.956205
 0.0201  0.957633
 0.0202  0.959051
 0.0203  0.960465
 0.0204  0.961905
 0.0205  0.963352
 0.0206  0.966684
 0.0207  0.969321
 0.0208  0.971648
 0.0209  0.974020
 0.0210  0.976429
 0.0211  0.978807
 0.0212  0.981281
 0.0213  0.983848
 0.0214  0.986413
 0.0215  0.991446
 0.0216  0.995930
 0.0217  1.000122
 0.0218  1.004232
 0.0219  1.008451
 0.0220  1.013011
 0.0221  1.017665
 0.0222  1.022764
 0.0223  1.031019
 0.0224  1.039497
 0.0225  1.047918
 0.0226  1.057034
 0.0227  1.066834
 0.0228  1.078114
 0.0229  1.090942
 0.0230  1.110824
 0.0231  1.134601
 0.0232  1.164773
 0.0233  1.209845
 0.0234  1.299224
 0.0235  1.362349
 0.0236  1.237057
 0.0237  1.151898
 0.0238  1.114354
 0.0239  1.085942
 0.0240  1.059411
 0.0241  1.042526
 0.0242  1.028372
 0.0243  1.009904
 0.0244  1.003273
 0.0245  0.987571
 0.0246  0.980201
 0.0247  0.967873
 0.0248  0.962256
 0.0249  0.951520
 0.0250  0.945914
 0.0251  0.940151
 0.0252  0.930362
 0.0253  0.926812
 0.0254  0.921735
 0.0255  0.913197
 0.0256  0.909929
 0.0257  0.906351
 0.0258  0.900768
 0.0259  0.894919
 0.0260  0.892177
 0.0261  0.888443
 0.0262  0.882975
 0.0263  0.878761
 0.0264  0.876195
 0.0265  0.872889
 0.0266  0.868938
 0.0267  0.864087
 0.0268  0.861893
 0.0269  0.859352
 0.0270  0.856506
 0.0271  0.853134
 0.0272  0.848891
 0.0273  0.846799
 0.0274  0.844673
 0.0275  0.842131
 0.0276  0.839310
 0.0277  0.834913
 0.0278  0.833122
 0.0279  0.831314
 0.0280  0.829246
 0.0281  0.827163
 0.0282  0.824429
 0.0283  0.820687
 0.0284  0.819112
 0.0285  0.817413
 0.0286  0.815642
 0.0287  0.813747
 0.0288  0.811545
 0.0289  0.808839
 0.0290  0.806200
 0.0291  0.804686
 0.0292  0.803108
 0.0293  0.801515
 0.0294  0.799728
 0.0295  0.797928
 0.0296  0.795657
 0.0297  0.792850
 0.0298  0.791489
 0.0299  0.790093
 0.0300  0.788708
 0.0301  0.787180
 0.0302  0.785647
 0.0303  0.783866
 0.0304  0.781800
 0.0305  0.779365
 0.0306  0.778161
 0.0307  0.776947
 0.0308  0.775621
 0.0309  0.774254
 0.0310  0.772825
 0.0311  0.771301
 0.0312  0.769705
 0.0313  0.767554
 0.0314  0.765884
 0.0315  0.764795
 0.0316  0.763628
 0.0317  0.762433
 0.0318  0.761227
 0.0319  0.759924
 0.0320  0.758574
 0.0321  0.757010
 0.0322  0.755352
 0.0323  0.753284
 0.0324  0.752292
 0.0325  0.751238
 0.0326  0.750169
 0.0327  0.749093
 0.0328  0.747960
 0.0329  0.746802
 0.0330  0.745578
 0.0331  0.744254
 0.0332  0.742768
 0.0333  0.740710
 0.0334  0.739769
 0.0335  0.738797
 0.0336  0.737818
 0.0337  0.736831
 0.0338  0.735794
 0.0339  0.734749
 0.0340  0.733674
 0.0341  0.732568
 0.0342  0.731390
 0.0343  0.730076
 0.0344  0.728144
 0.0345  0.727256
 0.0346  0.726359
 0.0347  0.725452
 0.0348  0.724489
 0.0349  0.723517
 0.0350  0.722583
 0.0351  0.721599
 0.0352  0.720584
 0.0353  0.719546
 0.0354  0.718422
 0.0355  0.717161
 0.0356  0.715486
 0.0357  0.714661
 0.0358  0.713835
 0.0359  0.712997
 0.0360  0.712135
 0.0361  0.711273
 0.0362  0.710395
 0.0363  0.709473
 0.0364  0.708547
 0.0365  0.707585
 0.0366  0.706579
 0.0367  0.705518
 0.0368  0.704335
 0.0369  0.702922
 0.0370  0.702190
 0.0371  0.701425
 0.0372  0.700638
 0.0373  0.699836
 0.0374  0.699026
 0.0375  0.698178
 0.0376  0.697327
 0.0377  0.696432
 0.0378  0.695555
 0.0379  0.694670
 0.0380  0.693726
 0.0381  0.692746
 0.0382  0.691558
 0.0383  0.690443
 0.0384  0.689713
 0.0385  0.688979
 0.0386  0.688243
 0.0387  0.687502
 0.0388  0.686738
 0.0389  0.685960
 0.0390  0.685181
 0.0391  0.684383
 0.0392  0.683576
 0.0393  0.682755
 0.0394  0.681879
 0.0395  0.680977
 0.0396  0.679992
 0.0397  0.678685
 0.0398  0.678045
 0.0399  0.677377
 0.0400  0.676690
