-0.0400  1.909554
-0.0399  1.914386
-0.0398  1.919245
-0.0397  1.931151
-0.0396  1.940557
-0.0395  1.948551
-0.0394  1.955977
-0.0393  1.963404
-0.0392  1.969889
-0.0391  1.978706
-0.0390  1.987932
-0.0389  1.995805
-0.0388  2.010056
-0.0387  2.021908
-0.0386  2.032809
-0.0385  2.047813
-0.0384  2.061404
-0.0383  2.073224
-0.0382  2.084697
-0.0381  2.105550
-0.0380  2.132930
-0.0379  2.156987
-0.0378  2.178889
-0.0377  2.198095
-0.0376  2.243543
-0.0375  2.297546
-0.0374  2.340812
-0.0373  2.415076
-0.0372  2.607143
-0.0371  2.665300
-0.0370  2.448250
-0.0369  2.360793
-0.0368  2.310060
-0.0367  2.257221
-0.0366  2.221032
-0.0365  2.194491
-0.0364  2.172401
-0.0363  2.138629
-0.0362  2.129434
-0.0361  2.109006
-0.0360  2.092699
-0.0359  2.076198
-0.0358  2.059858
-0.0357  2.050437
-0.0356  2.038264
-0.0355  2.028321
-0.0354  2.016251
-0.0353  2.000890
-0.0352  1.995707
-0.0351  1.988990
-0.0350  1.977041
-0.0349  1.972366
-0.0348  1.965993
-0.0347  1.951201
-0.0346  1.945825
-0.0345  1.940273
-0.0344  1.933235
-0.0343  1.926905
-0.0342  1.920680
-0.0341  1.911408
-0.0340  1.907241
-0.0339  1.900114
-0.0338  1.891976
-0.0337  1.889023
-0.0336  1.886839
-0.0335  1.880246
-0.0334  1.874472
-0.0333  1.870291
-0.0332  1.865222
-0.0331  1.856459
-0.0330  1.852244
-0.0329  1.847856
-0.0328  1.843215
-0.0327  1.838813
-0.0326  1.833972
-0.0325  1.829415
-0.0324  1.827013
-0.0323  1.822531
-0.0322  1.817109
-0.0321  1.814550
-0.0320  1.810247
-0.0319  1.803373
-0.0318  1.800595
-0.0317  1.798656
-0.0316  1.791483
-0.0315  1.787824
-0.0314  1.784351
-0.0313  1.781029
-0.0312  1.777190
-0.0311  1.774606
-0.0310  1.770191
-0.0309  1.768463
-0.0308  1.763574
-0.0307  1.757414
-0.0306  1.756696
-0.0305  1.753048
-0.0304  1.746372
-0.0303  1.744367
-0.0302  1.744035
-0.0301  1.738122
-0.0300  1.736002
-0.0299  1.734912
-0.0298  1.728896
-0.0297  1.724736
-0.0296  1.720952
-0.0295  1.717400
-0.0294  1.714296
-0.0293  1.710664
-0.0292  1.710800
-0.0291  1.708204
-0.0290  1.704117
-0.0289  1.703262
-0.0288  1.698788
-0.0287  1.691144
-0.0286  1.688973
-0.0285  1.686698
-0.0284  1.681419
-0.0283  1.681684
-0.0282  1.678565
-0.0281  1.677421
-0.0280  1.676276
-0.0279  1.671430
-0.0278  1.665949
-0.0277  1.661801
-0.0276  1.659431
-0.0275  1.655463
-0.0274  1.656729
-0.0273  1.653831
-0.0272  1.650740
-0.0271  1.646653
-0.0270  1.640530
-0.0269  1.643210
-0.0268  1.635512
-0.0267  1.637018
-0.0266  1.635576
-0.0265  1.632367
-0.0264  1.623505
-0.0263  1.626508
-0.0262  1.617369
-0.0261  1.621072
-0.0260  1.613439
-0.0259  1.609248
-0.0258  1.611626
-0.0257  1.601964
-0.0256  1.601368
-0.0255  1.603528
-0.0254  1.590758
-0.0253  1.600215
-0.0252  1.402373
-0.0251  1.022155
-0.0250  1.020820
-0.0249  1.019918
-0.0248  1.018978
-0.0247  1.018134
-0.0246  1.017828
-0.0245  1.016973
-0.0244  1.016076
-0.0243  1.014062
-0.0242  1.013706
-0.0241  1.013701
-0.0240  1.013443
-0.0239  1.012398
-0.0238  1.011126
-0.0237  1.008890
-0.0236  1.006748
-0.0235  1.005661
-0.0234  1.005013
-0.0233  1.004964
-0.0232  1.004726
-0.0231  1.009217
-0.0230  1.007817
-0.0229  1.001776
-0.0228  0.997048
-0.0227  0.992271
-0.0226  0.990830
-0.0225  0.986816
-0.0224  0.959759
-0.0223  0.959129
-0.0222  0.960171
-0.0221  0.961201
-0.0220  0.962160
-0.0219  0.963122
-0.0218  0.963960
-0.0217  0.964723
-0.0216  0.965479
-0.0215  0.966204
-0.0214  0.966908
-0.0213  0.968623
-0.0212  0.969989
-0.0211  0.971093
-0.0210  0.972310
-0.0209  0.973394
-0.0208  0.974417
-0.0207  0.975361
-0.0206  0.976291
-0.0205  0.977200
-0.0204  0.978068
-0.0203  0.979456
-0.0202  0.981383
-0.0201  0.982822
-0.0200  0.984180
-0.0199  1.061556
-0.0198  1.031832
-0.0197  1.043231
-0.0196  1.056938
-0.0195  1.060777
-0.0194  1.071043
-0.0193  1.085471
-0.0192  1.085954
-0.0191  1.086615
-0.0190  1.096348
-0.0189  1.106771
-0.0188  1.111502
-0.0187  1.113912
-0.0186  1.119607
-0.0185  1.130510
-0.0184  1.138039
-0.0183  1.138959
-0.0182  1.143922
-0.0181  1.150508
-0.0180  1.158034
-0.0179  1.163905
-0.0178  1.165822
-0.0177  1.169457
-0.0176  1.176518
-0.0175  1.182295
-0.0174  1.188920
-0.0173  1.193734
-0.0172  1.199279
-0.0171  1.204570
-0.0170  1.209774
-0.0169  1.215881
-0.0168  1.219444
-0.0167  1.223404
-0.0166  1.228182
-0.0165  1.234877
-0.0164  1.241807
-0.0163  1.248170
-0.0162  1.252530
-0.0161  1.257001
-0.0160  1.261923
-0.0159  1.267292
-0.0158  1.272707
-0.0157  1.279566
-0.0156  1.285657
-0.0155  1.292311
-0.0154  1.298745
-0.0153  1.305031
-0.0152  1.310404
-0.0151  1.315973
-0.0150  1.321150
-0.0149  1.329643
-0.0148  1.336228
-0.0147  1.343202
-0.0146  1.350935
-0.0145  1.357821
-0.0144  1.364160
-0.0143  1.371937
-0.0142  1.381829
-0.0141  1.389066
-0.0140  1.396703
-0.0139  1.406874
-0.0138  1.415348
-0.0137  1.424049
-0.0136  1.436730
-0.0135  1.446568
-0.0134  1.454847
-0.0133  1.467802
-0.0132  1.478902
-0.0131  1.496944
-0.0130  1.509148
-0.0129  1.520532
-0.0128  1.540552
-0.0127  1.567219
-0.0126  1.586893
-0.0125  1.602553
-0.0124  1.650677
-0.0123  1.689702
-0.0122  1.755358
-0.0121  2.059784
-0.0120  1.809111
-0.0119  1.739728
-0.0118  1.680047
-0.0117  1.655188
-0.0116  1.639062
-0.0115  1.620946
-0.0114  1.606383
-0.0113  1.593986
-0.0112  1.587440
-0.0111  1.580725
-0.0110  1.572766
-0.0109  1.565664
-0.0108  1.562214
-0.0107  1.556873
-0.0106  1.553126
-0.0105  1.549745
-0.0104  1.545864
-0.0103  1.541401
-0.0102  1.540376
-0.0101  1.539062
-0.0100  1.537682
-0.0099  1.536195
-0.0098  1.534559
-0.0097  1.532665
-0.0096  1.530757
-0.0095  1.531500
-0.0094  1.531398
-0.0093  1.530839
-0.0092  1.530235
-0.0091  1.529962
-0.0090  1.529284
-0.0089  1.528283
-0.0088  1.529124
-0.0087  1.529814
-0.0086  1.530136
-0.0085  1.530251
-0.0084  1.530737
-0.0083  1.531265
-0.0082  1.532105
-0.0081  1.534754
-0.0080  1.536144
-0.0079  1.537128
-0.0078  1.537377
-0.0077  1.537491
-0.0076  1.537259
-0.0075  1.537797
-0.0074  1.540500
-0.0073  1.543204
-0.0072  1.544626
-0.0071  1.546060
-0.0070  1.548485
-0.0069  1.550545
-0.0068  1.552016
-0.0067  1.553429
-0.0066  1.555291
-0.0065  1.557602
-0.0064  1.559633
-0.0063  1.560850
-0.0062  1.562411
-0.0061  1.566121
-0.0060  1.568253
-0.0059  1.570567
-0.0058  1.573289
-0.0057  1.577546
-0.0056  1.580772
-0.0055  1.581930
-0.0054  1.584407
-0.0053  1.588157
-0.0052  1.590102
-0.0051  1.592100
-0.0050  1.594381
-0.0049  1.597197
-0.0048  1.603206
-0.0047  1.607062
-0.0046  1.612310
-0.0045  1.615414
-0.0044  1.616753
-0.0043  1.619233
-0.0042  1.623203
-0.0041  1.630851
-0.0040  1.633355
-0.0039  1.636188
-0.0038  1.640048
-0.0037  1.643419
-0.0036  1.648958
-0.0035  1.655132
-0.0034  1.662041
-0.0033  1.664478
-0.0032  1.668294
-0.0031  1.670995
-0.0030  1.675468
-0.0029  1.682855
-0.0028  1.692289
-0.0027  1.700019
-0.0026  1.703494
-0.0025  1.706369
-0.0024  1.709570
-0.0023  1.720578
-0.0022  1.727477
-0.0021  1.729878
-0.0020  1.735329
-0.0019  1.743255
-0.0018  1.760373
-0.0017  1.763250
-0.0016  1.766378
-0.0015  1.771193
-0.0014  1.786039
-0.0013  1.786398
-0.0012  1.796902
-0.0011  1.822608
-0.0010  1.819430
-0.0009  1.829502
-0.0008  1.830170
-0.0007  1.867724
-0.0006  1.907971
-0.0005  1.681854
-0.0004  1.695298
-0.0003  1.703363
-0.0002  1.708703
-0.0001  1.720972
 0.0000  1.734904
 0.0001  1.759599
 0.0002  1.762982
 0.0003  1.767487
 0.0004  1.780177
 0.0005  1.796747
 0.0006  1.814028
 0.0007  1.817182
 0.0008  1.817174
 0.0009  1.835095
 0.0010  1.836547
 0.0011  1.820058
 0.0012  1.821997
 0.0013  1.829338
 0.0014  1.759884
 0.0015  1.716233
 0.0016  1.707307
 0.0017  1.647775
 0.0018  1.586948
 0.0019  1.556404
 0.0020  1.509098
 0.0021  1.483957
 0.0022  1.445304
 0.0023  1.404372
 0.0024  1.370233
 0.0025  1.352698
 0.0026  1.321859
 0.0027  1.304626
 0.0028  1.282294
 0.0029  1.265820
 0.0030  1.247197
 0.0031  1.235037
 0.0032  1.215739
 0.0033  1.206208
 0.0034  1.185614
 0.0035  1.176354
 0.0036  1.168010
 0.0037  1.150750
 0.0038  1.145054
 0.0039  1.139123
 0.0040  1.128888
 0.0041  1.118553
 0.0042  1.112232
 0.0043  1.105297
 0.0044  1.095432
 0.0045  1.085901
 0.0046  1.081860
 0.0047  1.077281
 0.0048  1.072334
 0.0049  1.065935
 0.0050  1.055453
 0.0051  1.051342
 0.0052  1.047809
 0.0053  1.043824
 0.0054  1.039466
 0.0055  1.034660
 0.0056  1.029723
 0.0057  1.025297
 0.0058  1.021107
 0.0059  1.017287
 0.0060  1.013563
 0.0061  1.009844
 0.0062  1.006173
 0.0063  1.002602
 0.0064  0.999115
 0.0065  0.995720
 0.0066  0.992464
 0.0067  0.989780
 0.0068  0.987248
 0.0069  0.984446
 0.0070  0.981757
 0.0071  0.979204
 0.0072  0.976667
 0.0073  0.974191
 0.0074  0.971748
 0.0075  0.969360
 0.0076  0.966993
 0.0077  0.964671
 0.0078  0.962391
 0.0079  0.960115
 0.0080  0.957856
 0.0081  0.955606
 0.0082  0.954385
 0.0083  0.953001
 0.0084  0.951464
 0.0085  0.949867
 0.0086  0.948278
 0.0087  0.946665
 0.0088  0.945051
 0.0089  0.943449
 0.0090  0.941854
 0.0091  0.940211
 0.0092  0.938555
 0.0093  0.936789
 0.0094  0.935319
 0.0095  0.933901
 0.0096  0.933436
 0.0097  0.932830
 0.0098  0.931965
 0.0099  0.931016
 0.0100  0.930043
 0.0101  0.929011
 0.0102  0.927982
 0.0103  0.926923
 0.0104  0.925806
 0.0105  0.924612
 0.0106  0.923634
 0.0107  0.922640
 0.0108  0.921679
 0.0109  0.921239
 0.0110  0.921708
 0.0111  0.921498
 0.0112  0.921122
 0.0113  0.920652
 0.0114  0.920118
 0.0115  0.919538
 0.0116  0.918899
 0.0117  0.918156
 0.0118  0.917566
 0.0119  0.916955
 0.0120  0.916416
 0.0121  0.915812
 0.0122  0.916932
 0.0123  0.917441
 0.0124  0.917638
 0.0125  0.917681
 0.0126  0.917640
 0.0127  0.917526
 0.0128  0.917323
 0.0129  0.917027
 0.0130  0.916871
 0.0131  0.916654
 0.0132  0.916500
 0.0133  0.917026
 0.0134  0.919044
 0.0135  0.919973
 0.0136  0.920637
 0.0137  0.921142
 0.0138  0.921648
 0.0139  0.921990
 0.0140  0.922254
 0.0141  0.922422
 0.0142  0.922676
 0.0143  0.922898
 0.0144  0.925834
 0.0145  0.927857
 0.0146  0.929326
 0.0147  0.930595
 0.0148  0.931617
 0.0149  0.932590
 0.0150  0.933408
 0.0151  0.934212
 0.0152  0.934974
 0.0153  0.937409
 0.0154  0.941375
 0.0155  0.943956
 0.0156  0.946080
 0.0157  0.948025
 0.0158  0.949814
 0.0159  0.951527
 0.0160  0.953164
 0.0161  0.954696
 0.0162  0.962016
 0.0163  0.966154
 0.0164  0.969604
 0.0165  0.972616
 0.0166  0.975500
 0.0167  0.978234
 0.0168  0.980939
 0.0169  0.990910
 0.0170  0.997383
 0.0171  1.002890
 0.0172  1.007681
 0.0173  1.012317
 0.0174  1.016629
 0.0175  1.031439
 0.0176  1.041088
 0.0177  1.049148
 0.0178  1.056516
 0.0179  1.063835
 0.0180  1.087072
 0.0181  1.101520
 0.0182  1.114110
 0.0183  1.133001
 0.0184  1.164779
 0.0185  1.187463
 0.0186  1.224577
 0.0187  1.273187
 0.0188  1.323728
 0.0189  1.427156
 0.0190  1.638488
 0.0191  1.708737
 0.0192  1.473980
 0.0193  1.377502
 0.0194  1.321288
 0.0195  1.271698
 0.0196  1.237728
 0.0197  1.201286
 0.0198  1.174079
 0.0199  1.168090
 0.0200  1.139496
 0.0201  1.114898
 0.0202  1.126042
 0.0203  1.113006
 0.0204  0.855335
 0.0205  0.849561
 0.0206  0.846768
 0.0207  0.843371
 0.0208  0.838910
 0.0209  0.829412
 0.0210  0.823251
 0.0211  0.821120
 0.0212  0.818578
 0.0213  0.815722
 0.0214  0.812127
 0.0215  0.805848
 0.0216  0.799188
 0.0217  0.797382
 0.0218  0.795509
 0.0219  0.793405
 0.0220  0.791014
 0.0221  0.788218
 0.0222  0.784235
 0.0223  0.777463
 0.0224  0.775997
 0.0225  0.774504
 0.0226  0.772815
 0.0227  0.771013
 0.0228  0.768882
 0.0229  0.766641
 0.0230  0.763931
 0.0231  0.758213
 0.0232  0.756053
 0.0233  0.754765
 0.0234  0.753397
 0.0235  0.751961
 0.0236  0.750390
 0.0237  0.748730
 0.0238  0.746981
 0.0239  0.745001
 0.0240  0.742378
 0.0241  0.737332
 0.0242  0.736232
 0.0243  0.735128
 0.0244  0.733942
 0.0245  0.732739
 0.0246  0.731483
 0.0247  0.730130
 0.0248  0.728741
 0.0249  0.727206
 0.0250  0.725505
 0.0251  0.723439
 0.0252  0.719632
 0.0253  0.718114
 0.0254  0.717142
 0.0255  0.716132
 0.0256  0.715107
 0.0257  0.714047
 0.0258  0.712921
 0.0259  0.711785
 0.0260  0.710554
 0.0261  0.709287
 0.0262  0.707845
 0.0263  0.706201
 0.0264  0.704150
 0.0265  0.701210
 0.0266  0.700269
 0.0267  0.699379
 0.0268  0.698483
 0.0269  0.697566
 0.0270  0.696595
 0.0271  0.695616
 0.0272  0.694610
 0.0273  0.693560
 0.0274  0.692476
 0.0275  0.691293
 0.0276  0.690010
 0.0277  0.688543
 0.0278  0.686829
 0.0279  0.684590
 0.0280  0.683784
 0.0281  0.682995
 0.0282  0.682225
 0.0283  0.681415
 0.0284  0.680585
 0.0285  0.679724
 0.0286  0.678828
 0.0287  0.677896
 0.0288  0.676923
 0.0289  0.675857
 0.0290  0.674830
 0.0291  0.673721
 0.0292  0.672584
 0.0293  0.671206
 0.0294  0.669077
 0.0295  0.668353
 0.0296  0.667624
 0.0297  0.666868
 0.0298  0.666090
 0.0299  0.665302
 0.0300  0.664498
 0.0301  0.663640
 0.0302  0.662842
 0.0303  0.662013
 0.0304  0.661160
 0.0305  0.660331
 0.0306  0.659457
 0.0307  0.658567
 0.0308  0.657601
 0.0309  0.656556
 0.0310  0.655346
 0.0311  0.653808
 0.0312  0.653104
 0.0313  0.652381
 0.0314  0.651698
 0.0315  0.651004
 0.0316  0.650279
 0.0317  0.649584
 0.0318  0.648879
 0.0319  0.648162
 0.0320  0.647390
 0.0321  0.646608
 0.0322  0.645809
 0.0323  0.645004
 0.0324  0.644170
 0.0325  0.643339
 0.0326  0.642497
 0.0327  0.641591
 0.0328  0.640541
 0.0329  0.639150
 0.0330  0.638531
 0.0331  0.637906
 0.0332  0.637275
 0.0333  0.636632
 0.0334  0.635976
 0.0335  0.635300
 0.0336  0.634591
 0.0337  0.633938
 0.0338  0.633276
 0.0339  0.632641
 0.0340  0.632001
 0.0341  0.631327
 0.0342  0.630667
 0.0343  0.629958
 0.0344  0.629228
 0.0345  0.628457
 0.0346  0.627633
 0.0347  0.626698
 0.0348  0.625368
 0.0349  0.624789
 0.0350  0.624175
 0.0351  0.623546
 0.0352  0.622964
 0.0353  0.622366
 0.0354  0.621764
 0.0355  0.621174
 0.0356  0.620569
 0.0357  0.619959
 0.0358  0.619331
 0.0359  0.618670
 0.0360  0.618062
 0.0361  0.617450
 0.0362  0.616820
 0.0363  0.616186
 0.0364  0.615524
 0.0365  0.614846
 0.0366  0.614122
 0.0367  0.613364
 0.0368  0.612525
 0.0369  0.611610
 0.0370  0.611025
 0.0371  0.610505
 0.0372  0.609979
 0.0373  0.609451
 0.0374  0.608922
 0.0375  0.608376
 0.0376  0.607819
 0.0377  0.607233
 0.0378  0.606624
 0.0379  0.606009
 0.0380  0.605398
 0.0381  0.604780
 0.0382  0.604224
 0.0383  0.603666
 0.0384  0.603089
 0.0385  0.602504
 0.0386  0.601904
 0.0387  0.601291
 0.0388  0.600639
 0.0389  0.599942
 0.0390  0.599058
 0.0391  0.598390
 0.0392  0.597816
 0.0393  0.597314
 0.0394  0.596811
 0.0395  0.596303
 0.0396  0.595793
 0.0397  0.595315
 0.0398  0.594846
 0.0399  0.594371
 0.0400  0.593879
