-0.400  0.000000
-0.399  0.000000
-0.398  0.000000
-0.397  0.000000
-0.396  0.000000
-0.395  0.000000
-0.394  0.000000
-0.393  0.000000
-0.392  0.000000
-0.391  0.000000
-0.390  0.000000
-0.389  0.000000
-0.388  0.000000
-0.387  0.000000
-0.386  0.000000
-0.385  0.000000
-0.384  0.000000
-0.383  0.000000
-0.382  0.000000
-0.381  0.000000
-0.380  0.000000
-0.379  0.000000
-0.378  0.000000
-0.377  0.000000
-0.376  0.000000
-0.375  0.000000
-0.374  0.000000
-0.373  0.000000
-0.372  0.000000
-0.371  0.000000
-0.370  0.000000
-0.369  0.000000
-0.368  0.000000
-0.367  0.000000
-0.366  0.000000
-0.365  0.000000
-0.364  0.000000
-0.363  0.000000
-0.362  0.000000
-0.361  0.000000
-0.360  0.000000
-0.359  0.000000
-0.358  0.000000
-0.357  0.000000
-0.356  0.000000
-0.355  0.000000
-0.354  0.000000
-0.353  0.000000
-0.352  0.000000
-0.351  0.000000
-0.350  0.000000
-0.349  0.000000
-0.348  0.000000
-0.347  0.000000
-0.346  0.000000
-0.345  0.000000
-0.344  0.000000
-0.343  0.000000
-0.342  0.000000
-0.341  0.000000
-0.340  0.000000
-0.339  0.000000
-0.338  0.000000
-0.337  0.000000
-0.336  0.000000
-0.335  0.000000
-0.334  0.000000
-0.333  0.000000
-0.332  0.000000
-0.331  0.000000
-0.330  0.000000
-0.329  0.000000
-0.328  0.000000
-0.327  0.000000
-0.326  0.000000
-0.325  0.000000
-0.324  0.000000
-0.323  0.000000
-0.322  0.000000
-0.321  0.000000
-0.320  0.000000
-0.319  0.000000
-0.318  0.000000
-0.317  0.000000
-0.316  0.000000
-0.315  0.000000
-0.314  0.000000
-0.313  0.000000
-0.312  0.000000
-0.311  0.000000
-0.310  0.000000
-0.309  0.000000
-0.308  0.000000
-0.307  0.000000
-0.306  0.000000
-0.305  0.000000
-0.304  0.000000
-0.303  0.000000
-0.302  0.000000
-0.301  0.000000
-0.300  0.000000
-0.299  0.000000
-0.298  0.000000
-0.297  0.000000
-0.296  0.000000
-0.295  0.000000
-0.294  0.000000
-0.293  0.000000
-0.292  0.000000
-0.291  0.000000
-0.290  0.000000
-0.289  0.000000
-0.288  0.000000
-0.287  0.000000
-0.286  0.000000
-0.285  0.000000
-0.284  0.000000
-0.283  0.000000
-0.282  0.000000
-0.281  0.000000
-0.280  0.000000
-0.279  0.000000
-0.278  0.000000
-0.277  0.000000
-0.276  0.000000
-0.275  0.000000
-0.274  0.000000
-0.273  0.000000
-0.272  0.000000
-0.271  0.000000
-0.270  0.000000
-0.269  0.000000
-0.268  0.000000
-0.267  0.000000
-0.266  0.000000
-0.265  2.331707
-0.264  1.220846
-0.263  1.042621
-0.262  0.948543
-0.261  0.888850
-0.260  0.847552
-0.259  0.815684
-0.258  0.794382
-0.257  0.773979
-0.256  0.759040
-0.255  0.747524
-0.254  0.739708
-0.253  0.731228
-0.252  0.724443
-0.251  0.721522
-0.250  0.716704
-0.249  0.715487
-0.248  0.862161
-0.247  0.897220
-0.246  0.949414
-0.245  1.023171
-0.244  1.111477
-0.243  1.169504
-0.242  1.179485
-0.241  1.171503
-0.240  1.157613
-0.239  1.142533
-0.238  1.134179
-0.237  1.124328
-0.236  1.118234
-0.235  1.114630
-0.234  1.112607
-0.233  1.815217
-0.232  1.378149
-0.231  1.346814
-0.230  1.340946
-0.229  1.340683
-0.228  1.347096
-0.227  1.356171
-0.226  1.366413
-0.225  1.379123
-0.224  1.392851
-0.223  1.405886
-0.222  1.421167
-0.221  1.436800
-0.220  1.656092
-0.219  1.673572
-0.218  1.690772
-0.217  1.708613
-0.216  1.725906
-0.215  1.747302
-0.214  1.765076
-0.213  1.786070
-0.212  1.806567
-0.211  1.830363
-0.210  1.851244
-0.209  1.874802
-0.208  1.899233
-0.207  1.924238
-0.206  1.950375
-0.205  1.977993
-0.204  2.007183
-0.203  2.037013
-0.202  2.068230
-0.201  2.101643
-0.200  2.136009
-0.199  2.172437
-0.198  2.213138
-0.197  2.254642
-0.196  2.297283
-0.195  2.345133
-0.194  2.395417
-0.193  2.450011
-0.192  2.509070
-0.191  2.573051
-0.190  2.644125
-0.189  2.723284
-0.188  2.811809
-0.187  2.912539
-0.186  3.030347
-0.185  3.171342
-0.184  3.343223
-0.183  3.567395
-0.182  3.886483
-0.181  4.443940
-0.180  6.177583
-0.179  4.377540
-0.178  3.933935
-0.177  3.674848
-0.176  3.493564
-0.175  3.354208
-0.174  3.242401
-0.173  3.149037
-0.172  3.070551
-0.171  3.000772
-0.170  2.940703
-0.169  2.885741
-0.168  2.835375
-0.167  2.792075
-0.166  2.751344
-0.165  2.713164
-0.164  2.678524
-0.163  2.645099
-0.162  2.613776
-0.161  2.584905
-0.160  2.557056
-0.159  2.531030
-0.158  2.505569
-0.157  2.483707
-0.156  2.457138
-0.155  2.257836
-0.154  2.248900
-0.153  2.240881
-0.152  2.233179
-0.151  2.225202
-0.150  2.217494
-0.149  2.210114
-0.148  2.203650
-0.147  2.197184
-0.146  2.190611
-0.145  2.184475
-0.144  2.178960
-0.143  2.173886
-0.142  2.168695
-0.141  2.163475
-0.140  2.159425
-0.139  2.155185
-0.138  2.150991
-0.137  2.147207
-0.136  2.144088
-0.135  2.142522
-0.134  2.139515
-0.133  2.137413
-0.132  2.134985
-0.131  2.133904
-0.130  2.135741
-0.129  2.135223
-0.128  2.135545
-0.127  2.138027
-0.126  2.141500
-0.125  2.147689
-0.124  2.154788
-0.123  2.167217
-0.122  2.186267
-0.121  2.221146
-0.120  2.345071
-0.119  2.229520
-0.118  2.095280
-0.117  1.870138
-0.116  1.855865
-0.115  1.845499
-0.114  1.837386
-0.113  1.831512
-0.112  1.826436
-0.111  1.868655
-0.110  1.876218
-0.109  1.883586
-0.108  1.891589
-0.107  1.900196
-0.106  1.910581
-0.105  1.920465
-0.104  1.932157
-0.103  1.944680
-0.102  1.959057
-0.101  1.973303
-0.100  1.991320
-0.099  2.010906
-0.098  2.034328
-0.097  2.061594
-0.096  2.098643
-0.095  2.155978
-0.094  2.339101
-0.093  2.177295
-0.092  2.145672
-0.091  2.137785
-0.090  2.137316
-0.089  2.138199
-0.088  2.144591
-0.087  2.153919
-0.086  2.164385
-0.085  2.178145
-0.084  2.196401
-0.083  2.218036
-0.082  2.242917
-0.081  2.274062
-0.080  2.309182
-0.079  2.357639
-0.078  2.417314
-0.077  2.501567
-0.076  2.626205
-0.075  2.870888
-0.074  3.026896
-0.073  1.783177
-0.072  1.763638
-0.071  1.771654
-0.070  1.789043
-0.069  1.811301
-0.068  1.837266
-0.067  1.867436
-0.066  1.903146
-0.065  1.944835
-0.064  1.993995
-0.063  2.052656
-0.062  2.124351
-0.061  2.216030
-0.060  2.340112
-0.059  2.506610
-0.058  2.769651
-0.057  3.324613
-0.056  6.568198
-0.055  2.242096
-0.054  1.780845
-0.053  1.571580
-0.052  1.450405
-0.051  1.369924
-0.050  0.819481
-0.049  0.823743
-0.048  0.827511
-0.047  0.832088
-0.046  0.836538
-0.045  0.840710
-0.044  0.845485
-0.043  0.850354
-0.042  0.854991
-0.041  0.860021
-0.040  0.865314
-0.039  0.870522
-0.038  0.875698
-0.037  0.881661
-0.036  0.887637
-0.035  0.893487
-0.034  0.899678
-0.033  0.906628
-0.032  0.913487
-0.031  0.920633
-0.030  0.927804
-0.029  0.936002
-0.028  0.944695
-0.027  0.953868
-0.026  0.963203
-0.025  0.973400
-0.024  0.984293
-0.023  0.996057
-0.022  1.008809
-0.021  1.022969
-0.020  1.038869
-0.019  1.056801
-0.018  1.076882
-0.017  1.100388
-0.016  1.127070
-0.015  1.160546
-0.014  1.202461
-0.013  1.258585
-0.012  1.341396
-0.011  1.502986
-0.010  2.256015
-0.009  1.760132
-0.008  1.596382
-0.007  1.513767
-0.006  1.458396
-0.005  1.413898
-0.004  1.319278
-0.003  1.135080
-0.002  1.130708
-0.001  1.130601
 0.000  1.134697
 0.001  1.145353
 0.002  1.172592
 0.003  1.259756
 0.004  1.204221
 0.005  1.137338
 0.006  1.096344
 0.007  1.065290
 0.008  1.038683
 0.009  1.015959
 0.010  0.994462
 0.011  0.976253
 0.012  0.959012
 0.013  0.942991
 0.014  0.928192
 0.015  0.914197
 0.016  0.900981
 0.017  0.888386
 0.018  0.877298
 0.019  0.866370
 0.020  0.855525
 0.021  0.844866
 0.022  0.836063
 0.023  0.826488
 0.024  0.816895
 0.025  0.809114
 0.026  0.800117
 0.027  0.791969
 0.028  0.783818
 0.029  0.775797
 0.030  0.768899
 0.031  0.761530
 0.032  0.754666
 0.033  0.747398
 0.034  0.740965
 0.035  0.733780
 0.036  0.728340
 0.037  0.721781
 0.038  0.715844
 0.039  0.709695
 0.040  0.704262
 0.041  0.698584
 0.042  0.693231
 0.043  0.687823
 0.044  0.682396
 0.045  0.677691
 0.046  0.672416
 0.047  0.667855
 0.048  0.663067
 0.049  0.658610
 0.050  0.654361
 0.051  0.649991
 0.052  0.646055
 0.053  0.642027
 0.054  0.638513
 0.055  0.635057
 0.056  0.631746
 0.057  0.628915
 0.058  0.626071
 0.059  0.623845
 0.060  0.622048
 0.061  0.620657
 0.062  0.620114
 0.063  0.620275
 0.064  0.622173
 0.065  0.878288
 0.066  0.909448
 0.067  0.922684
 0.068  0.940215
 0.069  0.965458
 0.070  0.989046
 0.071  1.017064
 0.072  1.048574
 0.073  1.083100
 0.074  1.128726
 0.075  1.177259
 0.076  1.253056
 0.077  1.372205
 0.078  1.663560
 0.079  1.489675
 0.080  1.301821
 0.081  1.202670
 0.082  1.041432
 0.083  0.993515
 0.084  0.956653
 0.085  0.928317
 0.086  0.900523
 0.087  0.879556
 0.088  0.860676
 0.089  0.845332
 0.090  0.829192
 0.091  0.817293
 0.092  0.804960
 0.093  0.795495
 0.094  0.785301
 0.095  0.778398
 0.096  0.771311
 0.097  0.767462
 0.098  0.765374
 0.099  0.766110
 0.100  0.772714
 0.101  1.211747
 0.102  1.420727
 0.103  3.388608
 0.104  2.155236
 0.105  1.830477
 0.106  1.644706
 0.107  1.506841
 0.108  1.424147
 0.109  1.361016
 0.110  1.239322
 0.111  0.761615
 0.112  0.734098
 0.113  0.721163
 0.114  0.929538
 0.115  1.001562
 0.116  0.988379
 0.117  0.990731
 0.118  0.999285
 0.119  1.007839
 0.120  1.025335
 0.121  1.037956
 0.122  1.059926
 0.123  1.091176
 0.124  1.132836
 0.125  1.181827
 0.126  1.292723
 0.127  1.300061
 0.128  1.230886
 0.129  1.201354
 0.130  1.184999
 0.131  1.173864
 0.132  1.163221
 0.133  1.155842
 0.134  1.148875
 0.135  1.142910
 0.136  1.138662
 0.137  1.132776
 0.138  1.128815
 0.139  1.125227
 0.140  1.120400
 0.141  1.118117
 0.142  1.114115
 0.143  1.111930
 0.144  1.109828
 0.145  1.108512
 0.146  1.108540
 0.147  1.107356
 0.148  1.107825
 0.149  1.108879
 0.150  1.109848
 0.151  1.113126
 0.152  1.115712
 0.153  1.121332
 0.154  1.127136
 0.155  1.137000
 0.156  1.149201
 0.157  1.170079
 0.158  1.211814
 0.159  1.487789
 0.160  1.195958
 0.161  1.137004
 0.162  1.106265
 0.163  1.077874
 0.164  1.054848
 0.165  1.037815
 0.166  1.019570
 0.167  1.003029
 0.168  0.989888
 0.169  0.974700
 0.170  0.962912
 0.171  0.951164
 0.172  0.938527
 0.173  0.929021
 0.174  0.916795
 0.175  0.906803
 0.176  0.895612
 0.177  0.886035
 0.178  0.876427
 0.179  0.866327
 0.180  0.858373
 0.181  0.846536
 0.182  0.839965
 0.183  0.830626
 0.184  0.892445
 0.185  0.897904
 0.186  0.891469
 0.187  0.887869
 0.188  0.887307
 0.189  0.882815
 0.190  0.882099
 0.191  0.877057
 0.192  0.874053
 0.193  0.871850
 0.194  0.867187
 0.195  0.866267
 0.196  0.862215
 0.197  0.860706
 0.198  0.855257
 0.199  0.854079
 0.200  0.851444
 0.201  0.845400
 0.202  0.846293
 0.203  0.843232
 0.204  0.840218
 0.205  0.835986
 0.206  0.834441
 0.207  0.831477
 0.208  0.832808
 0.209  0.798253
 0.210  0.785349
 0.211  0.793659
 0.212  0.797979
 0.213  0.803484
 0.214  0.813512
 0.215  0.820955
 0.216  0.831453
 0.217  0.746888
 0.218  0.781523
 0.219  0.827070
 0.220  0.776289
 0.221  0.758267
 0.222  0.745372
 0.223  0.738655
 0.224  0.735939
 0.225  0.729332
 0.226  0.725231
 0.227  0.726159
 0.228  0.723861
 0.229  0.721481
 0.230  0.720107
 0.231  0.722595
 0.232  0.720492
 0.233  0.724665
 0.234  0.731377
 0.235  0.742760
 0.236  0.830646
 0.237  0.853772
 0.238  0.891084
 0.239  0.975733
 0.240  1.022545
 0.241  0.930001
 0.242  0.482766
 0.243  0.488539
 0.244  0.483129
 0.245  0.482759
 0.246  0.486411
 0.247  0.492071
 0.248  0.494231
 0.249  0.500989
 0.250  0.513283
 0.251  0.516178
 0.252  0.522484
 0.253  0.532604
 0.254  0.547356
 0.255  0.557932
 0.256  0.568472
 0.257  0.729762
 0.258  0.785963
 0.259  0.847800
 0.260  0.958918
 0.261  1.467576
 0.262  1.002912
 0.263  0.923046
 0.264  0.880232
 0.265  0.852139
 0.266  0.831332
 0.267  0.815341
 0.268  0.802619
 0.269  0.791427
 0.270  0.782358
 0.271  0.774150
 0.272  0.766868
 0.273  0.760765
 0.274  0.754736
 0.275  0.749398
 0.276  0.744562
 0.277  0.739845
 0.278  0.735727
 0.279  0.731432
 0.280  0.727683
 0.281  0.724227
 0.282  0.720458
 0.283  0.717516
 0.284  0.713994
 0.285  0.710971
 0.286  0.708244
 0.287  0.705176
 0.288  0.702565
 0.289  0.699783
 0.290  0.697056
 0.291  0.694770
 0.292  0.692037
 0.293  0.689984
 0.294  0.687271
 0.295  0.684973
 0.296  0.683009
 0.297  0.680539
 0.298  0.678621
 0.299  0.676250
 0.300  0.674103
 0.301  0.671996
 0.302  0.670101
 0.303  0.668212
 0.304  0.666114
 0.305  0.664048
 0.306  0.662227
 0.307  0.660266
 0.308  0.658649
 0.309  0.656704
 0.310  0.654768
 0.311  0.653023
 0.312  0.651281
 0.313  0.649636
 0.314  0.647844
 0.315  0.646078
 0.316  0.644349
 0.317  0.642738
 0.318  0.641010
 0.319  0.639491
 0.320  0.637774
 0.321  0.636189
 0.322  0.634599
 0.323  0.632883
 0.324  0.631486
 0.325  0.629914
 0.326  0.628372
 0.327  0.626671
 0.328  0.625286
 0.329  0.623736
 0.330  0.622135
 0.331  0.620867
 0.332  0.619065
 0.333  0.617935
 0.334  0.616382
 0.335  0.615054
 0.336  0.613612
 0.337  0.612109
 0.338  0.610774
 0.339  0.609329
 0.340  0.608064
 0.341  0.606538
 0.342  0.605288
 0.343  0.603964
 0.344  0.602364
 0.345  0.601291
 0.346  0.599529
 0.347  0.598604
 0.348  0.597216
 0.349  0.596026
 0.350  0.594643
 0.351  0.593419
 0.352  0.592151
 0.353  0.590539
 0.354  0.589705
 0.355  0.587985
 0.356  0.587105
 0.357  0.585802
 0.358  0.584698
 0.359  0.583304
 0.360  0.582185
 0.361  0.580987
 0.362  0.579576
 0.363  0.578660
 0.364  0.576931
 0.365  0.576264
 0.366  0.574768
 0.367  0.574104
 0.368  0.572265
 0.369  0.571655
 0.370  0.570094
 0.371  0.569308
 0.372  0.567704
 0.373  0.567369
 0.374  0.565548
 0.375  0.564559
 0.376  0.563586
 0.377  0.562179
 0.378  0.561182
 0.379  0.560513
 0.380  0.558945
 0.381  0.557901
 0.382  0.549584
 0.383  0.549118
 0.384  0.549268
 0.385  0.548634
 0.386  0.548927
 0.387  0.548700
 0.388  0.548889
 0.389  0.549220
 0.390  0.549178
 0.391  0.549856
 0.392  0.549959
 0.393  0.552242
 0.394  0.558134
 0.395  0.558903
 0.396  0.550395
 0.397  0.545698
 0.398  0.542087
 0.399  0.540315
 0.400  0.537951
 0.401  0.535800
 0.402  0.533574
 0.403  0.531381
 0.404  0.529613
 0.405  0.527205
 0.406  0.525623
 0.407  0.523878
 0.408  0.530223
 0.409  0.529196
 0.410  0.528645
 0.411  0.528038
 0.412  0.525820
 0.413  0.526065
 0.414  0.525021
 0.415  0.523959
 0.416  0.522999
 0.417  0.522305
 0.418  0.521314
 0.419  0.520012
 0.420  0.519783
 0.421  0.518526
 0.422  0.517598
 0.423  0.516602
 0.424  0.516231
 0.425  0.514908
 0.426  0.513820
 0.427  0.513516
 0.428  0.512122
 0.429  0.511479
 0.430  0.510469
 0.431  0.510409
 0.432  0.508766
 0.433  0.506896
 0.434  0.507806
 0.435  0.506359
 0.436  0.505426
 0.437  0.504932
 0.438  0.503721
 0.439  0.502864
 0.440  0.501444
 0.441  0.501504
 0.442  0.500606
 0.443  0.499043
 0.444  0.499230
 0.445  0.497553
 0.446  0.496646
 0.447  0.495914
 0.448  0.494997
 0.449  0.494757
 0.450  0.493888
 0.451  0.492479
 0.452  0.491852
 0.453  0.491738
 0.454  0.490126
 0.455  0.489194
 0.456  0.489539
 0.457  0.487833
 0.458  0.486968
 0.459  0.487206
 0.460  0.485606
 0.461  0.485322
 0.462  0.484788
 0.463  0.483499
 0.464  0.483738
 0.465  0.482216
 0.466  0.481575
 0.467  0.480920
 0.468  0.479763
 0.469  0.479224
 0.470  0.478103
 0.471  0.477696
 0.472  0.477314
 0.473  0.475415
 0.474  0.474683
 0.475  0.473806
 0.476  0.474708
 0.477  0.474056
 0.478  0.470885
 0.479  0.474366
 0.480  0.470065
 0.481  0.471513
 0.482  0.468936
 0.483  0.468108
 0.484  0.469305
 0.485  0.466776
 0.486  0.467237
 0.487  0.464523
 0.488  0.465171
 0.489  0.464258
 0.490  0.464648
 0.491  0.462089
 0.492  0.464324
 0.493  0.459911
 0.494  0.463373
 0.495  0.457802
 0.496  0.461061
 0.497  0.457349
 0.498  0.458699
 0.499  0.459057
 0.500  0.456293
 0.501  0.457190
 0.502  0.454162
 0.503  0.454954
 0.504  0.459850
 0.505  0.452451
 0.506  0.452560
 0.507  0.459976
 0.508  0.450057
 0.509  0.448312
 0.510  0.450622
 0.511  0.462746
 0.512  0.453127
 0.513  0.446494
 0.514  0.444755
 0.515  0.445923
 0.516  0.443705
 0.517  0.445039
 0.518  0.443591
 0.519  0.441182
 0.520  0.439076
 0.521  0.439870
 0.522  0.439515
 0.523  0.445763
 0.524  0.381256
 0.525  0.385162
 0.526  0.388858
 0.527  0.396039
 0.528  0.396835
 0.529  0.401188
 0.530  0.405843
 0.531  0.411120
 0.532  0.434640
 0.533  0.425449
 0.534  0.435809
 0.535  0.455551
 0.536  0.480870
 0.537  0.458958
 0.538  0.451107
 0.539  0.446563
 0.540  0.443235
 0.541  0.440929
 0.542  0.439054
 0.543  0.437358
 0.544  0.435942
 0.545  0.434894
 0.546  0.433750
 0.547  0.432545
 0.548  0.431640
 0.549  0.430904
 0.550  0.429995
 0.551  0.429112
 0.552  0.428379
 0.553  0.427634
 0.554  0.426993
 0.555  0.426331
 0.556  0.425608
 0.557  0.424973
 0.558  0.424372
 0.559  0.423838
 0.560  0.423158
 0.561  0.422282
 0.562  0.421361
 0.563  0.421002
 0.564  0.420625
 0.565  0.419772
 0.566  0.418992
 0.567  0.418470
 0.568  0.417227
 0.569  0.415765
 0.570  0.321544
 0.571  0.228983
 0.572  0.228903
 0.573  0.228827
 0.574  0.228736
 0.575  0.228654
 0.576  0.228602
 0.577  0.228514
 0.578  0.228434
 0.579  0.228366
 0.580  0.228314
 0.581  0.228236
 0.582  0.228166
 0.583  0.228116
 0.584  0.228056
 0.585  0.227986
 0.586  0.227927
 0.587  0.227892
 0.588  0.227823
 0.589  0.227762
 0.590  0.227716
 0.591  0.227674
 0.592  0.227612
 0.593  0.227560
 0.594  0.227537
 0.595  0.227475
 0.596  0.227420
 0.597  0.227380
 0.598  0.227350
 0.599  0.227294
 0.600  0.227248
 0.601  0.227236
 0.602  0.227179
 0.603  0.227130
 0.604  0.227096
 0.605  0.227074
 0.606  0.227024
 0.607  0.226984
 0.608  0.226979
 0.609  0.226928
 0.610  0.226884
 0.611  0.226856
 0.612  0.226841
 0.613  0.226795
 0.614  0.226761
 0.615  0.226762
 0.616  0.226716
 0.617  0.226678
 0.618  0.226658
 0.619  0.226645
 0.620  0.226605
 0.621  0.226577
 0.622  0.226582
 0.623  0.226540
 0.624  0.226509
 0.625  0.226499
 0.626  0.226484
 0.627  0.226450
 0.628  0.226430
 0.629  0.226435
 0.630  0.226399
 0.631  0.226375
 0.632  0.226391
 0.633  0.226357
 0.634  0.226329
 0.635  0.226320
 0.636  0.226322
 0.637  0.226292
 0.638  0.226276
 0.639  0.226294
 0.640  0.226262
 0.641  0.226243
 0.642  0.226254
 0.643  0.226240
 0.644  0.226218
 0.645  0.226215
 0.646  0.226225
 0.647  0.226201
 0.648  0.226192
 0.649  0.226217
 0.650  0.226191
 0.651  0.226178
 0.652  0.226209
 0.653  0.226189
 0.654  0.226173
 0.655  0.226181
 0.656  0.226193
 0.657  0.226175
 0.658  0.226177
 0.659  0.226204
 0.660  0.226185
 0.661  0.226182
 0.662  0.226221
 0.663  0.226201
 0.664  0.226195
 0.665  0.226235
 0.666  0.226224
 0.667  0.226217
 0.668  0.226237
 0.669  0.226254
 0.670  0.226245
 0.671  0.226258
 0.672  0.226290
 0.673  0.226280
 0.674  0.226290
 0.675  0.226332
 0.676  0.226321
 0.677  0.226329
 0.678  0.226380
 0.679  0.226369
 0.680  0.226375
 0.681  0.226435
 0.682  0.226424
 0.683  0.226429
 0.684  0.226488
 0.685  0.226485
 0.686  0.226489
 0.687  0.226532
 0.688  0.226552
 0.689  0.226557
 0.690  0.226594
 0.691  0.226626
 0.692  0.226631
 0.693  0.226666
 0.694  0.226705
 0.695  0.226711
 0.696  0.226746
 0.697  0.226792
 0.698  0.226798
 0.699  0.226834
 0.700  0.226884
 0.701  0.226892
 0.702  0.226929
 0.703  0.226983
 0.704  0.226992
 0.705  0.227032
 0.706  0.227088
 0.707  0.227100
 0.708  0.227142
 0.709  0.227200
 0.710  0.227213
 0.711  0.227261
 0.712  0.227318
 0.713  0.227334
 0.714  0.227388
 0.715  0.227442
 0.716  0.227463
 0.717  0.227524
 0.718  0.227574
 0.719  0.227598
 0.720  0.227673
 0.721  0.227713
 0.722  0.227741
 0.723  0.227847
 0.724  0.227858
 0.725  0.227893
 0.726  0.227996
 0.727  0.228011
 0.728  0.228053
 0.729  0.228152
 0.730  0.228172
 0.731  0.228224
 0.732  0.228316
 0.733  0.228342
 0.734  0.228405
 0.735  0.228486
 0.736  0.228520
 0.737  0.228604
 0.738  0.228666
 0.739  0.228707
 0.740  0.228831
 0.741  0.228853
 0.742  0.228906
 0.743  0.229020
 0.744  0.229051
 0.745  0.229119
 0.746  0.229218
 0.747  0.229258
 0.748  0.229353
 0.749  0.229425
 0.750  0.229478
 0.751  0.229611
 0.752  0.229643
 0.753  0.229712
 0.754  0.229829
 0.755  0.229872
 0.756  0.229970
 0.757  0.230058
 0.758  0.230116
 0.759  0.230260
 0.760  0.230298
 0.761  0.230378
 0.762  0.230500
 0.763  0.230552
 0.764  0.230678
 0.765  0.230752
 0.766  0.230825
 0.767  0.230969
 0.768  0.231019
 0.769  0.231126
 0.770  0.231234
 0.771  0.231305
 0.772  0.231464
 0.773  0.231515
 0.774  0.231619
 0.775  0.231744
 0.776  0.231816
 0.777  0.231986
 0.778  0.232040
 0.779  0.232148
 0.780  0.232281
 0.781  0.232359
 0.782  0.232535
 0.783  0.232595
 0.784  0.232716
 0.785  0.232847
 0.786  0.232935
 0.787  0.233113
 0.788  0.233181
 0.789  0.233331
 0.790  0.233444
 0.791  0.233549
 0.792  0.233720
 0.793  0.233803
 0.794  0.234007
 0.795  0.234074
 0.796  0.234211
 0.797  0.234359
 0.798  0.234465
 0.799  0.234656
 0.800  0.234743
 0.801  0.234963
 0.802  0.235036
 0.803  0.235187
 0.804  0.235341
 0.805  0.235462
 0.806  0.235657
 0.807  0.235760
 0.808  0.235983
 0.809  0.236071
 0.810  0.236291
 0.811  0.236395
 0.812  0.236555
 0.813  0.236729
 0.814  0.236865
 0.815  0.237072
 0.816  0.237194
 0.817  0.237425
 0.818  0.237535
 0.819  0.237785
 0.820  0.237886
 0.821  0.238154
 0.822  0.238248
 0.823  0.238458
 0.824  0.238618
 0.825  0.238805
 0.826  0.238998
 0.827  0.239171
 0.828  0.239384
 0.829  0.239550
 0.830  0.239780
 0.831  0.239940
 0.832  0.240183
 0.833  0.240342
 0.834  0.240594
 0.835  0.240752
 0.836  0.241013
 0.837  0.241174
 0.838  0.241439
 0.839  0.241606
 0.840  0.241874
 0.841  0.242048
 0.842  0.242316
 0.843  0.242502
 0.844  0.242767
 0.845  0.242970
 0.846  0.243227
 0.847  0.243455
 0.848  0.243697
 0.849  0.243966
 0.850  0.244178
 0.851  0.244532
 0.852  0.244671
 0.853  0.245017
 0.854  0.245178
 0.855  0.245512
 0.856  0.245704
 0.857  0.246020
 0.858  0.246259
 0.859  0.246542
 0.860  0.246892
 0.861  0.247081
 0.862  0.247455
 0.863  0.247645
 0.864  0.247994
 0.865  0.248250
 0.866  0.248552
 0.867  0.248962
 0.868  0.249137
 0.869  0.249519
 0.870  0.249771
 0.871  0.250101
 0.872  0.250531
 0.873  0.250721
 0.874  0.251113
 0.875  0.251419
 0.876  0.251733
 0.877  0.252164
 0.878  0.252415
 0.879  0.252787
 0.880  0.253246
 0.881  0.253473
 0.882  0.253876
 0.883  0.254355
 0.884  0.254578
 0.885  0.254999
 0.886  0.255489
 0.887  0.255730
 0.888  0.256153
 0.889  0.256649
 0.890  0.256936
 0.891  0.257346
 0.892  0.257836
 0.893  0.258265
 0.894  0.258592
 0.895  0.259062
 0.896  0.259589
 0.897  0.259953
 0.898  0.260355
 0.899  0.260851
 0.900  0.261394
 0.901  0.261857
 0.902  0.262218
 0.903  0.262710
 0.904  0.263251
 0.905  0.263826
 0.906  0.264337
 0.907  0.264706
 0.908  0.265211
 0.909  0.265759
 0.910  0.266335
 0.911  0.266931
 0.912  0.267541
 0.913  0.268131
 0.914  0.268542
 0.915  0.269068
 0.916  0.269634
 0.917  0.270218
 0.918  0.270819
 0.919  0.271428
 0.920  0.272048
 0.921  0.272675
 0.922  0.273309
 0.923  0.273955
 0.924  0.274616
 0.925  0.275307
 0.926  0.276061
 0.927  0.276955
 0.928  0.277555
 0.929  0.278168
 0.930  0.278810
 0.931  0.279524
 0.932  0.280580
 0.933  0.281199
 0.934  0.281816
 0.935  0.282710
 0.936  0.283551
 0.937  0.284201
 0.938  0.285312
 0.939  0.285867
 0.940  0.286961
 0.941  0.287673
 0.942  0.288507
 0.943  0.289591
 0.944  0.290714
 0.945  0.291782
 0.946  0.292707
 0.947  0.293439
 0.948  0.294118
 0.949  0.295831
 0.950  0.296236
 0.951  0.297586
 0.952  0.298244
 0.953  0.298981
 0.954  0.299646
 0.955  0.000000
 0.956  0.000000
 0.957  0.000000
 0.958  0.000000
 0.959  0.000000
 0.960  0.000000
 0.961  0.000000
 0.962  0.000000
 0.963  0.000000
 0.964  0.000000
 0.965  0.000000
 0.966  0.000000
 0.967  0.000000
 0.968  0.000000
 0.969  0.000000
 0.970  0.000000
 0.971  0.000000
 0.972  0.000000
 0.973  0.000000
 0.974  0.000000
 0.975  0.000000
 0.976  0.000000
 0.977  0.000000
 0.978  0.000000
 0.979  0.000000
 0.980  0.000000
 0.981  0.000000
 0.982  0.000000
 0.983  0.000000
 0.984  0.000000
 0.985  0.000000
 0.986  0.000000
 0.987  0.000000
 0.988  0.000000
 0.989  0.000000
 0.990  0.000000
 0.991  0.000000
 0.992  0.000000
 0.993  0.000000
 0.994  0.000000
 0.995  0.000000
 0.996  0.000000
 0.997  0.000000
 0.998  0.000000
 0.999  0.000000
 1.000  0.000000
