-0.400  0.000000
-0.399  0.000000
-0.398  0.000000
-0.397  0.000000
-0.396  0.000000
-0.395  0.000000
-0.394  0.000000
-0.393  0.000000
-0.392  0.000000
-0.391  0.000000
-0.390  0.000000
-0.389  0.000000
-0.388  0.000000
-0.387  0.000000
-0.386  0.000000
-0.385  0.000000
-0.384  0.000000
-0.383  0.000000
-0.382  0.000000
-0.381  0.000000
-0.380  0.000000
-0.379  0.000000
-0.378  0.000000
-0.377  0.000000
-0.376  0.000000
-0.375  0.000000
-0.374  0.000000
-0.373  0.000000
-0.372  0.000000
-0.371  0.000000
-0.370  0.000000
-0.369  0.000000
-0.368  0.000000
-0.367  0.000000
-0.366  0.000000
-0.365  0.000000
-0.364  0.000000
-0.363  0.000000
-0.362  0.000000
-0.361  0.000000
-0.360  0.000000
-0.359  0.000000
-0.358  0.000000
-0.357  0.000000
-0.356  0.000000
-0.355  0.000000
-0.354  0.000000
-0.353  0.000000
-0.352  0.000000
-0.351  0.000000
-0.350  0.000000
-0.349  0.000000
-0.348  0.000000
-0.347  0.000000
-0.346  0.000000
-0.345  0.000000
-0.344  0.000000
-0.343  0.000000
-0.342  0.000000
-0.341  0.000000
-0.340  0.000000
-0.339  0.000000
-0.338  0.000000
-0.337  0.000000
-0.336  0.000000
-0.335  0.000000
-0.334  0.000000
-0.333  0.000000
-0.332  0.000000
-0.331  0.000000
-0.330  0.000000
-0.329  0.000000
-0.328  0.000000
-0.327  0.000000
-0.326  0.000000
-0.325  0.000000
-0.324  0.000000
-0.323  0.000000
-0.322  0.000000
-0.321  0.000000
-0.320  0.000000
-0.319  0.000000
-0.318  0.000000
-0.317  0.000000
-0.316  0.000000
-0.315  0.000000
-0.314  0.000000
-0.313  0.000000
-0.312  0.000000
-0.311  0.000000
-0.310  0.000000
-0.309  0.000000
-0.308  0.000000
-0.307  0.000000
-0.306  0.000000
-0.305  0.000000
-0.304  0.000000
-0.303  0.000000
-0.302  0.000000
-0.301  0.000000
-0.300  0.000000
-0.299  0.000000
-0.298  0.000000
-0.297  0.000000
-0.296  0.000000
-0.295  0.000000
-0.294  0.000000
-0.293  0.000000
-0.292  0.000000
-0.291  0.000000
-0.290  0.000000
-0.289  0.000000
-0.288  0.000000
-0.287  0.000000
-0.286  0.000000
-0.285  0.000000
-0.284  0.000000
-0.283  0.000000
-0.282  0.000000
-0.281  0.000000
-0.280  0.000000
-0.279  0.000000
-0.278  0.000000
-0.277  0.000000
-0.276  0.000000
-0.275  0.000000
-0.274  0.000000
-0.273  0.000000
-0.272  0.000000
-0.271  0.000000
-0.270  0.000000
-0.269  0.000000
-0.268  0.000000
-0.267  0.000000
-0.266  0.000000
-0.265  0.000000
-0.264  0.000000
-0.263  0.000000
-0.262  0.000000
-0.261  0.000000
-0.260  0.000000
-0.259  1.250703
-0.258  0.546160
-0.257  0.470392
-0.256  0.427768
-0.255  0.399863
-0.254  0.381202
-0.253  0.367219
-0.252  0.356148
-0.251  1.413314
-0.250  1.564893
-0.249  1.605942
-0.248  2.253383
-0.247  1.309766
-0.246  1.225003
-0.245  1.173368
-0.244  1.137439
-0.243  1.112198
-0.242  1.092369
-0.241  1.076160
-0.240  1.064828
-0.239  1.054425
-0.238  1.176717
-0.237  1.197554
-0.236  1.223472
-0.235  1.251183
-0.234  1.273738
-0.233  1.299902
-0.232  1.317910
-0.231  1.330195
-0.230  1.342646
-0.229  1.358098
-0.228  1.367654
-0.227  1.378791
-0.226  1.388446
-0.225  1.464993
-0.224  1.473777
-0.223  1.485949
-0.222  1.497380
-0.221  1.507254
-0.220  1.519770
-0.219  1.531504
-0.218  1.543332
-0.217  1.555483
-0.216  1.567700
-0.215  1.581487
-0.214  1.595765
-0.213  1.610209
-0.212  1.623983
-0.211  1.637799
-0.210  1.652436
-0.209  1.668215
-0.208  1.683622
-0.207  1.699761
-0.206  1.717057
-0.205  1.734697
-0.204  1.752673
-0.203  1.770788
-0.202  1.790300
-0.201  1.809651
-0.200  1.830528
-0.199  1.850238
-0.198  1.872329
-0.197  1.894589
-0.196  1.917998
-0.195  1.942413
-0.194  1.968064
-0.193  1.994326
-0.192  2.022404
-0.191  2.051363
-0.190  2.081437
-0.189  2.113588
-0.188  2.147825
-0.187  2.183520
-0.186  2.220879
-0.185  2.260846
-0.184  2.302638
-0.183  2.349127
-0.182  2.396929
-0.181  2.449500
-0.180  2.505978
-0.179  2.568890
-0.178  2.635456
-0.177  2.710946
-0.176  2.795119
-0.175  2.889276
-0.174  2.999868
-0.173  3.129299
-0.172  3.283948
-0.171  3.480978
-0.170  3.748729
-0.169  4.168024
-0.168  5.209450
-0.167  4.702025
-0.166  4.074182
-0.165  3.754983
-0.164  3.540389
-0.163  3.382426
-0.162  3.256440
-0.161  3.155011
-0.160  3.062433
-0.159  2.988454
-0.158  2.916254
-0.157  2.857839
-0.156  2.803289
-0.155  2.752425
-0.154  2.706521
-0.153  2.664805
-0.152  2.625425
-0.151  2.589803
-0.150  2.555750
-0.149  2.523952
-0.148  2.494258
-0.147  2.465564
-0.146  2.437943
-0.145  2.413610
-0.144  2.389303
-0.143  2.367262
-0.142  2.345218
-0.141  2.324618
-0.140  2.305685
-0.139  2.287556
-0.138  2.269329
-0.137  2.252192
-0.136  2.236221
-0.135  2.220562
-0.134  2.205836
-0.133  2.191415
-0.132  2.178353
-0.131  2.163854
-0.130  2.152206
-0.129  2.140610
-0.128  2.128553
-0.127  2.117827
-0.126  2.106386
-0.125  2.097297
-0.124  2.087434
-0.123  2.077731
-0.122  2.069958
-0.121  2.060086
-0.120  2.044741
-0.119  2.048328
-0.118  2.078007
-0.117  2.125609
-0.116  2.067602
-0.115  2.043772
-0.114  2.025710
-0.113  2.013311
-0.112  2.000234
-0.111  1.987311
-0.110  1.977689
-0.109  1.966988
-0.108  1.958153
-0.107  1.949402
-0.106  1.940489
-0.105  1.933974
-0.104  1.926118
-0.103  1.965944
-0.102  1.966154
-0.101  1.962049
-0.100  1.961851
-0.099  1.960630
-0.098  1.961888
-0.097  1.961667
-0.096  1.958322
-0.095  1.865109
-0.094  1.876670
-0.093  1.890650
-0.092  1.907359
-0.091  1.925237
-0.090  1.946966
-0.089  1.976316
-0.088  2.023771
-0.087  2.081286
-0.086  2.039127
-0.085  2.031666
-0.084  2.032546
-0.083  2.039335
-0.082  2.049437
-0.081  2.061218
-0.080  2.077027
-0.079  2.095230
-0.078  2.116815
-0.077  2.147192
-0.076  2.178636
-0.075  2.224769
-0.074  2.284436
-0.073  2.369075
-0.072  2.522713
-0.071  2.438475
-0.070  2.291606
-0.069  2.213659
-0.068  2.157554
-0.067  2.113505
-0.066  2.080792
-0.065  2.049475
-0.064  2.025033
-0.063  2.001507
-0.062  1.981463
-0.061  1.962679
-0.060  1.943731
-0.059  1.925816
-0.058  1.908839
-0.057  1.589378
-0.056  1.600365
-0.055  1.611435
-0.054  1.622412
-0.053  1.636252
-0.052  1.648168
-0.051  1.664012
-0.050  1.678634
-0.049  1.698057
-0.048  1.720810
-0.047  1.741382
-0.046  1.771165
-0.045  1.804627
-0.044  1.844071
-0.043  1.896678
-0.042  1.967652
-0.041  2.077475
-0.040  2.333082
-0.039  2.263375
-0.038  2.087004
-0.037  2.000430
-0.036  1.942683
-0.035  1.895460
-0.034  1.858671
-0.033  1.826874
-0.032  1.795488
-0.031  1.762344
-0.030  1.740295
-0.029  1.025959
-0.028  0.870441
-0.027  0.875023
-0.026  0.879701
-0.025  0.884481
-0.024  0.888516
-0.023  0.894334
-0.022  0.899461
-0.021  0.905416
-0.020  0.910644
-0.019  0.916918
-0.018  0.923471
-0.017  0.931036
-0.016  0.938435
-0.015  0.946723
-0.014  0.955479
-0.013  0.964572
-0.012  1.219960
-0.011  1.250892
-0.010  1.288931
-0.009  1.330865
-0.008  1.383259
-0.007  1.452702
-0.006  1.575460
-0.005  1.668154
-0.004  1.548527
-0.003  1.512805
-0.002  1.499188
-0.001  1.495845
 0.000  1.500380
 0.001  1.512106
 0.002  1.527981
 0.003  1.543666
 0.004  1.550505
 0.005  1.542368
 0.006  1.500315
 0.007  1.430039
 0.008  1.357488
 0.009  1.298449
 0.010  1.255594
 0.011  1.223872
 0.012  1.126962
 0.013  1.173949
 0.014  1.772701
 0.015  1.227544
 0.016  1.074818
 0.017  0.992694
 0.018  0.935453
 0.019  0.890557
 0.020  0.857379
 0.021  0.830729
 0.022  0.807529
 0.023  0.787016
 0.024  0.768671
 0.025  0.754755
 0.026  0.739765
 0.027  0.724934
 0.028  0.715681
 0.029  0.702993
 0.030  0.694616
 0.031  0.683611
 0.032  0.676124
 0.033  0.666929
 0.034  0.660074
 0.035  0.651907
 0.036  0.646457
 0.037  0.639471
 0.038  0.635000
 0.039  0.630427
 0.040  0.624567
 0.041  0.704248
 0.042  0.784986
 0.043  0.799347
 0.044  0.812996
 0.045  0.826181
 0.046  0.842712
 0.047  0.856796
 0.048  0.874477
 0.049  0.889864
 0.050  0.907913
 0.051  0.925410
 0.052  0.946306
 0.053  0.969042
 0.054  0.992568
 0.055  1.016545
 0.056  1.046141
 0.057  1.082118
 0.058  1.127280
 0.059  1.182004
 0.060  1.302873
 0.061  1.409083
 0.062  1.198840
 0.063  1.114650
 0.064  1.065586
 0.065  1.023952
 0.066  0.988727
 0.067  0.964070
 0.068  0.939313
 0.069  0.918200
 0.070  0.847992
 0.071  1.442922
 0.072  1.770102
 0.073  2.499920
 0.074  1.757695
 0.075  1.562375
 0.076  1.456588
 0.077  1.553357
 0.078  1.493324
 0.079  1.445830
 0.080  1.431576
 0.081  1.438458
 0.082  1.510363
 0.083  1.387738
 0.084  1.347187
 0.085  1.311760
 0.086  1.282605
 0.087  1.258186
 0.088  1.237473
 0.089  1.222821
 0.090  1.199904
 0.091  1.187689
 0.092  1.166398
 0.093  1.151867
 0.094  1.138379
 0.095  1.107156
 0.096  0.831069
 0.097  0.835836
 0.098  0.905653
 0.099  0.917766
 0.100  0.928470
 0.101  0.941556
 0.102  0.957022
 0.103  0.975541
 0.104  0.993095
 0.105  1.012263
 0.106  1.038472
 0.107  1.074385
 0.108  1.121224
 0.109  1.187124
 0.110  1.391423
 0.111  1.233496
 0.112  1.177177
 0.113  1.146372
 0.114  1.128745
 0.115  1.109243
 0.116  1.100093
 0.117  1.086882
 0.118  1.078135
 0.119  1.071214
 0.120  1.061984
 0.121  1.055938
 0.122  1.049505
 0.123  1.043513
 0.124  1.038788
 0.125  1.029844
 0.126  0.987583
 0.127  0.985401
 0.128  0.986540
 0.129  0.986241
 0.130  0.987398
 0.131  0.986411
 0.132  0.987622
 0.133  0.989796
 0.134  0.991465
 0.135  0.994839
 0.136  0.997600
 0.137  1.003333
 0.138  1.006676
 0.139  1.015510
 0.140  1.024358
 0.141  1.040031
 0.142  1.085677
 0.143  1.065276
 0.144  1.026114
 0.145  1.004124
 0.146  0.988813
 0.147  0.974509
 0.148  0.964126
 0.149  0.953180
 0.150  0.943759
 0.151  0.935857
 0.152  0.925523
 0.153  0.916341
 0.154  0.910394
 0.155  0.899604
 0.156  0.893337
 0.157  0.886710
 0.158  0.878052
 0.159  0.869816
 0.160  0.864291
 0.161  0.854705
 0.162  0.847650
 0.163  0.843061
 0.164  0.834481
 0.165  0.827234
 0.166  0.822394
 0.167  0.812842
 0.168  0.868207
 0.169  0.881475
 0.170  0.873989
 0.171  0.873243
 0.172  0.869637
 0.173  0.866267
 0.174  0.865069
 0.175  0.861627
 0.176  0.857288
 0.177  0.856894
 0.178  0.853969
 0.179  0.852644
 0.180  0.850518
 0.181  0.844991
 0.182  0.845025
 0.183  0.840851
 0.184  0.838574
 0.185  0.836670
 0.186  0.833075
 0.187  0.832123
 0.188  0.827649
 0.189  0.822666
 0.190  0.823791
 0.191  0.820310
 0.192  0.819233
 0.193  0.816380
 0.194  0.811612
 0.195  0.813711
 0.196  0.807415
 0.197  0.807936
 0.198  0.807510
 0.199  0.802382
 0.200  0.800535
 0.201  0.800640
 0.202  0.796346
 0.203  0.792329
 0.204  0.792407
 0.205  0.782818
 0.206  0.791999
 0.207  0.851584
 0.208  0.851360
 0.209  0.819304
 0.210  0.803415
 0.211  0.791867
 0.212  0.779595
 0.213  0.774596
 0.214  0.761746
 0.215  0.761508
 0.216  0.745870
 0.217  0.734304
 0.218  0.680305
 0.219  0.674946
 0.220  0.674786
 0.221  0.678692
 0.222  0.732744
 0.223  0.738415
 0.224  0.748975
 0.225  0.755221
 0.226  0.773393
 0.227  0.786351
 0.228  0.822586
 0.229  0.884895
 0.230  0.845533
 0.231  0.803602
 0.232  0.802949
 0.233  0.751579
 0.234  0.746674
 0.235  0.443067
 0.236  0.444111
 0.237  0.454505
 0.238  0.456794
 0.239  0.462179
 0.240  0.473413
 0.241  0.492720
 0.242  0.498170
 0.243  0.508519
 0.244  0.638706
 0.245  0.682420
 0.246  0.705045
 0.247  0.769487
 0.248  0.890058
 0.249  1.032186
 0.250  0.869677
 0.251  0.821831
 0.252  0.794871
 0.253  0.777411
 0.254  0.763848
 0.255  0.753751
 0.256  0.745627
 0.257  0.738549
 0.258  0.732566
 0.259  0.727440
 0.260  0.722562
 0.261  0.718633
 0.262  0.714505
 0.263  0.710989
 0.264  0.707886
 0.265  0.704468
 0.266  0.701831
 0.267  0.698958
 0.268  0.696042
 0.269  0.693873
 0.270  0.691022
 0.271  0.688846
 0.272  0.686669
 0.273  0.684038
 0.274  0.682291
 0.275  0.679896
 0.276  0.677745
 0.277  0.676070
 0.278  0.673731
 0.279  0.672131
 0.280  0.670129
 0.281  0.668059
 0.282  0.666531
 0.283  0.664407
 0.284  0.662794
 0.285  0.661219
 0.286  0.659105
 0.287  0.657786
 0.288  0.656069
 0.289  0.654275
 0.290  0.652869
 0.291  0.650744
 0.292  0.649602
 0.293  0.647916
 0.294  0.646195
 0.295  0.644866
 0.296  0.642898
 0.297  0.641781
 0.298  0.640230
 0.299  0.638510
 0.300  0.637365
 0.301  0.635404
 0.302  0.634296
 0.303  0.632846
 0.304  0.631096
 0.305  0.630129
 0.306  0.628175
 0.307  0.627144
 0.308  0.625742
 0.309  0.624106
 0.310  0.623125
 0.311  0.621146
 0.312  0.620275
 0.313  0.618820
 0.314  0.617349
 0.315  0.616306
 0.316  0.614406
 0.317  0.613613
 0.318  0.612193
 0.319  0.610826
 0.320  0.609634
 0.321  0.607891
 0.322  0.607128
 0.323  0.605748
 0.324  0.604511
 0.325  0.603220
 0.326  0.601988
 0.327  0.600802
 0.328  0.599053
 0.329  0.598376
 0.330  0.596942
 0.331  0.595875
 0.332  0.594689
 0.333  0.593088
 0.334  0.592438
 0.335  0.590787
 0.336  0.589869
 0.337  0.588718
 0.338  0.587346
 0.339  0.586467
 0.340  0.584692
 0.341  0.584080
 0.342  0.582856
 0.343  0.581737
 0.344  0.580541
 0.345  0.579471
 0.346  0.578405
 0.347  0.576881
 0.348  0.576354
 0.349  0.574670
 0.350  0.573927
 0.351  0.572804
 0.352  0.571639
 0.353  0.570615
 0.354  0.569513
 0.355  0.568495
 0.356  0.566951
 0.357  0.566532
 0.358  0.564903
 0.359  0.564240
 0.360  0.563139
 0.361  0.562043
 0.362  0.560968
 0.363  0.560008
 0.364  0.558986
 0.365  0.557579
 0.366  0.557104
 0.367  0.555327
 0.368  0.554931
 0.369  0.553818
 0.370  0.553028
 0.371  0.551510
 0.372  0.550836
 0.373  0.549735
 0.374  0.548829
 0.375  0.547780
 0.376  0.546748
 0.377  0.545757
 0.378  0.544772
 0.379  0.543977
 0.380  0.542775
 0.381  0.541766
 0.382  0.541224
 0.383  0.539501
 0.384  0.538890
 0.385  0.536961
 0.386  0.537776
 0.387  0.538571
 0.388  0.555224
 0.389  0.540149
 0.390  0.537272
 0.391  0.534785
 0.392  0.532812
 0.393  0.530839
 0.394  0.529024
 0.395  0.527029
 0.396  0.525421
 0.397  0.523507
 0.398  0.521932
 0.399  0.519978
 0.400  0.518523
 0.401  0.516582
 0.402  0.521925
 0.403  0.523298
 0.404  0.520992
 0.405  0.520143
 0.406  0.518785
 0.407  0.518541
 0.408  0.517402
 0.409  0.516681
 0.410  0.514629
 0.411  0.515276
 0.412  0.514119
 0.413  0.513219
 0.414  0.512247
 0.415  0.511797
 0.416  0.510592
 0.417  0.509612
 0.418  0.509249
 0.419  0.508169
 0.420  0.507336
 0.421  0.505053
 0.422  0.506174
 0.423  0.504835
 0.424  0.504004
 0.425  0.503499
 0.426  0.502209
 0.427  0.502027
 0.428  0.499394
 0.429  0.500417
 0.430  0.498897
 0.431  0.498671
 0.432  0.498663
 0.433  0.496309
 0.434  0.496611
 0.435  0.494181
 0.436  0.494429
 0.437  0.493409
 0.438  0.493447
 0.439  0.492642
 0.440  0.490584
 0.441  0.491718
 0.442  0.490876
 0.443  0.488149
 0.444  0.488804
 0.445  0.487730
 0.446  0.486236
 0.447  0.486002
 0.448  0.486379
 0.449  0.484241
 0.450  0.483403
 0.451  0.485179
 0.452  0.482217
 0.453  0.480940
 0.454  0.482736
 0.455  0.480100
 0.456  0.478710
 0.457  0.480287
 0.458  0.477886
 0.459  0.476793
 0.460  0.477838
 0.461  0.475540
 0.462  0.475189
 0.463  0.475427
 0.464  0.472996
 0.465  0.474198
 0.466  0.473010
 0.467  0.470548
 0.468  0.471365
 0.469  0.470660
 0.470  0.469257
 0.471  0.468973
 0.472  0.468874
 0.473  0.467375
 0.474  0.466605
 0.475  0.466952
 0.476  0.464961
 0.477  0.464367
 0.478  0.463486
 0.479  0.462638
 0.480  0.466077
 0.481  0.460984
 0.482  0.461431
 0.483  0.459451
 0.484  0.458804
 0.485  0.460766
 0.486  0.457096
 0.487  0.458972
 0.488  0.455504
 0.489  0.457215
 0.490  0.454012
 0.491  0.461865
 0.492  0.454408
 0.493  0.453802
 0.494  0.455291
 0.495  0.452102
 0.496  0.456216
 0.497  0.450361
 0.498  0.456343
 0.499  0.448720
 0.500  0.457039
 0.501  0.447069
 0.502  0.453725
 0.503  0.445769
 0.504  0.447844
 0.505  0.468759
 0.506  0.443518
 0.507  0.443229
 0.508  0.442294
 0.509  0.456719
 0.510  0.441118
 0.511  0.440107
 0.512  0.439697
 0.513  0.438247
 0.514  0.445938
 0.515  0.461017
 0.516  0.450793
 0.517  0.435932
 0.518  0.434541
 0.519  0.511062
 0.520  0.440017
 0.521  0.444989
 0.522  0.438518
 0.523  0.435704
 0.524  0.388347
 0.525  0.392369
 0.526  0.416134
 0.527  0.403261
 0.528  0.418340
 0.529  0.422250
 0.530  0.438109
 0.531  0.485550
 0.532  0.451063
 0.533  0.441533
 0.534  0.437914
 0.535  0.435287
 0.536  0.433576
 0.537  0.432266
 0.538  0.430923
 0.539  0.429923
 0.540  0.429218
 0.541  0.428222
 0.542  0.427320
 0.543  0.426666
 0.544  0.426153
 0.545  0.425265
 0.546  0.424625
 0.547  0.423974
 0.548  0.423402
 0.549  0.422878
 0.550  0.422128
 0.551  0.421367
 0.552  0.420740
 0.553  0.420130
 0.554  0.419576
 0.555  0.419168
 0.556  0.418737
 0.557  0.418308
 0.558  0.417396
 0.559  0.416910
 0.560  0.416615
 0.561  0.415525
 0.562  0.415252
 0.563  0.414188
 0.564  0.415318
 0.565  0.409144
 0.566  0.227550
 0.567  0.227482
 0.568  0.227412
 0.569  0.227352
 0.570  0.227313
 0.571  0.227243
 0.572  0.227181
 0.573  0.227132
 0.574  0.227089
 0.575  0.227026
 0.576  0.226972
 0.577  0.226948
 0.578  0.226884
 0.579  0.226827
 0.580  0.226781
 0.581  0.226754
 0.582  0.226695
 0.583  0.226645
 0.584  0.226611
 0.585  0.226574
 0.586  0.226521
 0.587  0.226478
 0.588  0.226462
 0.589  0.226408
 0.590  0.226361
 0.591  0.226329
 0.592  0.226304
 0.593  0.226255
 0.594  0.226215
 0.595  0.226209
 0.596  0.226158
 0.597  0.226115
 0.598  0.226085
 0.599  0.226070
 0.600  0.226024
 0.601  0.225988
 0.602  0.225982
 0.603  0.225942
 0.604  0.225902
 0.605  0.225876
 0.606  0.225868
 0.607  0.225825
 0.608  0.225793
 0.609  0.225790
 0.610  0.225757
 0.611  0.225721
 0.612  0.225699
 0.613  0.225696
 0.614  0.225657
 0.615  0.225630
 0.616  0.225642
 0.617  0.225602
 0.618  0.225570
 0.619  0.225555
 0.620  0.225553
 0.621  0.225519
 0.622  0.225497
 0.623  0.225512
 0.624  0.225476
 0.625  0.225449
 0.626  0.225442
 0.627  0.225439
 0.628  0.225410
 0.629  0.225394
 0.630  0.225410
 0.631  0.225378
 0.632  0.225358
 0.633  0.225366
 0.634  0.225353
 0.635  0.225330
 0.636  0.225324
 0.637  0.225336
 0.638  0.225310
 0.639  0.225297
 0.640  0.225324
 0.641  0.225297
 0.642  0.225280
 0.643  0.225290
 0.644  0.225290
 0.645  0.225271
 0.646  0.225270
 0.647  0.225290
 0.648  0.225269
 0.649  0.225262
 0.650  0.225296
 0.651  0.225273
 0.652  0.225263
 0.653  0.225285
 0.654  0.225284
 0.655  0.225272
 0.656  0.225281
 0.657  0.225302
 0.658  0.225287
 0.659  0.225290
 0.660  0.225326
 0.661  0.225309
 0.662  0.225309
 0.663  0.225356
 0.664  0.225338
 0.665  0.225335
 0.666  0.225367
 0.667  0.225373
 0.668  0.225368
 0.669  0.225388
 0.670  0.225414
 0.671  0.225407
 0.672  0.225422
 0.673  0.225461
 0.674  0.225453
 0.675  0.225465
 0.676  0.225514
 0.677  0.225506
 0.678  0.225515
 0.679  0.225573
 0.680  0.225564
 0.681  0.225572
 0.682  0.225638
 0.683  0.225629
 0.684  0.225636
 0.685  0.225687
 0.686  0.225700
 0.687  0.225707
 0.688  0.225749
 0.689  0.225777
 0.690  0.225784
 0.691  0.225822
 0.692  0.225860
 0.693  0.225867
 0.694  0.225904
 0.695  0.225949
 0.696  0.225957
 0.697  0.225993
 0.698  0.226044
 0.699  0.226053
 0.700  0.226090
 0.701  0.226145
 0.702  0.226155
 0.703  0.226194
 0.704  0.226253
 0.705  0.226265
 0.706  0.226306
 0.707  0.226367
 0.708  0.226380
 0.709  0.226425
 0.710  0.226486
 0.711  0.226503
 0.712  0.226552
 0.713  0.226613
 0.714  0.226632
 0.715  0.226688
 0.716  0.226745
 0.717  0.226768
 0.718  0.226834
 0.719  0.226885
 0.720  0.226912
 0.721  0.226993
 0.722  0.227031
 0.723  0.227063
 0.724  0.227171
 0.725  0.227185
 0.726  0.227223
 0.727  0.227328
 0.728  0.227346
 0.729  0.227391
 0.730  0.227491
 0.731  0.227514
 0.732  0.227570
 0.733  0.227662
 0.734  0.227691
 0.735  0.227761
 0.736  0.227840
 0.737  0.227877
 0.738  0.227974
 0.739  0.228027
 0.740  0.228073
 0.741  0.228196
 0.742  0.228222
 0.743  0.228281
 0.744  0.228393
 0.745  0.228427
 0.746  0.228504
 0.747  0.228598
 0.748  0.228643
 0.749  0.228760
 0.750  0.228813
 0.751  0.228871
 0.752  0.229002
 0.753  0.229039
 0.754  0.229117
 0.755  0.229227
 0.756  0.229277
 0.757  0.229396
 0.758  0.229464
 0.759  0.229530
 0.760  0.229669
 0.761  0.229713
 0.762  0.229805
 0.763  0.229917
 0.764  0.229977
 0.765  0.230136
 0.766  0.230178
 0.767  0.230262
 0.768  0.230396
 0.769  0.230454
 0.770  0.230591
 0.771  0.230671
 0.772  0.230752
 0.773  0.230903
 0.774  0.230962
 0.775  0.231091
 0.776  0.231192
 0.777  0.231276
 0.778  0.231436
 0.779  0.231499
 0.780  0.231637
 0.781  0.231740
 0.782  0.231833
 0.783  0.231997
 0.784  0.232066
 0.785  0.232238
 0.786  0.232319
 0.787  0.232425
 0.788  0.232585
 0.789  0.232668
 0.790  0.232864
 0.791  0.232930
 0.792  0.233062
 0.793  0.233206
 0.794  0.233307
 0.795  0.233494
 0.796  0.233576
 0.797  0.233793
 0.798  0.233860
 0.799  0.233995
 0.800  0.234158
 0.801  0.234266
 0.802  0.234466
 0.803  0.234556
 0.804  0.234783
 0.805  0.234861
 0.806  0.235023
 0.807  0.235177
 0.808  0.235309
 0.809  0.235503
 0.810  0.235616
 0.811  0.235839
 0.812  0.235939
 0.813  0.236184
 0.814  0.236273
 0.815  0.236471
 0.816  0.236617
 0.817  0.236782
 0.818  0.236971
 0.819  0.237117
 0.820  0.237332
 0.821  0.237467
 0.822  0.237703
 0.823  0.237828
 0.824  0.238081
 0.825  0.238199
 0.826  0.238467
 0.827  0.238581
 0.828  0.238860
 0.829  0.238971
 0.830  0.239261
 0.831  0.239369
 0.832  0.239663
 0.833  0.239776
 0.834  0.240055
 0.835  0.240192
 0.836  0.240473
 0.837  0.240616
 0.838  0.240907
 0.839  0.241049
 0.840  0.241372
 0.841  0.241491
 0.842  0.241815
 0.843  0.241942
 0.844  0.242266
 0.845  0.242404
 0.846  0.242726
 0.847  0.242877
 0.848  0.243194
 0.849  0.243364
 0.850  0.243671
 0.851  0.243866
 0.852  0.244158
 0.853  0.244392
 0.854  0.244658
 0.855  0.244969
 0.856  0.245172
 0.857  0.245538
 0.858  0.245704
 0.859  0.246052
 0.860  0.246261
 0.861  0.246582
 0.862  0.246864
 0.863  0.247130
 0.864  0.247523
 0.865  0.247704
 0.866  0.248070
 0.867  0.248322
 0.868  0.248639
 0.869  0.249059
 0.870  0.249241
 0.871  0.249628
 0.872  0.249904
 0.873  0.250227
 0.874  0.250657
 0.875  0.250876
 0.876  0.251258
 0.877  0.251689
 0.878  0.251907
 0.879  0.252323
 0.880  0.252668
 0.881  0.252981
 0.882  0.253421
 0.883  0.253756
 0.884  0.254094
 0.885  0.254547
 0.886  0.254917
 0.887  0.255246
 0.888  0.255702
 0.889  0.256217
 0.890  0.256446
 0.891  0.256892
 0.892  0.257401
 0.893  0.257727
 0.894  0.258130
 0.895  0.258620
 0.896  0.259159
 0.897  0.259465
 0.898  0.259902
 0.899  0.260411
 0.900  0.260963
 0.901  0.261358
 0.902  0.261770
 0.903  0.262273
 0.904  0.262819
 0.905  0.263395
 0.906  0.263903
 0.907  0.264275
 0.908  0.264783
 0.909  0.265328
 0.910  0.265902
 0.911  0.266493
 0.912  0.267098
 0.913  0.267714
 0.914  0.268255
 0.915  0.268716
 0.916  0.269262
 0.917  0.269838
 0.918  0.270434
 0.919  0.271041
 0.920  0.271665
 0.921  0.272303
 0.922  0.272958
 0.923  0.273643
 0.924  0.274424
 0.925  0.275192
 0.926  0.275797
 0.927  0.276408
 0.928  0.277035
 0.929  0.277705
 0.930  0.278501
 0.931  0.279456
 0.932  0.280021
 0.933  0.280691
 0.934  0.281858
 0.935  0.282352
 0.936  0.283102
 0.937  0.284069
 0.938  0.284735
 0.939  0.285706
 0.940  0.286788
 0.941  0.287296
 0.942  0.288309
 0.943  0.289395
 0.944  0.290428
 0.945  0.291349
 0.946  0.292103
 0.947  0.292846
 0.948  0.294415
 0.949  0.295186
 0.950  0.297103
 0.951  0.296852
 0.952  0.297737
 0.953  0.298697
 0.954  0.000000
 0.955  0.000000
 0.956  0.000000
 0.957  0.000000
 0.958  0.000000
 0.959  0.000000
 0.960  0.000000
 0.961  0.000000
 0.962  0.000000
 0.963  0.000000
 0.964  0.000000
 0.965  0.000000
 0.966  0.000000
 0.967  0.000000
 0.968  0.000000
 0.969  0.000000
 0.970  0.000000
 0.971  0.000000
 0.972  0.000000
 0.973  0.000000
 0.974  0.000000
 0.975  0.000000
 0.976  0.000000
 0.977  0.000000
 0.978  0.000000
 0.979  0.000000
 0.980  0.000000
 0.981  0.000000
 0.982  0.000000
 0.983  0.000000
 0.984  0.000000
 0.985  0.000000
 0.986  0.000000
 0.987  0.000000
 0.988  0.000000
 0.989  0.000000
 0.990  0.000000
 0.991  0.000000
 0.992  0.000000
 0.993  0.000000
 0.994  0.000000
 0.995  0.000000
 0.996  0.000000
 0.997  0.000000
 0.998  0.000000
 0.999  0.000000
 1.000  0.000000
