-0.400  0.000000
-0.399  0.000000
-0.398  0.000000
-0.397  0.000000
-0.396  0.000000
-0.395  0.000000
-0.394  0.000000
-0.393  0.000000
-0.392  0.000000
-0.391  0.000000
-0.390  0.000000
-0.389  0.000000
-0.388  0.000000
-0.387  0.000000
-0.386  0.000000
-0.385  0.000000
-0.384  0.000000
-0.383  0.000000
-0.382  0.000000
-0.381  0.000000
-0.380  0.000000
-0.379  0.000000
-0.378  0.000000
-0.377  0.000000
-0.376  0.000000
-0.375  0.000000
-0.374  0.000000
-0.373  0.000000
-0.372  0.000000
-0.371  0.000000
-0.370  0.000000
-0.369  0.000000
-0.368  0.000000
-0.367  0.000000
-0.366  0.000000
-0.365  0.000000
-0.364  0.000000
-0.363  0.000000
-0.362  0.000000
-0.361  0.000000
-0.360  0.000000
-0.359  0.000000
-0.358  0.000000
-0.357  0.000000
-0.356  0.000000
-0.355  0.000000
-0.354  0.000000
-0.353  0.000000
-0.352  0.000000
-0.351  0.000000
-0.350  0.000000
-0.349  0.000000
-0.348  0.000000
-0.347  0.000000
-0.346  0.000000
-0.345  0.000000
-0.344  0.000000
-0.343  0.000000
-0.342  0.000000
-0.341  0.000000
-0.340  0.000000
-0.339  0.000000
-0.338  0.000000
-0.337  0.000000
-0.336  0.000000
-0.335  0.000000
-0.334  0.000000
-0.333  0.000000
-0.332  0.000000
-0.331  0.000000
-0.330  0.000000
-0.329  0.000000
-0.328  0.000000
-0.327  0.000000
-0.326  0.000000
-0.325  0.000000
-0.324  0.000000
-0.323  0.000000
-0.322  0.000000
-0.321  0.000000
-0.320  0.000000
-0.319  0.000000
-0.318  0.000000
-0.317  0.000000
-0.316  0.000000
-0.315  0.000000
-0.314  0.000000
-0.313  0.000000
-0.312  0.000000
-0.311  0.000000
-0.310  0.000000
-0.309  0.000000
-0.308  0.000000
-0.307  0.000000
-0.306  0.000000
-0.305  0.000000
-0.304  0.000000
-0.303  0.000000
-0.302  0.000000
-0.301  0.000000
-0.300  0.000000
-0.299  0.000000
-0.298  0.000000
-0.297  0.000000
-0.296  0.000000
-0.295  0.000000
-0.294  0.000000
-0.293  0.000000
-0.292  0.000000
-0.291  0.000000
-0.290  0.000000
-0.289  0.000000
-0.288  0.000000
-0.287  0.000000
-0.286  0.000000
-0.285  0.000000
-0.284  0.000000
-0.283  0.000000
-0.282  0.000000
-0.281  0.000000
-0.280  0.000000
-0.279  0.000000
-0.278  0.000000
-0.277  0.000000
-0.276  0.000000
-0.275  0.000000
-0.274  0.000000
-0.273  0.000000
-0.272  0.000000
-0.271  0.000000
-0.270  0.000000
-0.269  0.000000
-0.268  0.000000
-0.267  0.000000
-0.266  0.000000
-0.265  0.000000
-0.264  0.000000
-0.263  0.000000
-0.262  0.000000
-0.261  0.000000
-0.260  0.000000
-0.259  1.084380
-0.258  0.700447
-0.257  0.554294
-0.256  0.469466
-0.255  0.401428
-0.254  0.384921
-0.253  1.250290
-0.252  1.061047
-0.251  0.993732
-0.250  0.978497
-0.249  0.997378
-0.248  1.041037
-0.247  1.089466
-0.246  1.117688
-0.245  1.123605
-0.244  1.117608
-0.243  1.105902
-0.242  1.093346
-0.241  1.083327
-0.240  1.073298
-0.239  1.064627
-0.238  1.057914
-0.237  1.053080
-0.236  1.048724
-0.235  1.044612
-0.234  1.041683
-0.233  1.039745
-0.232  1.038713
-0.231  1.038063
-0.230  1.037670
-0.229  1.038250
-0.228  1.572028
-0.227  1.479678
-0.226  1.457663
-0.225  1.461063
-0.224  1.461750
-0.223  1.464928
-0.222  1.466499
-0.221  1.475715
-0.220  1.484473
-0.219  1.492232
-0.218  1.554894
-0.217  1.563691
-0.216  1.577266
-0.215  1.592551
-0.214  1.603653
-0.213  1.618506
-0.212  1.633764
-0.211  1.648773
-0.210  1.663368
-0.209  1.679618
-0.208  1.695406
-0.207  1.712235
-0.206  1.729925
-0.205  1.747889
-0.204  1.765722
-0.203  1.785292
-0.202  1.804815
-0.201  1.825490
-0.200  1.846156
-0.199  1.867490
-0.198  1.890379
-0.197  1.914375
-0.196  1.937909
-0.195  1.963860
-0.194  1.990325
-0.193  2.017658
-0.192  2.047110
-0.191  2.077432
-0.190  2.109453
-0.189  2.143096
-0.188  2.178395
-0.187  2.216224
-0.186  2.256351
-0.185  2.299277
-0.184  2.344217
-0.183  2.393384
-0.182  2.445886
-0.181  2.502449
-0.180  2.564442
-0.179  2.632907
-0.178  2.707963
-0.177  2.792521
-0.176  2.887627
-0.175  2.998689
-0.174  3.126516
-0.173  3.283905
-0.172  3.480119
-0.171  3.744389
-0.170  4.147306
-0.169  5.047034
-0.168  4.899352
-0.167  4.172809
-0.166  3.830047
-0.165  3.612262
-0.164  3.446987
-0.163  3.315675
-0.162  3.204420
-0.161  3.115103
-0.160  3.033207
-0.159  2.964772
-0.158  2.900651
-0.157  2.845011
-0.156  2.794613
-0.155  2.747136
-0.154  2.701815
-0.153  2.663087
-0.152  2.625695
-0.151  2.590721
-0.150  2.557809
-0.149  2.527451
-0.148  2.497782
-0.147  2.470336
-0.146  2.444309
-0.145  2.419610
-0.144  2.396816
-0.143  2.374609
-0.142  2.351889
-0.141  2.332084
-0.140  2.312866
-0.139  2.295313
-0.138  2.277865
-0.137  2.259774
-0.136  2.244227
-0.135  2.228653
-0.134  2.213382
-0.133  2.199477
-0.132  2.185660
-0.131  2.172878
-0.130  2.160173
-0.129  2.148932
-0.128  2.135018
-0.127  2.073913
-0.126  2.071520
-0.125  2.067281
-0.124  2.064717
-0.123  2.061683
-0.122  2.059942
-0.121  2.057095
-0.120  2.055891
-0.119  2.055093
-0.118  2.054232
-0.117  2.055051
-0.116  2.058226
-0.115  2.064386
-0.114  2.083341
-0.113  2.071411
-0.112  2.012607
-0.111  1.994768
-0.110  1.998841
-0.109  1.993387
-0.108  1.989021
-0.107  1.986095
-0.106  1.982373
-0.105  1.979951
-0.104  1.976730
-0.103  1.975009
-0.102  1.973588
-0.101  1.971168
-0.100  1.969798
-0.099  1.968977
-0.098  1.968576
-0.097  1.968461
-0.096  1.971417
-0.095  1.974290
-0.094  1.952019
-0.093  1.976591
-0.092  1.976940
-0.091  1.976661
-0.090  1.979797
-0.089  1.983687
-0.088  1.988819
-0.087  1.994807
-0.086  2.000483
-0.085  2.008313
-0.084  2.018266
-0.083  2.027402
-0.082  2.038856
-0.081  2.052236
-0.080  2.066501
-0.079  2.084952
-0.078  2.104814
-0.077  2.127022
-0.076  2.155234
-0.075  2.187597
-0.074  2.224975
-0.073  2.272214
-0.072  2.322029
-0.071  2.382421
-0.070  2.464149
-0.069  2.765909
-0.068  2.375953
-0.067  2.274868
-0.066  2.215957
-0.065  2.171349
-0.064  2.138255
-0.063  1.618558
-0.062  1.621312
-0.061  1.627108
-0.060  1.634453
-0.059  1.642183
-0.058  1.652775
-0.057  1.664175
-0.056  1.676103
-0.055  1.690282
-0.054  1.705684
-0.053  1.721313
-0.052  1.740917
-0.051  1.761158
-0.050  1.782886
-0.049  1.811173
-0.048  1.841670
-0.047  1.870319
-0.046  1.913368
-0.045  1.967597
-0.044  2.029045
-0.043  2.111131
-0.042  2.235551
-0.041  2.485721
-0.040  2.714836
-0.039  2.360665
-0.038  2.216694
-0.037  2.130145
-0.036  2.062201
-0.035  2.001979
-0.034  1.951725
-0.033  1.734346
-0.032  1.087097
-0.031  1.075436
-0.030  1.064912
-0.029  1.053924
-0.028  0.977258
-0.027  0.989451
-0.026  1.003587
-0.025  1.018453
-0.024  1.036286
-0.023  1.055864
-0.022  1.180610
-0.021  1.258139
-0.020  1.353489
-0.019  1.510295
-0.018  1.853276
-0.017  1.580411
-0.016  1.522598
-0.015  1.504123
-0.014  1.498754
-0.013  1.503465
-0.012  1.511751
-0.011  1.524231
-0.010  1.543248
-0.009  1.310469
-0.008  1.331717
-0.007  1.351233
-0.006  1.367387
-0.005  1.372171
-0.004  1.362289
-0.003  1.334354
-0.002  1.288624
-0.001  1.237442
 0.000  1.184839
 0.001  1.140050
 0.002  1.100447
 0.003  1.067207
 0.004  1.040033
 0.005  1.015719
 0.006  0.996424
 0.007  0.980304
 0.008  0.965787
 0.009  0.954824
 0.010  0.946251
 0.011  0.939071
 0.012  0.933251
 0.013  0.930898
 0.014  0.930476
 0.015  0.932852
 0.016  0.938688
 0.017  0.949035
 0.018  0.967118
 0.019  0.998109
 0.020  1.057402
 0.021  1.311990
 0.022  0.963348
 0.023  0.879135
 0.024  0.836230
 0.025  0.806137
 0.026  0.782624
 0.027  0.762904
 0.028  0.746895
 0.029  0.732561
 0.030  0.719545
 0.031  0.708789
 0.032  0.698311
 0.033  0.688150
 0.034  0.678169
 0.035  0.670359
 0.036  0.661920
 0.037  0.653983
 0.038  0.646771
 0.039  0.639195
 0.040  0.632895
 0.041  0.625887
 0.042  0.620095
 0.043  0.613599
 0.044  0.608098
 0.045  0.602066
 0.046  0.597006
 0.047  0.591361
 0.048  0.586549
 0.049  0.581467
 0.050  0.576843
 0.051  0.572190
 0.052  0.567482
 0.053  0.563254
 0.054  0.558938
 0.055  0.555523
 0.056  0.551320
 0.057  0.548414
 0.058  0.545202
 0.059  0.543917
 0.060  0.418806
 0.061  0.420451
 0.062  0.422497
 0.063  0.425343
 0.064  0.428429
 0.065  0.432750
 0.066  0.437862
 0.067  0.444527
 0.068  0.451939
 0.069  0.464347
 0.070  1.167553
 0.071  1.230442
 0.072  1.318252
 0.073  1.450018
 0.074  1.836478
 0.075  1.547022
 0.076  1.329823
 0.077  1.213038
 0.078  1.133862
 0.079  1.079950
 0.080  1.036714
 0.081  1.000741
 0.082  0.968961
 0.083  0.946603
 0.084  0.924195
 0.085  0.906177
 0.086  0.891254
 0.087  0.878381
 0.088  0.866468
 0.089  0.857861
 0.090  0.850011
 0.091  2.200349
 0.092  2.675659
 0.093  1.993832
 0.094  1.783559
 0.095  1.808409
 0.096  1.753697
 0.097  1.722344
 0.098  1.749192
 0.099  1.968113
 0.100  1.591100
 0.101  1.501098
 0.102  1.437454
 0.103  1.384213
 0.104  0.936405
 0.105  0.920321
 0.106  0.915328
 0.107  0.908695
 0.108  0.904894
 0.109  0.902367
 0.110  0.897161
 0.111  0.896781
 0.112  0.897304
 0.113  0.895881
 0.114  0.899790
 0.115  0.902260
 0.116  1.013994
 0.117  0.923720
 0.118  0.946473
 0.119  0.973657
 0.120  1.002987
 0.121  1.040903
 0.122  1.088807
 0.123  1.141978
 0.124  1.224175
 0.125  1.610007
 0.126  1.273981
 0.127  1.207974
 0.128  1.169738
 0.129  1.146323
 0.130  1.128553
 0.131  1.113694
 0.132  1.103755
 0.133  1.093772
 0.134  1.087548
 0.135  1.080456
 0.136  1.075584
 0.137  1.069673
 0.138  1.065795
 0.139  1.063556
 0.140  1.059407
 0.141  1.058398
 0.142  1.055948
 0.143  1.054411
 0.144  1.053224
 0.145  1.052095
 0.146  1.053108
 0.147  1.053091
 0.148  1.054942
 0.149  1.055730
 0.150  1.059741
 0.151  1.062828
 0.152  1.068194
 0.153  1.076411
 0.154  1.088022
 0.155  1.107499
 0.156  1.148397
 0.157  1.165279
 0.158  1.090708
 0.159  1.061694
 0.160  1.032245
 0.161  1.011500
 0.162  0.996796
 0.163  0.980347
 0.164  0.966371
 0.165  0.953803
 0.166  0.941731
 0.167  0.931558
 0.168  0.919231
 0.169  0.909851
 0.170  0.898734
 0.171  0.889804
 0.172  0.879711
 0.173  0.870378
 0.174  0.863698
 0.175  0.851624
 0.176  0.904891
 0.177  0.898144
 0.178  0.892403
 0.179  0.889542
 0.180  0.885278
 0.181  0.884677
 0.182  0.880584
 0.183  0.876579
 0.184  0.875394
 0.185  0.872438
 0.186  0.869893
 0.187  0.864134
 0.188  0.865729
 0.189  0.858872
 0.190  0.858479
 0.191  0.854957
 0.192  0.849388
 0.193  0.851265
 0.194  0.845415
 0.195  0.844277
 0.196  0.842674
 0.197  0.837808
 0.198  0.835632
 0.199  0.832816
 0.200  0.830545
 0.201  0.827436
 0.202  0.827917
 0.203  0.819378
 0.204  0.820319
 0.205  0.817067
 0.206  0.812096
 0.207  0.816947
 0.208  0.769911
 0.209  0.775198
 0.210  0.776317
 0.211  0.782951
 0.212  0.789305
 0.213  0.796978
 0.214  0.803398
 0.215  0.812276
 0.216  0.829916
 0.217  0.876559
 0.218  0.856917
 0.219  0.826708
 0.220  0.806529
 0.221  0.792635
 0.222  0.782348
 0.223  0.729794
 0.224  0.730679
 0.225  0.733999
 0.226  0.733492
 0.227  0.741381
 0.228  0.746007
 0.229  0.756724
 0.230  0.826766
 0.231  0.861587
 0.232  0.906583
 0.233  1.093753
 0.234  0.899891
 0.235  0.865958
 0.236  0.837156
 0.237  0.819751
 0.238  0.835029
 0.239  0.779640
 0.240  0.433691
 0.241  0.439481
 0.242  0.446012
 0.243  0.448265
 0.244  0.457382
 0.245  0.464333
 0.246  0.472797
 0.247  0.476434
 0.248  0.493217
 0.249  0.498273
 0.250  0.507349
 0.251  0.521281
 0.252  0.528325
 0.253  0.540009
 0.254  0.564899
 0.255  0.581601
 0.256  0.796521
 0.257  0.906190
 0.258  1.070941
 0.259  1.053258
 0.260  0.925302
 0.261  0.870354
 0.262  0.836936
 0.263  0.814096
 0.264  0.797025
 0.265  0.783472
 0.266  0.772330
 0.267  0.763163
 0.268  0.755187
 0.269  0.748520
 0.270  0.742173
 0.271  0.736613
 0.272  0.731475
 0.273  0.727114
 0.274  0.722802
 0.275  0.718844
 0.276  0.715019
 0.277  0.711799
 0.278  0.708334
 0.279  0.705216
 0.280  0.702121
 0.281  0.699237
 0.282  0.696704
 0.283  0.693831
 0.284  0.691216
 0.285  0.688685
 0.286  0.686371
 0.287  0.684079
 0.288  0.681672
 0.289  0.679381
 0.290  0.677235
 0.291  0.675095
 0.292  0.673184
 0.293  0.670949
 0.294  0.668966
 0.295  0.666953
 0.296  0.665037
 0.297  0.663012
 0.298  0.661190
 0.299  0.659461
 0.300  0.657404
 0.301  0.655817
 0.302  0.653841
 0.303  0.652206
 0.304  0.650559
 0.305  0.648680
 0.306  0.647176
 0.307  0.645308
 0.308  0.643788
 0.309  0.642196
 0.310  0.640410
 0.311  0.638940
 0.312  0.637243
 0.313  0.635778
 0.314  0.634326
 0.315  0.632579
 0.316  0.631195
 0.317  0.629543
 0.318  0.628162
 0.319  0.626719
 0.320  0.625068
 0.321  0.623809
 0.322  0.621778
 0.323  0.620914
 0.324  0.619368
 0.325  0.618011
 0.326  0.616681
 0.327  0.615053
 0.328  0.613936
 0.329  0.612198
 0.330  0.611190
 0.331  0.609760
 0.332  0.608327
 0.333  0.607199
 0.334  0.605389
 0.335  0.604557
 0.336  0.603023
 0.337  0.601827
 0.338  0.600549
 0.339  0.599017
 0.340  0.598086
 0.341  0.596167
 0.342  0.595540
 0.343  0.593999
 0.344  0.592900
 0.345  0.591727
 0.346  0.590387
 0.347  0.589389
 0.348  0.587629
 0.349  0.586965
 0.350  0.585524
 0.351  0.584480
 0.352  0.583129
 0.353  0.581843
 0.354  0.580976
 0.355  0.579231
 0.356  0.578736
 0.357  0.576975
 0.358  0.576292
 0.359  0.574574
 0.360  0.574091
 0.361  0.572695
 0.362  0.571457
 0.363  0.570713
 0.364  0.569088
 0.365  0.568378
 0.366  0.566834
 0.367  0.566248
 0.368  0.564754
 0.369  0.564049
 0.370  0.562547
 0.371  0.561781
 0.372  0.560465
 0.373  0.559233
 0.374  0.558318
 0.375  0.557523
 0.376  0.556234
 0.377  0.555153
 0.378  0.554668
 0.379  0.553178
 0.380  0.552060
 0.381  0.551527
 0.382  0.549986
 0.383  0.549625
 0.384  0.540923
 0.385  0.540622
 0.386  0.540724
 0.387  0.540318
 0.388  0.540249
 0.389  0.540167
 0.390  0.540337
 0.391  0.540146
 0.392  0.540358
 0.393  0.540414
 0.394  0.541292
 0.395  0.541845
 0.396  0.544600
 0.397  0.556219
 0.398  0.541494
 0.399  0.535834
 0.400  0.532485
 0.401  0.531393
 0.402  0.528570
 0.403  0.526854
 0.404  0.524801
 0.405  0.522927
 0.406  0.527313
 0.407  0.525608
 0.408  0.524941
 0.409  0.523895
 0.410  0.523744
 0.411  0.522136
 0.412  0.521970
 0.413  0.520422
 0.414  0.519079
 0.415  0.518471
 0.416  0.517963
 0.417  0.517100
 0.418  0.515873
 0.419  0.516171
 0.420  0.514244
 0.421  0.513736
 0.422  0.512693
 0.423  0.512079
 0.424  0.510821
 0.425  0.509771
 0.426  0.509530
 0.427  0.508145
 0.428  0.507904
 0.429  0.507017
 0.430  0.506108
 0.431  0.504892
 0.432  0.504066
 0.433  0.503635
 0.434  0.502287
 0.435  0.501893
 0.436  0.502076
 0.437  0.500029
 0.438  0.499106
 0.439  0.499363
 0.440  0.497402
 0.441  0.496617
 0.442  0.495767
 0.443  0.495912
 0.444  0.494199
 0.445  0.492475
 0.446  0.494324
 0.447  0.490834
 0.448  0.491368
 0.449  0.491664
 0.450  0.489076
 0.451  0.489108
 0.452  0.488996
 0.453  0.487471
 0.454  0.486900
 0.455  0.486452
 0.456  0.485665
 0.457  0.484837
 0.458  0.483868
 0.459  0.483042
 0.460  0.482898
 0.461  0.481348
 0.462  0.480478
 0.463  0.481186
 0.464  0.478788
 0.465  0.478412
 0.466  0.478761
 0.467  0.476088
 0.468  0.476760
 0.469  0.476880
 0.470  0.473516
 0.471  0.475509
 0.472  0.473909
 0.473  0.471269
 0.474  0.474165
 0.475  0.470793
 0.476  0.470648
 0.477  0.471406
 0.478  0.467387
 0.479  0.469736
 0.480  0.468236
 0.481  0.467126
 0.482  0.467163
 0.483  0.464856
 0.484  0.465293
 0.485  0.463574
 0.486  0.463498
 0.487  0.462786
 0.488  0.464453
 0.489  0.460934
 0.490  0.464184
 0.491  0.459031
 0.492  0.460855
 0.493  0.457604
 0.494  0.458634
 0.495  0.457595
 0.496  0.457090
 0.497  0.457723
 0.498  0.456902
 0.499  0.455103
 0.500  0.459039
 0.501  0.453215
 0.502  0.452014
 0.503  0.451343
 0.504  0.449927
 0.505  0.454951
 0.506  0.447990
 0.507  0.449885
 0.508  0.446898
 0.509  0.453690
 0.510  0.446358
 0.511  0.454307
 0.512  0.444547
 0.513  0.442850
 0.514  0.444090
 0.515  0.442686
 0.516  0.445718
 0.517  0.441603
 0.518  0.439936
 0.519  0.444313
 0.520  0.439269
 0.521  0.436977
 0.522  0.436226
 0.523  0.449894
 0.524  0.434172
 0.525  0.431416
 0.526  0.443727
 0.527  0.384153
 0.528  0.388053
 0.529  0.391916
 0.530  0.396223
 0.531  0.401016
 0.532  0.407311
 0.533  0.413052
 0.534  0.422007
 0.535  0.433756
 0.536  0.468475
 0.537  0.461400
 0.538  0.448297
 0.539  0.443014
 0.540  0.439513
 0.541  0.437057
 0.542  0.435264
 0.543  0.433842
 0.544  0.432541
 0.545  0.431467
 0.546  0.430530
 0.547  0.429478
 0.548  0.428631
 0.549  0.427756
 0.550  0.426881
 0.551  0.426396
 0.552  0.425764
 0.553  0.424654
 0.554  0.424389
 0.555  0.423616
 0.556  0.422637
 0.557  0.422799
 0.558  0.422634
 0.559  0.326366
 0.560  0.325902
 0.561  0.325446
 0.562  0.325089
 0.563  0.324787
 0.564  0.324479
 0.565  0.324184
 0.566  0.323901
 0.567  0.323634
 0.568  0.323313
 0.569  0.322979
 0.570  0.322624
 0.571  0.322228
 0.572  0.321777
 0.573  0.321375
 0.574  0.321677
 0.575  0.320868
 0.576  0.321223
 0.577  0.320080
 0.578  0.319766
 0.579  0.320323
 0.580  0.318323
 0.581  0.227459
 0.582  0.227408
 0.583  0.227342
 0.584  0.227285
 0.585  0.227256
 0.586  0.227190
 0.587  0.227131
 0.588  0.227085
 0.589  0.227050
 0.590  0.226990
 0.591  0.226939
 0.592  0.226916
 0.593  0.226862
 0.594  0.226808
 0.595  0.226767
 0.596  0.226744
 0.597  0.226689
 0.598  0.226643
 0.599  0.226617
 0.600  0.226580
 0.601  0.226531
 0.602  0.226494
 0.603  0.226480
 0.604  0.226430
 0.605  0.226388
 0.606  0.226365
 0.607  0.226338
 0.608  0.226293
 0.609  0.226261
 0.610  0.226255
 0.611  0.226208
 0.612  0.226171
 0.613  0.226153
 0.614  0.226132
 0.615  0.226091
 0.616  0.226064
 0.617  0.226063
 0.618  0.226021
 0.619  0.225988
 0.620  0.225978
 0.621  0.225958
 0.622  0.225923
 0.623  0.225901
 0.624  0.225903
 0.625  0.225866
 0.626  0.225839
 0.627  0.225843
 0.628  0.225816
 0.629  0.225786
 0.630  0.225773
 0.631  0.225775
 0.632  0.225742
 0.633  0.225722
 0.634  0.225740
 0.635  0.225706
 0.636  0.225682
 0.637  0.225679
 0.638  0.225676
 0.639  0.225650
 0.640  0.225638
 0.641  0.225654
 0.642  0.225625
 0.643  0.225609
 0.644  0.225638
 0.645  0.225608
 0.646  0.225588
 0.647  0.225591
 0.648  0.225598
 0.649  0.225576
 0.650  0.225570
 0.651  0.225594
 0.652  0.225570
 0.653  0.225560
 0.654  0.225597
 0.655  0.225571
 0.656  0.225558
 0.657  0.225571
 0.658  0.225579
 0.659  0.225564
 0.660  0.225568
 0.661  0.225594
 0.662  0.225577
 0.663  0.225576
 0.664  0.225614
 0.665  0.225596
 0.666  0.225592
 0.667  0.225641
 0.668  0.225622
 0.669  0.225616
 0.670  0.225640
 0.671  0.225654
 0.672  0.225647
 0.673  0.225662
 0.674  0.225693
 0.675  0.225684
 0.676  0.225695
 0.677  0.225737
 0.678  0.225728
 0.679  0.225736
 0.680  0.225788
 0.681  0.225778
 0.682  0.225785
 0.683  0.225845
 0.684  0.225834
 0.685  0.225840
 0.686  0.225896
 0.687  0.225897
 0.688  0.225902
 0.689  0.225944
 0.690  0.225966
 0.691  0.225971
 0.692  0.226008
 0.693  0.226041
 0.694  0.226046
 0.695  0.226081
 0.696  0.226122
 0.697  0.226128
 0.698  0.226161
 0.699  0.226210
 0.700  0.226216
 0.701  0.226249
 0.702  0.226303
 0.703  0.226310
 0.704  0.226345
 0.705  0.226403
 0.706  0.226412
 0.707  0.226448
 0.708  0.226509
 0.709  0.226519
 0.710  0.226558
 0.711  0.226621
 0.712  0.226633
 0.713  0.226676
 0.714  0.226739
 0.715  0.226755
 0.716  0.226802
 0.717  0.226865
 0.718  0.226883
 0.719  0.226937
 0.720  0.226996
 0.721  0.227018
 0.722  0.227081
 0.723  0.227135
 0.724  0.227160
 0.725  0.227238
 0.726  0.227280
 0.727  0.227311
 0.728  0.227420
 0.729  0.227433
 0.730  0.227470
 0.731  0.227575
 0.732  0.227593
 0.733  0.227638
 0.734  0.227738
 0.735  0.227760
 0.736  0.227815
 0.737  0.227908
 0.738  0.227937
 0.739  0.228006
 0.740  0.228086
 0.741  0.228122
 0.742  0.228217
 0.743  0.228272
 0.744  0.228317
 0.745  0.228440
 0.746  0.228466
 0.747  0.228525
 0.748  0.228636
 0.749  0.228671
 0.750  0.228748
 0.751  0.228841
 0.752  0.228886
 0.753  0.229006
 0.754  0.229056
 0.755  0.229115
 0.756  0.229245
 0.757  0.229282
 0.758  0.229360
 0.759  0.229470
 0.760  0.229520
 0.761  0.229644
 0.762  0.229706
 0.763  0.229773
 0.764  0.229911
 0.765  0.229956
 0.766  0.230050
 0.767  0.230159
 0.768  0.230220
 0.769  0.230378
 0.770  0.230420
 0.771  0.230506
 0.772  0.230639
 0.773  0.230698
 0.774  0.230846
 0.775  0.230913
 0.776  0.230997
 0.777  0.231145
 0.778  0.231205
 0.779  0.231342
 0.780  0.231434
 0.781  0.231521
 0.782  0.231678
 0.783  0.231743
 0.784  0.231891
 0.785  0.231984
 0.786  0.232079
 0.787  0.232239
 0.788  0.232311
 0.789  0.232507
 0.790  0.232563
 0.791  0.232674
 0.792  0.232829
 0.793  0.232914
 0.794  0.233107
 0.795  0.233175
 0.796  0.233316
 0.797  0.233450
 0.798  0.233556
 0.799  0.233738
 0.800  0.233823
 0.801  0.234037
 0.802  0.234107
 0.803  0.234250
 0.804  0.234404
 0.805  0.234517
 0.806  0.234711
 0.807  0.234806
 0.808  0.235028
 0.809  0.235110
 0.810  0.235286
 0.811  0.235425
 0.812  0.235565
 0.813  0.235751
 0.814  0.235870
 0.815  0.236086
 0.816  0.236192
 0.817  0.236431
 0.818  0.236525
 0.819  0.236761
 0.820  0.236868
 0.821  0.237048
 0.822  0.237222
 0.823  0.237379
 0.824  0.237583
 0.825  0.237727
 0.826  0.237954
 0.827  0.238087
 0.828  0.238332
 0.829  0.238458
 0.830  0.238718
 0.831  0.238839
 0.832  0.239112
 0.833  0.239229
 0.834  0.239512
 0.835  0.239628
 0.836  0.239921
 0.837  0.240037
 0.838  0.240336
 0.839  0.240453
 0.840  0.240759
 0.841  0.240878
 0.842  0.241188
 0.843  0.241312
 0.844  0.241626
 0.845  0.241756
 0.846  0.242071
 0.847  0.242209
 0.848  0.242522
 0.849  0.242674
 0.850  0.242983
 0.851  0.243151
 0.852  0.243453
 0.853  0.243642
 0.854  0.243933
 0.855  0.244153
 0.856  0.244424
 0.857  0.244697
 0.858  0.244928
 0.859  0.245295
 0.860  0.245447
 0.861  0.245800
 0.862  0.245986
 0.863  0.246318
 0.864  0.246557
 0.865  0.246853
 0.866  0.247222
 0.867  0.247408
 0.868  0.247788
 0.869  0.247994
 0.870  0.248340
 0.871  0.248643
 0.872  0.248919
 0.873  0.249324
 0.874  0.249535
 0.875  0.249901
 0.876  0.250248
 0.877  0.250513
 0.878  0.250926
 0.879  0.251186
 0.880  0.251538
 0.881  0.251985
 0.882  0.252209
 0.883  0.252602
 0.884  0.253073
 0.885  0.253281
 0.886  0.253700
 0.887  0.254188
 0.888  0.254397
 0.889  0.254827
 0.890  0.255325
 0.891  0.255558
 0.892  0.255988
 0.893  0.256486
 0.894  0.256779
 0.895  0.257187
 0.896  0.257677
 0.897  0.258166
 0.898  0.258448
 0.899  0.258911
 0.900  0.259433
 0.901  0.259883
 0.902  0.260226
 0.903  0.260708
 0.904  0.261241
 0.905  0.261808
 0.906  0.262129
 0.907  0.262590
 0.908  0.263112
 0.909  0.263671
 0.910  0.264255
 0.911  0.264727
 0.912  0.265139
 0.913  0.265654
 0.914  0.266206
 0.915  0.266782
 0.916  0.267372
 0.917  0.267977
 0.918  0.268589
 0.919  0.269211
 0.920  0.269834
 0.921  0.270401
 0.922  0.270974
 0.923  0.271550
 0.924  0.272201
 0.925  0.272891
 0.926  0.273578
 0.927  0.274194
 0.928  0.274808
 0.929  0.275423
 0.930  0.276047
 0.931  0.276688
 0.932  0.277374
 0.933  0.278179
 0.934  0.279092
 0.935  0.279663
 0.936  0.280318
 0.937  0.281297
 0.938  0.282017
 0.939  0.282653
 0.940  0.283793
 0.941  0.284295
 0.942  0.285485
 0.943  0.285958
 0.944  0.287014
 0.945  0.288265
 0.946  0.288613
 0.947  0.289505
 0.948  0.290441
 0.949  0.291349
 0.950  0.292387
 0.951  0.293776
 0.952  0.294252
 0.953  0.295267
 0.954  0.296194
 0.955  0.297595
 0.956  0.298725
 0.957  0.297646
 0.958  0.000000
 0.959  0.000000
 0.960  0.000000
 0.961  0.000000
 0.962  0.000000
 0.963  0.000000
 0.964  0.000000
 0.965  0.000000
 0.966  0.000000
 0.967  0.000000
 0.968  0.000000
 0.969  0.000000
 0.970  0.000000
 0.971  0.000000
 0.972  0.000000
 0.973  0.000000
 0.974  0.000000
 0.975  0.000000
 0.976  0.000000
 0.977  0.000000
 0.978  0.000000
 0.979  0.000000
 0.980  0.000000
 0.981  0.000000
 0.982  0.000000
 0.983  0.000000
 0.984  0.000000
 0.985  0.000000
 0.986  0.000000
 0.987  0.000000
 0.988  0.000000
 0.989  0.000000
 0.990  0.000000
 0.991  0.000000
 0.992  0.000000
 0.993  0.000000
 0.994  0.000000
 0.995  0.000000
 0.996  0.000000
 0.997  0.000000
 0.998  0.000000
 0.999  0.000000
 1.000  0.000000
