-0.0400  0.852783
-0.0399  0.853237
-0.0398  0.853676
-0.0397  0.854116
-0.0396  0.854520
-0.0395  0.854910
-0.0394  0.855289
-0.0393  0.855649
-0.0392  0.856038
-0.0391  0.856432
-0.0390  0.856806
-0.0389  0.857174
-0.0388  0.857646
-0.0387  0.858181
-0.0386  0.858703
-0.0385  0.859412
-0.0384  0.860040
-0.0383  0.860777
-0.0382  0.861218
-0.0381  0.861569
-0.0380  0.861953
-0.0379  0.862331
-0.0378  0.862697
-0.0377  0.863067
-0.0376  0.863460
-0.0375  0.863835
-0.0374  0.864202
-0.0373  0.864836
-0.0372  0.865319
-0.0371  0.865898
-0.0370  0.866454
-0.0369  0.866951
-0.0368  0.867427
-0.0367  0.867889
-0.0366  0.868436
-0.0365  0.869117
-0.0364  0.869898
-0.0363  0.870345
-0.0362  0.870705
-0.0361  0.871073
-0.0360  0.871468
-0.0359  0.872125
-0.0358  0.872623
-0.0357  0.873176
-0.0356  0.873674
-0.0355  0.874126
-0.0354  0.874517
-0.0353  0.874968
-0.0352  0.875412
-0.0351  0.875846
-0.0350  0.876276
-0.0349  0.876708
-0.0348  0.877146
-0.0347  0.877597
-0.0346  0.878259
-0.0345  0.879480
-0.0344  0.880061
-0.0343  0.880750
-0.0342  0.881287
-0.0341  0.881804
-0.0340  0.882284
-0.0339  0.882743
-0.0338  0.883194
-0.0337  0.883637
-0.0336  0.884072
-0.0335  0.884502
-0.0334  0.884922
-0.0333  0.885338
-0.0332  0.885952
-0.0331  0.886566
-0.0330  0.887176
-0.0329  0.887851
-0.0328  0.888462
-0.0327  0.889068
-0.0326  0.890017
-0.0325  0.890689
-0.0324  0.891146
-0.0323  0.891598
-0.0322  0.892041
-0.0321  0.892472
-0.0320  0.892900
-0.0319  0.893330
-0.0318  0.894086
-0.0317  0.894670
-0.0316  0.895385
-0.0315  0.896044
-0.0314  0.896616
-0.0313  0.897214
-0.0312  0.897814
-0.0311  0.898387
-0.0310  0.898956
-0.0309  0.899534
-0.0308  0.900134
-0.0307  0.900823
-0.0306  0.901647
-0.0305  0.902396
-0.0304  0.903003
-0.0303  0.903670
-0.0302  0.904288
-0.0301  0.904853
-0.0300  0.905388
-0.0299  0.905859
-0.0298  0.906397
-0.0297  0.906971
-0.0296  0.907535
-0.0295  0.908079
-0.0294  0.908620
-0.0293  0.909156
-0.0292  0.910012
-0.0291  0.910765
-0.0290  0.911595
-0.0289  0.912430
-0.0288  0.913263
-0.0287  0.914112
-0.0286  0.914876
-0.0285  0.915438
-0.0284  0.915979
-0.0283  0.916507
-0.0282  0.917039
-0.0281  0.917609
-0.0280  0.918168
-0.0279  0.919099
-0.0278  0.919830
-0.0277  0.920659
-0.0276  0.921404
-0.0275  0.922101
-0.0274  0.922772
-0.0273  0.923416
-0.0272  0.924038
-0.0271  0.924693
-0.0270  0.925374
-0.0269  0.926058
-0.0268  0.926747
-0.0267  0.927711
-0.0266  0.928599
-0.0265  0.929379
-0.0264  0.930295
-0.0263  0.931059
-0.0262  0.931786
-0.0261  0.932527
-0.0260  0.933242
-0.0259  0.933918
-0.0258  0.934587
-0.0257  0.935244
-0.0256  0.935898
-0.0255  0.936548
-0.0254  0.937668
-0.0253  0.938523
-0.0252  0.939536
-0.0251  0.940435
-0.0250  0.941296
-0.0249  0.942186
-0.0248  0.943040
-0.0247  0.943887
-0.0246  0.944580
-0.0245  0.945226
-0.0244  0.945821
-0.0243  0.946476
-0.0242  0.947608
-0.0241  0.948516
-0.0240  0.949546
-0.0239  0.950473
-0.0238  0.951345
-0.0237  0.952169
-0.0236  0.952989
-0.0235  0.953786
-0.0234  0.954601
-0.0233  0.955509
-0.0232  0.956355
-0.0231  0.957183
-0.0230  0.958565
-0.0229  0.959587
-0.0228  0.960846
-0.0227  0.961912
-0.0226  0.962823
-0.0225  0.963701
-0.0224  0.964531
-0.0223  0.965348
-0.0222  0.966147
-0.0221  0.966933
-0.0220  0.967705
-0.0219  0.968882
-0.0218  0.970021
-0.0217  0.971227
-0.0216  0.972416
-0.0215  0.973519
-0.0214  0.974553
-0.0213  0.975557
-0.0212  0.976538
-0.0211  0.977487
-0.0210  0.978426
-0.0209  0.979356
-0.0208  0.980568
-0.0207  0.981928
-0.0206  0.983081
-0.0205  0.984481
-0.0204  0.985644
-0.0203  0.986733
-0.0202  0.987811
-0.0201  0.988944
-0.0200  0.989997
-0.0199  0.991019
-0.0198  0.992005
-0.0197  0.993372
-0.0196  0.994844
-0.0195  0.996120
-0.0194  0.997681
-0.0193  0.998939
-0.0192  1.000159
-0.0191  1.001318
-0.0190  1.002455
-0.0189  1.003531
-0.0188  1.004666
-0.0187  1.005685
-0.0186  1.007511
-0.0185  1.009052
-0.0184  1.010715
-0.0183  1.012213
-0.0182  1.013618
-0.0181  1.014928
-0.0180  1.016209
-0.0179  1.017444
-0.0178  1.018715
-0.0177  1.019919
-0.0176  1.021775
-0.0175  1.023514
-0.0174  1.025283
-0.0173  1.027031
-0.0172  1.028573
-0.0171  1.030104
-0.0170  1.031685
-0.0169  1.033226
-0.0168  1.034620
-0.0167  1.035936
-0.0166  1.038179
-0.0165  1.039996
-0.0164  1.042038
-0.0163  1.043872
-0.0162  1.045551
-0.0161  1.047120
-0.0160  1.048705
-0.0159  1.050231
-0.0158  1.051716
-0.0157  1.053888
-0.0156  1.056170
-0.0155  1.058435
-0.0154  1.060889
-0.0153  1.062935
-0.0152  1.064925
-0.0151  1.066793
-0.0150  1.068683
-0.0149  1.070486
-0.0148  1.073179
-0.0147  1.075634
-0.0146  1.078104
-0.0145  1.080704
-0.0144  1.082995
-0.0143  1.085100
-0.0142  1.087151
-0.0141  1.089115
-0.0140  1.091078
-0.0139  1.095062
-0.0138  1.097772
-0.0137  1.101123
-0.0136  1.103851
-0.0135  1.106422
-0.0134  1.108850
-0.0133  1.111124
-0.0132  1.114080
-0.0131  1.118065
-0.0130  1.121222
-0.0129  1.125061
-0.0128  1.128184
-0.0127  1.131085
-0.0126  1.133845
-0.0125  1.136562
-0.0124  1.141937
-0.0123  1.145886
-0.0122  1.150484
-0.0121  1.154491
-0.0120  1.158050
-0.0119  1.161469
-0.0118  1.166152
-0.0117  1.171611
-0.0116  1.176008
-0.0115  1.181826
-0.0114  1.186261
-0.0113  1.190507
-0.0112  1.195706
-0.0111  1.203033
-0.0110  1.208628
-0.0109  1.215924
-0.0108  1.221665
-0.0107  1.226758
-0.0106  1.236925
-0.0105  1.244275
-0.0104  1.252964
-0.0103  1.260405
-0.0102  1.269847
-0.0101  1.281993
-0.0100  1.290895
-0.0099  1.302883
-0.0098  1.656227
-0.0097  1.696960
-0.0096  1.892292
-0.0095  1.932698
-0.0094  1.980463
-0.0093  2.024401
-0.0092  2.109708
-0.0091  2.184352
-0.0090  2.343301
-0.0089  2.901404
-0.0088  2.451117
-0.0087  2.495842
-0.0086  2.256512
-0.0085  2.141686
-0.0084  2.040901
-0.0083  1.989837
-0.0082  1.940215
-0.0081  1.897093
-0.0080  1.863616
-0.0079  1.834807
-0.0078  1.807965
-0.0077  1.785258
-0.0076  1.763977
-0.0075  1.745199
-0.0074  1.727380
-0.0073  1.712764
-0.0072  1.696888
-0.0071  1.682750
-0.0070  1.670866
-0.0069  1.659232
-0.0068  1.648065
-0.0067  1.637235
-0.0066  1.628167
-0.0065  1.619122
-0.0064  1.610122
-0.0063  1.601733
-0.0062  1.594200
-0.0061  1.586366
-0.0060  1.578818
-0.0059  1.571610
-0.0058  1.565279
-0.0057  1.558905
-0.0056  1.552431
-0.0055  1.546620
-0.0054  1.540856
-0.0053  1.535834
-0.0052  1.530021
-0.0051  1.525744
-0.0050  1.521110
-0.0049  1.515835
-0.0048  1.510252
-0.0047  1.506435
-0.0046  1.502029
-0.0045  1.497410
-0.0044  1.492823
-0.0043  1.489474
-0.0042  1.484771
-0.0041  1.481292
-0.0040  1.477751
-0.0039  1.474417
-0.0038  1.470767
-0.0037  1.468426
-0.0036  1.464280
-0.0035  1.461037
-0.0034  1.457538
-0.0033  1.453052
-0.0032  1.450157
-0.0031  1.448952
-0.0030  1.444931
-0.0029  1.441253
-0.0028  1.439655
-0.0027  1.435986
-0.0026  1.432631
-0.0025  1.432395
-0.0024  1.429708
-0.0023  1.425923
-0.0022  1.422962
-0.0021  1.419540
-0.0020  1.417198
-0.0019  1.416177
-0.0018  1.412910
-0.0017  1.410494
-0.0016  1.408443
-0.0015  1.405990
-0.0014  1.406575
-0.0013  1.403401
-0.0012  1.399511
-0.0011  1.397280
-0.0010  1.394961
-0.0009  1.395427
-0.0008  1.392843
-0.0007  1.387725
-0.0006  1.386170
-0.0005  1.387003
-0.0004  1.387181
-0.0003  1.382501
-0.0002  1.378437
-0.0001  1.380096
 0.0000  1.380384
 0.0001  1.373625
 0.0002  1.370360
 0.0003  1.375784
 0.0004  1.368002
 0.0005  1.378678
 0.0006  1.364339
 0.0007  1.372317
 0.0008  1.292416
 0.0009  1.241994
 0.0010  1.237778
 0.0011  1.244602
 0.0012  1.247838
 0.0013  1.176430
 0.0014  1.177534
 0.0015  1.179179
 0.0016  1.179936
 0.0017  1.180308
 0.0018  1.180328
 0.0019  1.179661
 0.0020  1.179594
 0.0021  1.179840
 0.0022  1.181461
 0.0023  1.183803
 0.0024  1.185102
 0.0025  1.185345
 0.0026  1.186263
 0.0027  1.187362
 0.0028  1.188165
 0.0029  1.189302
 0.0030  1.191679
 0.0031  1.194315
 0.0032  1.196621
 0.0033  1.198890
 0.0034  1.200833
 0.0035  1.202428
 0.0036  1.205712
 0.0037  1.209871
 0.0038  1.214754
 0.0039  1.218957
 0.0040  1.222656
 0.0041  1.226762
 0.0042  1.232891
 0.0043  1.242675
 0.0044  1.250104
 0.0045  1.257447
 0.0046  1.270094
 0.0047  1.283721
 0.0048  1.304831
 0.0049  1.336973
 0.0050  1.508333
 0.0051  1.385047
 0.0052  1.457785
 0.0053  1.362937
 0.0054  1.329027
 0.0055  1.301976
 0.0056  1.289194
 0.0057  1.271785
 0.0058  1.258502
 0.0059  1.249512
 0.0060  1.240490
 0.0061  1.231328
 0.0062  1.223923
 0.0063  1.214603
 0.0064  1.206860
 0.0065  1.200549
 0.0066  1.194470
 0.0067  1.188544
 0.0068  1.181809
 0.0069  1.176300
 0.0070  1.170993
 0.0071  1.164343
 0.0072  1.158747
 0.0073  1.155352
 0.0074  1.150560
 0.0075  1.144382
 0.0076  1.140449
 0.0077  1.136252
 0.0078  1.130865
 0.0079  1.125513
 0.0080  1.121855
 0.0081  1.118847
 0.0082  1.115047
 0.0083  1.109904
 0.0084  1.104833
 0.0085  1.101327
 0.0086  1.098553
 0.0087  1.095070
 0.0088  1.090251
 0.0089  1.086279
 0.0090  1.083617
 0.0091  1.080318
 0.0092  1.076203
 0.0093  1.071918
 0.0094  1.068085
 0.0095  1.066011
 0.0096  1.063614
 0.0097  1.060848
 0.0098  1.057348
 0.0099  1.052337
 0.0100  1.048432
 0.0101  1.046476
 0.0102  1.044313
 0.0103  1.042003
 0.0104  1.039253
 0.0105  1.035774
 0.0106  1.031488
 0.0107  1.028672
 0.0108  1.026660
 0.0109  1.024498
 0.0110  1.022224
 0.0111  1.019600
 0.0112  1.016292
 0.0113  1.012698
 0.0114  1.010323
 0.0115  1.007562
 0.0116  1.005803
 0.0117  1.003892
 0.0118  1.001666
 0.0119  0.999019
 0.0120  0.995332
 0.0121  0.992793
 0.0122  0.990517
 0.0123  0.987961
 0.0124  0.986299
 0.0125  0.984490
 0.0126  0.982510
 0.0127  0.980221
 0.0128  0.977143
 0.0129  0.974631
 0.0130  0.972548
 0.0131  0.969965
 0.0132  0.968441
 0.0133  0.966813
 0.0134  0.965048
 0.0135  0.963116
 0.0136  0.960867
 0.0137  0.957768
 0.0138  0.955522
 0.0139  0.953213
 0.0140  0.951774
 0.0141  0.950362
 0.0142  0.948663
 0.0143  0.946955
 0.0144  0.945114
 0.0145  0.943088
 0.0146  0.940601
 0.0147  0.937199
 0.0148  0.935493
 0.0149  0.934293
 0.0150  0.933019
 0.0151  0.931651
 0.0152  0.930221
 0.0153  0.928441
 0.0154  0.926598
 0.0155  0.924452
 0.0156  0.921705
 0.0157  0.919067
 0.0158  0.917875
 0.0159  0.916700
 0.0160  0.915526
 0.0161  0.914209
 0.0162  0.912831
 0.0163  0.911332
 0.0164  0.909402
 0.0165  0.907059
 0.0166  0.905627
 0.0167  0.904000
 0.0168  0.901764
 0.0169  0.900301
 0.0170  0.899095
 0.0171  0.897796
 0.0172  0.896376
 0.0173  0.894705
 0.0174  0.892777
 0.0175  0.891619
 0.0176  0.890160
 0.0177  0.888797
 0.0178  0.887339
 0.0179  0.885708
 0.0180  0.883461
 0.0181  0.882037
 0.0182  0.880560
 0.0183  0.878723
 0.0184  0.877789
 0.0185  0.876794
 0.0186  0.875722
 0.0187  0.874479
 0.0188  0.873129
 0.0189  0.871805
 0.0190  0.870373
 0.0191  0.868699
 0.0192  0.866553
 0.0193  0.864462
 0.0194  0.863567
 0.0195  0.862641
 0.0196  0.861701
 0.0197  0.860712
 0.0198  0.859652
 0.0199  0.858289
 0.0200  0.856886
 0.0201  0.855251
 0.0202  0.853568
 0.0203  0.852457
 0.0204  0.851288
 0.0205  0.850066
 0.0206  0.848619
 0.0207  0.847082
 0.0208  0.846097
 0.0209  0.845049
 0.0210  0.843889
 0.0211  0.842139
 0.0212  0.840804
 0.0213  0.839863
 0.0214  0.838902
 0.0215  0.837932
 0.0216  0.836903
 0.0217  0.835883
 0.0218  0.834754
 0.0219  0.833532
 0.0220  0.832067
 0.0221  0.829833
 0.0222  0.828867
 0.0223  0.827852
 0.0224  0.826923
 0.0225  0.825995
 0.0226  0.825065
 0.0227  0.824106
 0.0228  0.823103
 0.0229  0.822040
 0.0230  0.820832
 0.0231  0.819300
 0.0232  0.818146
 0.0233  0.817288
 0.0234  0.816388
 0.0235  0.815104
 0.0236  0.813749
 0.0237  0.812466
 0.0238  0.811538
 0.0239  0.810567
 0.0240  0.809506
 0.0241  0.808161
 0.0242  0.807029
 0.0243  0.806308
 0.0244  0.805557
 0.0245  0.804779
 0.0246  0.804026
 0.0247  0.802950
 0.0248  0.801905
 0.0249  0.800838
 0.0250  0.799698
 0.0251  0.798388
 0.0252  0.796642
 0.0253  0.795512
 0.0254  0.794858
 0.0255  0.794164
 0.0256  0.793434
 0.0257  0.792695
 0.0258  0.791924
 0.0259  0.790866
 0.0260  0.789726
 0.0261  0.788656
 0.0262  0.787383
 0.0263  0.786195
 0.0264  0.785466
 0.0265  0.784713
 0.0266  0.783927
 0.0267  0.783109
 0.0268  0.782248
 0.0269  0.781275
 0.0270  0.780082
 0.0271  0.779191
 0.0272  0.777954
 0.0273  0.776629
 0.0274  0.775608
 0.0275  0.775029
 0.0276  0.774383
 0.0277  0.773713
 0.0278  0.773035
 0.0279  0.772327
 0.0280  0.771586
 0.0281  0.770808
 0.0282  0.769997
 0.0283  0.769135
 0.0284  0.767421
 0.0285  0.766207
 0.0286  0.765393
 0.0287  0.764481
 0.0288  0.763404
 0.0289  0.762753
 0.0290  0.762095
 0.0291  0.761420
 0.0292  0.760728
 0.0293  0.760008
 0.0294  0.759243
 0.0295  0.758408
 0.0296  0.756641
 0.0297  0.756007
 0.0298  0.755346
 0.0299  0.754680
 0.0300  0.753989
 0.0301  0.753282
 0.0302  0.752546
 0.0303  0.751796
 0.0304  0.751029
 0.0305  0.750209
 0.0306  0.749223
 0.0307  0.748073
 0.0308  0.746886
 0.0309  0.746060
 0.0310  0.745453
 0.0311  0.744836
 0.0312  0.744195
 0.0313  0.743538
 0.0314  0.742864
 0.0315  0.742164
 0.0316  0.741376
 0.0317  0.740650
 0.0318  0.739876
 0.0319  0.739011
 0.0320  0.738073
 0.0321  0.737076
 0.0322  0.736405
 0.0323  0.735705
 0.0324  0.734978
 0.0325  0.734197
 0.0326  0.733195
 0.0327  0.732506
 0.0328  0.731848
 0.0329  0.731161
 0.0330  0.730436
 0.0331  0.729675
 0.0332  0.728924
 0.0333  0.728206
 0.0334  0.727435
 0.0335  0.726837
 0.0336  0.726227
 0.0337  0.725594
 0.0338  0.724925
 0.0339  0.724247
 0.0340  0.723548
 0.0341  0.722832
 0.0342  0.722077
 0.0343  0.721277
 0.0344  0.720443
 0.0345  0.719608
 0.0346  0.718681
 0.0347  0.717780
 0.0348  0.717204
 0.0349  0.716619
 0.0350  0.716025
 0.0351  0.715414
 0.0352  0.714784
 0.0353  0.714139
 0.0354  0.713480
 0.0355  0.712807
 0.0356  0.712144
 0.0357  0.711467
 0.0358  0.710774
 0.0359  0.709983
 0.0360  0.709370
 0.0361  0.708780
 0.0362  0.708191
 0.0363  0.707584
 0.0364  0.706925
 0.0365  0.706248
 0.0366  0.705543
 0.0367  0.704780
 0.0368  0.703899
 0.0369  0.703275
 0.0370  0.702638
 0.0371  0.701960
 0.0372  0.701218
 0.0373  0.700623
 0.0374  0.700056
 0.0375  0.699485
 0.0376  0.698907
 0.0377  0.698322
 0.0378  0.697733
 0.0379  0.697138
 0.0380  0.696533
 0.0381  0.695927
 0.0382  0.695305
 0.0383  0.694661
 0.0384  0.693991
 0.0385  0.693281
 0.0386  0.692668
 0.0387  0.692019
 0.0388  0.691351
 0.0389  0.690653
 0.0390  0.689948
 0.0391  0.689409
 0.0392  0.688869
 0.0393  0.688325
 0.0394  0.687779
 0.0395  0.687223
 0.0396  0.686643
 0.0397  0.686028
 0.0398  0.685403
 0.0399  0.684822
 0.0400  0.684236
