-0.0400  0.865314
-0.0399  0.865775
-0.0398  0.866215
-0.0397  0.866695
-0.0396  0.867169
-0.0395  0.867638
-0.0394  0.868098
-0.0393  0.868580
-0.0392  0.869308
-0.0391  0.869965
-0.0390  0.870522
-0.0389  0.871170
-0.0388  0.871745
-0.0387  0.872289
-0.0386  0.872811
-0.0385  0.873318
-0.0384  0.873814
-0.0383  0.874298
-0.0382  0.874772
-0.0381  0.875241
-0.0380  0.875698
-0.0379  0.876145
-0.0378  0.876883
-0.0377  0.877523
-0.0376  0.878118
-0.0375  0.878874
-0.0374  0.879493
-0.0373  0.880077
-0.0372  0.880658
-0.0371  0.881136
-0.0370  0.881661
-0.0369  0.882180
-0.0368  0.882682
-0.0367  0.883178
-0.0366  0.883663
-0.0365  0.884164
-0.0364  0.884959
-0.0363  0.885600
-0.0362  0.886241
-0.0361  0.886998
-0.0360  0.887637
-0.0359  0.888238
-0.0358  0.888819
-0.0357  0.889375
-0.0356  0.889919
-0.0355  0.890456
-0.0354  0.890984
-0.0353  0.891504
-0.0352  0.892029
-0.0351  0.892820
-0.0350  0.893487
-0.0349  0.894090
-0.0348  0.894859
-0.0347  0.895601
-0.0346  0.896250
-0.0345  0.896844
-0.0344  0.897398
-0.0343  0.897979
-0.0342  0.898556
-0.0341  0.899119
-0.0340  0.899678
-0.0339  0.900223
-0.0338  0.900976
-0.0337  0.901744
-0.0336  0.902418
-0.0335  0.903164
-0.0334  0.903912
-0.0333  0.904606
-0.0332  0.905330
-0.0331  0.906006
-0.0330  0.906628
-0.0329  0.907230
-0.0328  0.907808
-0.0327  0.908384
-0.0326  0.908946
-0.0325  0.909703
-0.0324  0.910506
-0.0323  0.911204
-0.0322  0.911959
-0.0321  0.912776
-0.0320  0.913487
-0.0319  0.914179
-0.0318  0.914859
-0.0317  0.915522
-0.0316  0.916153
-0.0315  0.916808
-0.0314  0.917445
-0.0313  0.918070
-0.0312  0.919013
-0.0311  0.919882
-0.0310  0.920633
-0.0309  0.921488
-0.0308  0.922283
-0.0307  0.923019
-0.0306  0.923720
-0.0305  0.924409
-0.0304  0.925099
-0.0303  0.925797
-0.0302  0.926488
-0.0301  0.927145
-0.0300  0.927804
-0.0299  0.928892
-0.0298  0.929720
-0.0297  0.930500
-0.0296  0.931463
-0.0295  0.932278
-0.0294  0.933080
-0.0293  0.933867
-0.0292  0.934608
-0.0291  0.935348
-0.0290  0.936002
-0.0289  0.936664
-0.0288  0.937404
-0.0287  0.938553
-0.0286  0.939487
-0.0285  0.940332
-0.0284  0.941362
-0.0283  0.942260
-0.0282  0.943102
-0.0281  0.943919
-0.0280  0.944695
-0.0279  0.945459
-0.0278  0.946210
-0.0277  0.946936
-0.0276  0.947653
-0.0275  0.948864
-0.0274  0.949851
-0.0273  0.950821
-0.0272  0.951954
-0.0271  0.952962
-0.0270  0.953868
-0.0269  0.954719
-0.0268  0.955548
-0.0267  0.956345
-0.0266  0.957184
-0.0265  0.957970
-0.0264  0.958763
-0.0263  0.960085
-0.0262  0.961029
-0.0261  0.961989
-0.0260  0.963203
-0.0259  0.964252
-0.0258  0.965288
-0.0257  0.966241
-0.0256  0.967168
-0.0255  0.968064
-0.0254  0.968933
-0.0253  0.969791
-0.0252  0.971149
-0.0251  0.972350
-0.0250  0.973400
-0.0249  0.974617
-0.0248  0.975732
-0.0247  0.976758
-0.0246  0.977747
-0.0245  0.978728
-0.0244  0.979715
-0.0243  0.980694
-0.0242  0.981622
-0.0241  0.982993
-0.0240  0.984293
-0.0239  0.985483
-0.0238  0.986815
-0.0237  0.988072
-0.0236  0.989214
-0.0235  0.990268
-0.0234  0.991305
-0.0233  0.992355
-0.0232  0.993368
-0.0231  0.994401
-0.0230  0.996057
-0.0229  0.997505
-0.0228  0.998761
-0.0227  1.000265
-0.0226  1.001610
-0.0225  1.002854
-0.0224  1.004029
-0.0223  1.005172
-0.0222  1.006285
-0.0221  1.007367
-0.0220  1.008809
-0.0219  1.010457
-0.0218  1.011858
-0.0217  1.013296
-0.0216  1.014889
-0.0215  1.016308
-0.0214  1.017695
-0.0213  1.019013
-0.0212  1.020251
-0.0211  1.021556
-0.0210  1.022969
-0.0209  1.024958
-0.0208  1.026481
-0.0207  1.027914
-0.0206  1.029737
-0.0205  1.031280
-0.0204  1.032727
-0.0203  1.034098
-0.0202  1.035478
-0.0201  1.036817
-0.0200  1.038869
-0.0199  1.040859
-0.0198  1.042572
-0.0197  1.044458
-0.0196  1.046331
-0.0195  1.048019
-0.0194  1.049611
-0.0193  1.051143
-0.0192  1.052620
-0.0191  1.054112
-0.0190  1.056801
-0.0189  1.058685
-0.0188  1.060423
-0.0187  1.062783
-0.0186  1.064739
-0.0185  1.066573
-0.0184  1.068337
-0.0183  1.070062
-0.0182  1.071985
-0.0181  1.074777
-0.0180  1.076882
-0.0179  1.078926
-0.0178  1.081467
-0.0177  1.083593
-0.0176  1.085590
-0.0175  1.087483
-0.0174  1.089316
-0.0173  1.092447
-0.0172  1.095115
-0.0171  1.097579
-0.0170  1.100388
-0.0169  1.102923
-0.0168  1.105225
-0.0167  1.107414
-0.0166  1.109513
-0.0165  1.112943
-0.0164  1.115947
-0.0163  1.118536
-0.0162  1.121642
-0.0161  1.124485
-0.0160  1.127070
-0.0159  1.129554
-0.0158  1.131975
-0.0157  1.136618
-0.0156  1.139931
-0.0155  1.142851
-0.0154  1.146751
-0.0153  1.149856
-0.0152  1.152733
-0.0151  1.155519
-0.0150  1.160546
-0.0149  1.164347
-0.0148  1.167756
-0.0147  1.172010
-0.0146  1.175651
-0.0145  1.179059
-0.0144  1.183752
-0.0143  1.189004
-0.0142  1.193274
-0.0141  1.197713
-0.0140  1.202461
-0.0139  1.206518
-0.0138  1.211389
-0.0137  1.217977
-0.0136  1.222857
-0.0135  1.227846
-0.0134  1.233584
-0.0133  1.238343
-0.0132  1.246193
-0.0131  1.252771
-0.0130  1.258585
-0.0129  1.265465
-0.0128  1.271574
-0.0127  1.281050
-0.0126  1.289179
-0.0125  1.295850
-0.0124  1.303935
-0.0123  1.311290
-0.0122  1.324676
-0.0121  1.333628
-0.0120  1.341396
-0.0119  1.352168
-0.0118  1.368943
-0.0117  1.380286
-0.0116  1.390171
-0.0115  1.410678
-0.0114  1.427211
-0.0113  1.439997
-0.0112  1.465264
-0.0111  1.486769
-0.0110  1.502986
-0.0109  1.541401
-0.0108  1.566355
-0.0107  1.609617
-0.0106  1.653228
-0.0105  1.714204
-0.0104  1.808978
-0.0103  1.938058
-0.0102  2.278037
-0.0101  2.445721
-0.0100  2.256015
-0.0099  2.391252
-0.0098  2.298449
-0.0097  2.107852
-0.0096  2.012610
-0.0095  1.949506
-0.0094  1.896906
-0.0093  1.849024
-0.0092  1.820846
-0.0091  1.786048
-0.0090  1.760132
-0.0089  1.736328
-0.0088  1.714447
-0.0087  1.696481
-0.0086  1.678378
-0.0085  1.662284
-0.0084  1.646470
-0.0083  1.635734
-0.0082  1.621259
-0.0081  1.608721
-0.0080  1.596382
-0.0079  1.587349
-0.0078  1.577936
-0.0077  1.567898
-0.0076  1.557349
-0.0075  1.549907
-0.0074  1.543951
-0.0073  1.534408
-0.0072  1.526294
-0.0071  1.518025
-0.0070  1.513767
-0.0069  1.508132
-0.0068  1.498510
-0.0067  1.492224
-0.0066  1.486629
-0.0065  1.485413
-0.0064  1.478060
-0.0063  1.470384
-0.0062  1.464725
-0.0061  1.462355
-0.0060  1.458396
-0.0059  1.451057
-0.0058  1.444868
-0.0057  1.442697
-0.0056  1.440736
-0.0055  1.434209
-0.0054  1.427787
-0.0053  1.427964
-0.0052  1.425072
-0.0051  1.417299
-0.0050  1.413898
-0.0049  1.412395
-0.0048  1.407044
-0.0047  1.402274
-0.0046  1.399538
-0.0045  1.393632
-0.0044  1.400001
-0.0043  1.385347
-0.0042  1.389113
-0.0041  1.401294
-0.0040  1.319278
-0.0039  1.222915
-0.0038  1.216380
-0.0037  1.220142
-0.0036  1.210411
-0.0035  1.215275
-0.0034  1.136347
-0.0033  1.136035
-0.0032  1.135914
-0.0031  1.135580
-0.0030  1.135080
-0.0029  1.134396
-0.0028  1.133428
-0.0027  1.132471
-0.0026  1.131939
-0.0025  1.131380
-0.0024  1.131324
-0.0023  1.131276
-0.0022  1.131420
-0.0021  1.130862
-0.0020  1.130708
-0.0019  1.130361
-0.0018  1.130058
-0.0017  1.129820
-0.0016  1.129602
-0.0015  1.129615
-0.0014  1.128955
-0.0013  1.129859
-0.0012  1.130399
-0.0011  1.130550
-0.0010  1.130601
-0.0009  1.130660
-0.0008  1.130612
-0.0007  1.130333
-0.0006  1.130600
-0.0005  1.131184
-0.0004  1.132809
-0.0003  1.133548
-0.0002  1.134019
-0.0001  1.134430
 0.0000  1.134697
 0.0001  1.134429
 0.0002  1.135594
 0.0003  1.136771
 0.0004  1.139049
 0.0005  1.140458
 0.0006  1.141439
 0.0007  1.142230
 0.0008  1.142848
 0.0009  1.143996
 0.0010  1.145353
 0.0011  1.148345
 0.0012  1.151021
 0.0013  1.153179
 0.0014  1.154799
 0.0015  1.156556
 0.0016  1.159019
 0.0017  1.161219
 0.0018  1.165724
 0.0019  1.169338
 0.0020  1.172592
 0.0021  1.177329
 0.0022  1.181464
 0.0023  1.186911
 0.0024  1.192952
 0.0025  1.197885
 0.0026  1.206815
 0.0027  1.214036
 0.0028  1.226283
 0.0029  1.242932
 0.0030  1.259756
 0.0031  1.290027
 0.0032  1.315733
 0.0033  1.309717
 0.0034  1.375950
 0.0035  1.325010
 0.0036  1.278534
 0.0037  1.252351
 0.0038  1.228689
 0.0039  1.221517
 0.0040  1.204221
 0.0041  1.197470
 0.0042  1.189340
 0.0043  1.178945
 0.0044  1.172900
 0.0045  1.166626
 0.0046  1.159125
 0.0047  1.153661
 0.0048  1.148774
 0.0049  1.141212
 0.0050  1.137338
 0.0051  1.132678
 0.0052  1.128243
 0.0053  1.122960
 0.0054  1.119679
 0.0055  1.115296
 0.0056  1.111462
 0.0057  1.106237
 0.0058  1.103079
 0.0059  1.100073
 0.0060  1.096344
 0.0061  1.092771
 0.0062  1.088950
 0.0063  1.086323
 0.0064  1.083357
 0.0065  1.079587
 0.0066  1.075896
 0.0067  1.072192
 0.0068  1.070162
 0.0069  1.067861
 0.0070  1.065290
 0.0071  1.061999
 0.0072  1.058253
 0.0073  1.055976
 0.0074  1.053557
 0.0075  1.050762
 0.0076  1.048242
 0.0077  1.045513
 0.0078  1.042581
 0.0079  1.040547
 0.0080  1.038683
 0.0081  1.036559
 0.0082  1.034074
 0.0083  1.031200
 0.0084  1.028058
 0.0085  1.025243
 0.0086  1.023647
 0.0087  1.021965
 0.0088  1.020164
 0.0089  1.018210
 0.0090  1.015959
 0.0091  1.013310
 0.0092  1.010122
 0.0093  1.007972
 0.0094  1.006356
 0.0095  1.004729
 0.0096  1.003053
 0.0097  1.001207
 0.0098  0.998995
 0.0099  0.996605
 0.0100  0.994462
 0.0101  0.992697
 0.0102  0.990587
 0.0103  0.988905
 0.0104  0.987312
 0.0105  0.985605
 0.0106  0.983653
 0.0107  0.981453
 0.0108  0.979375
 0.0109  0.977894
 0.0110  0.976253
 0.0111  0.974297
 0.0112  0.972795
 0.0113  0.971176
 0.0114  0.969478
 0.0115  0.967588
 0.0116  0.965516
 0.0117  0.963763
 0.0118  0.962360
 0.0119  0.960845
 0.0120  0.959012
 0.0121  0.957354
 0.0122  0.956041
 0.0123  0.954632
 0.0124  0.952808
 0.0125  0.950845
 0.0126  0.948888
 0.0127  0.947627
 0.0128  0.946285
 0.0129  0.944748
 0.0130  0.942991
 0.0131  0.941725
 0.0132  0.940505
 0.0133  0.939216
 0.0134  0.937794
 0.0135  0.935794
 0.0136  0.933958
 0.0137  0.932702
 0.0138  0.931350
 0.0139  0.929714
 0.0140  0.928192
 0.0141  0.927088
 0.0142  0.925956
 0.0143  0.924745
 0.0144  0.923450
 0.0145  0.921961
 0.0146  0.919996
 0.0147  0.918424
 0.0148  0.917086
 0.0149  0.915512
 0.0150  0.914197
 0.0151  0.913169
 0.0152  0.912130
 0.0153  0.911018
 0.0154  0.909856
 0.0155  0.908632
 0.0156  0.907278
 0.0157  0.905441
 0.0158  0.903668
 0.0159  0.902155
 0.0160  0.900981
 0.0161  0.900043
 0.0162  0.899080
 0.0163  0.898093
 0.0164  0.897065
 0.0165  0.895983
 0.0166  0.894823
 0.0167  0.893570
 0.0168  0.892047
 0.0169  0.889939
 0.0170  0.888386
 0.0171  0.887520
 0.0172  0.886609
 0.0173  0.885671
 0.0174  0.884710
 0.0175  0.883727
 0.0176  0.882682
 0.0177  0.881582
 0.0178  0.880358
 0.0179  0.878882
 0.0180  0.877298
 0.0181  0.876051
 0.0182  0.874607
 0.0183  0.873585
 0.0184  0.872734
 0.0185  0.871856
 0.0186  0.870946
 0.0187  0.869986
 0.0188  0.868949
 0.0189  0.867753
 0.0190  0.866370
 0.0191  0.865460
 0.0192  0.864395
 0.0193  0.863350
 0.0194  0.862239
 0.0195  0.860885
 0.0196  0.859667
 0.0197  0.858761
 0.0198  0.857817
 0.0199  0.856790
 0.0200  0.855525
 0.0201  0.854528
 0.0202  0.853770
 0.0203  0.852833
 0.0204  0.851854
 0.0205  0.850903
 0.0206  0.849916
 0.0207  0.848897
 0.0208  0.847756
 0.0209  0.846389
 0.0210  0.844866
 0.0211  0.843653
 0.0212  0.843012
 0.0213  0.842334
 0.0214  0.841635
 0.0215  0.840722
 0.0216  0.839832
 0.0217  0.838946
 0.0218  0.838040
 0.0219  0.837085
 0.0220  0.836063
 0.0221  0.834792
 0.0222  0.833603
 0.0223  0.832729
 0.0224  0.831664
 0.0225  0.830728
 0.0226  0.830049
 0.0227  0.829133
 0.0228  0.828260
 0.0229  0.827390
 0.0230  0.826488
 0.0231  0.825515
 0.0232  0.824337
 0.0233  0.823304
 0.0234  0.822564
 0.0235  0.821818
 0.0236  0.821038
 0.0237  0.820210
 0.0238  0.819326
 0.0239  0.818236
 0.0240  0.816895
 0.0241  0.816081
 0.0242  0.815218
 0.0243  0.814132
 0.0244  0.813163
 0.0245  0.812524
 0.0246  0.811871
 0.0247  0.811210
 0.0248  0.810530
 0.0249  0.809826
 0.0250  0.809114
 0.0251  0.808145
 0.0252  0.807181
 0.0253  0.806186
 0.0254  0.805045
 0.0255  0.803787
 0.0256  0.802815
 0.0257  0.802020
 0.0258  0.801396
 0.0259  0.800759
 0.0260  0.800117
 0.0261  0.799437
 0.0262  0.798746
 0.0263  0.797848
 0.0264  0.796881
 0.0265  0.795856
 0.0266  0.794576
 0.0267  0.793930
 0.0268  0.793308
 0.0269  0.792664
 0.0270  0.791969
 0.0271  0.791239
 0.0272  0.790466
 0.0273  0.789494
 0.0274  0.788697
 0.0275  0.787939
 0.0276  0.786982
 0.0277  0.785909
 0.0278  0.785022
 0.0279  0.784426
 0.0280  0.783818
 0.0281  0.783192
 0.0282  0.782558
 0.0283  0.781902
 0.0284  0.781228
 0.0285  0.780542
 0.0286  0.779825
 0.0287  0.779078
 0.0288  0.777928
 0.0289  0.776654
 0.0290  0.775797
 0.0291  0.774819
 0.0292  0.774198
 0.0293  0.773542
 0.0294  0.772955
 0.0295  0.772357
 0.0296  0.771739
 0.0297  0.771171
 0.0298  0.770539
 0.0299  0.769882
 0.0300  0.768899
 0.0301  0.767716
 0.0302  0.767131
 0.0303  0.766526
 0.0304  0.765908
 0.0305  0.765273
 0.0306  0.764611
 0.0307  0.763930
 0.0308  0.763215
 0.0309  0.762397
 0.0310  0.761530
 0.0311  0.760883
 0.0312  0.760106
 0.0313  0.758872
 0.0314  0.758306
 0.0315  0.757732
 0.0316  0.757148
 0.0317  0.756561
 0.0318  0.755954
 0.0319  0.755330
 0.0320  0.754666
 0.0321  0.753985
 0.0322  0.753325
 0.0323  0.752640
 0.0324  0.751897
 0.0325  0.750658
 0.0326  0.750078
 0.0327  0.749450
 0.0328  0.748739
 0.0329  0.747942
 0.0330  0.747398
 0.0331  0.746848
 0.0332  0.746282
 0.0333  0.745700
 0.0334  0.745097
 0.0335  0.744472
 0.0336  0.743801
 0.0337  0.742951
 0.0338  0.742089
 0.0339  0.741531
 0.0340  0.740965
 0.0341  0.740389
 0.0342  0.739795
 0.0343  0.739187
 0.0344  0.738563
 0.0345  0.737904
 0.0346  0.737213
 0.0347  0.736482
 0.0348  0.735633
 0.0349  0.734709
 0.0350  0.733780
 0.0351  0.733259
 0.0352  0.732733
 0.0353  0.732203
 0.0354  0.731726
 0.0355  0.731200
 0.0356  0.730662
 0.0357  0.730116
 0.0358  0.729550
 0.0359  0.728955
 0.0360  0.728340
 0.0361  0.727686
 0.0362  0.726955
 0.0363  0.726171
 0.0364  0.725606
 0.0365  0.725033
 0.0366  0.724436
 0.0367  0.723820
 0.0368  0.723166
 0.0369  0.722334
 0.0370  0.721781
 0.0371  0.721217
 0.0372  0.720636
 0.0373  0.720031
 0.0374  0.719396
 0.0375  0.718664
 0.0376  0.717985
 0.0377  0.717449
 0.0378  0.716925
 0.0379  0.716391
 0.0380  0.715844
 0.0381  0.715282
 0.0382  0.714723
 0.0383  0.714198
 0.0384  0.713652
 0.0385  0.713067
 0.0386  0.712450
 0.0387  0.711808
 0.0388  0.711041
 0.0389  0.710429
 0.0390  0.709695
 0.0391  0.709178
 0.0392  0.708676
 0.0393  0.708164
 0.0394  0.707643
 0.0395  0.707113
 0.0396  0.706571
 0.0397  0.706006
 0.0398  0.705441
 0.0399  0.704867
 0.0400  0.704262
