-0.400  0.000000
-0.399  0.000000
-0.398  0.000000
-0.397  0.000000
-0.396  0.000000
-0.395  0.000000
-0.394  0.000000
-0.393  0.000000
-0.392  0.000000
-0.391  0.000000
-0.390  0.000000
-0.389  0.000000
-0.388  0.000000
-0.387  0.000000
-0.386  0.000000
-0.385  0.000000
-0.384  0.000000
-0.383  0.000000
-0.382  0.000000
-0.381  0.000000
-0.380  0.000000
-0.379  0.000000
-0.378  0.000000
-0.377  0.000000
-0.376  0.000000
-0.375  0.000000
-0.374  0.000000
-0.373  0.000000
-0.372  0.000000
-0.371  0.000000
-0.370  0.000000
-0.369  0.000000
-0.368  0.000000
-0.367  0.000000
-0.366  0.000000
-0.365  0.000000
-0.364  0.000000
-0.363  0.000000
-0.362  0.000000
-0.361  0.000000
-0.360  0.000000
-0.359  0.000000
-0.358  0.000000
-0.357  0.000000
-0.356  0.000000
-0.355  0.000000
-0.354  0.000000
-0.353  0.000000
-0.352  0.000000
-0.351  0.000000
-0.350  0.000000
-0.349  0.000000
-0.348  0.000000
-0.347  0.000000
-0.346  0.000000
-0.345  0.000000
-0.344  0.000000
-0.343  0.000000
-0.342  0.000000
-0.341  0.000000
-0.340  0.000000
-0.339  0.000000
-0.338  0.000000
-0.337  0.000000
-0.336  0.000000
-0.335  0.000000
-0.334  0.000000
-0.333  0.000000
-0.332  0.000000
-0.331  0.000000
-0.330  0.000000
-0.329  0.000000
-0.328  0.000000
-0.327  0.000000
-0.326  0.000000
-0.325  0.000000
-0.324  0.000000
-0.323  0.000000
-0.322  0.000000
-0.321  0.000000
-0.320  0.000000
-0.319  0.000000
-0.318  0.000000
-0.317  0.000000
-0.316  0.000000
-0.315  0.000000
-0.314  0.000000
-0.313  0.000000
-0.312  0.000000
-0.311  0.000000
-0.310  0.000000
-0.309  0.000000
-0.308  0.000000
-0.307  0.000000
-0.306  0.000000
-0.305  0.000000
-0.304  0.000000
-0.303  0.000000
-0.302  0.000000
-0.301  0.000000
-0.300  0.000000
-0.299  0.000000
-0.298  0.000000
-0.297  0.000000
-0.296  0.000000
-0.295  0.000000
-0.294  0.000000
-0.293  0.000000
-0.292  0.000000
-0.291  0.000000
-0.290  0.000000
-0.289  0.000000
-0.288  0.000000
-0.287  0.000000
-0.286  0.000000
-0.285  0.000000
-0.284  0.000000
-0.283  0.000000
-0.282  0.000000
-0.281  0.000000
-0.280  0.000000
-0.279  0.000000
-0.278  0.000000
-0.277  0.000000
-0.276  0.000000
-0.275  0.000000
-0.274  0.000000
-0.273  0.000000
-0.272  0.000000
-0.271  0.000000
-0.270  0.000000
-0.269  0.000000
-0.268  0.000000
-0.267  0.522216
-0.266  0.462573
-0.265  0.424614
-0.264  0.403708
-0.263  0.387583
-0.262  0.377282
-0.261  0.369753
-0.260  0.364833
-0.259  0.360579
-0.258  0.357669
-0.257  0.355756
-0.256  0.354458
-0.255  0.353629
-0.254  0.353248
-0.253  0.353493
-0.252  3.108892
-0.251  1.399776
-0.250  1.868013
-0.249  1.422996
-0.248  1.294974
-0.247  1.233882
-0.246  1.190573
-0.245  1.160480
-0.244  1.137382
-0.243  1.120951
-0.242  1.108894
-0.241  1.097604
-0.240  1.089756
-0.239  1.084396
-0.238  1.078452
-0.237  1.074977
-0.236  1.074043
-0.235  1.071246
-0.234  1.071769
-0.233  1.193521
-0.232  1.206309
-0.231  1.216846
-0.230  1.230975
-0.229  1.247166
-0.228  1.260402
-0.227  1.279088
-0.226  1.296861
-0.225  1.316821
-0.224  1.334771
-0.223  1.353722
-0.222  1.372467
-0.221  1.390636
-0.220  1.409080
-0.219  1.425989
-0.218  1.646273
-0.217  1.659444
-0.216  1.676538
-0.215  1.693312
-0.214  1.710200
-0.213  1.731800
-0.212  1.748321
-0.211  1.770056
-0.210  1.788238
-0.209  1.809602
-0.208  1.831625
-0.207  1.853970
-0.206  1.878449
-0.205  1.902816
-0.204  1.928451
-0.203  1.953758
-0.202  1.982071
-0.201  2.011769
-0.200  2.042218
-0.199  2.075221
-0.198  2.109636
-0.197  2.145753
-0.196  2.184454
-0.195  2.225332
-0.194  2.268901
-0.193  2.315787
-0.192  2.366300
-0.191  2.421156
-0.190  2.479544
-0.189  2.544080
-0.188  2.615917
-0.187  2.694270
-0.186  2.782875
-0.185  2.881656
-0.184  2.998162
-0.183  3.132187
-0.182  3.291476
-0.181  3.491187
-0.180  3.751121
-0.179  4.120429
-0.178  4.766094
-0.177  7.507096
-0.176  4.798407
-0.175  4.251592
-0.174  3.945546
-0.173  3.723276
-0.172  3.557391
-0.171  3.422438
-0.170  3.310696
-0.169  3.212872
-0.168  3.126891
-0.167  3.054247
-0.166  2.983216
-0.165  2.924678
-0.164  2.870170
-0.163  2.817403
-0.162  2.771668
-0.161  2.727988
-0.160  2.687770
-0.159  2.649461
-0.158  2.613727
-0.157  2.581224
-0.156  2.550272
-0.155  2.521004
-0.154  2.492781
-0.153  2.465820
-0.152  2.440929
-0.151  2.417662
-0.150  2.395346
-0.149  2.373181
-0.148  2.354159
-0.147  2.332881
-0.146  2.315603
-0.145  2.304039
-0.144  2.180911
-0.143  2.174242
-0.142  2.168549
-0.141  2.162945
-0.140  2.160216
-0.139  2.155114
-0.138  2.150515
-0.137  2.146796
-0.136  2.144296
-0.135  2.143355
-0.134  2.140228
-0.133  2.138581
-0.132  2.138686
-0.131  2.140034
-0.130  2.141499
-0.129  2.145788
-0.128  2.152774
-0.127  2.166889
-0.126  2.201074
-0.125  2.222081
-0.124  2.128932
-0.123  2.071955
-0.122  2.050318
-0.121  2.035086
-0.120  2.047291
-0.119  2.040402
-0.118  2.036019
-0.117  2.032050
-0.116  2.030133
-0.115  2.025374
-0.114  2.023188
-0.113  2.023165
-0.112  2.020450
-0.111  2.017090
-0.110  2.022469
-0.109  1.896044
-0.108  1.906077
-0.107  1.916753
-0.106  1.928631
-0.105  1.942568
-0.104  1.957782
-0.103  1.974368
-0.102  1.994395
-0.101  2.019846
-0.100  2.051490
-0.099  2.105926
-0.098  2.139096
-0.097  2.106543
-0.096  2.098344
-0.095  2.098434
-0.094  2.103836
-0.093  2.109106
-0.092  2.118299
-0.091  2.128751
-0.090  2.141235
-0.089  2.157504
-0.088  2.178133
-0.087  2.195379
-0.086  2.217636
-0.085  2.245824
-0.084  2.277958
-0.083  2.315526
-0.082  2.365235
-0.081  2.414766
-0.080  2.489498
-0.079  1.748541
-0.078  1.785574
-0.077  1.833286
-0.076  1.892401
-0.075  1.972327
-0.074  2.126154
-0.073  2.112976
-0.072  2.000863
-0.071  1.974823
-0.070  1.978987
-0.069  1.997209
-0.068  2.030209
-0.067  2.077988
-0.066  2.136082
-0.065  2.224371
-0.064  2.324690
-0.063  2.493395
-0.062  2.761914
-0.061  3.435624
-0.060  3.095507
-0.059  2.245447
-0.058  1.896364
-0.057  1.695872
-0.056  1.563007
-0.055  1.469881
-0.054  1.402112
-0.053  1.346455
-0.052  1.301692
-0.051  1.266107
-0.050  1.236031
-0.049  1.208676
-0.048  1.185139
-0.047  1.164798
-0.046  1.146660
-0.045  1.131221
-0.044  1.105433
-0.043  0.917608
-0.042  0.926907
-0.041  0.937109
-0.040  0.947938
-0.039  0.959486
-0.038  0.972353
-0.037  0.986009
-0.036  1.001319
-0.035  1.020890
-0.034  1.040840
-0.033  1.065449
-0.032  1.094916
-0.031  1.133446
-0.030  1.185060
-0.029  1.260859
-0.028  1.924844
-0.027  1.781335
-0.026  1.570983
-0.025  1.481636
-0.024  1.429421
-0.023  1.391451
-0.022  1.027970
-0.021  1.020796
-0.020  1.015476
-0.019  1.011553
-0.018  1.008693
-0.017  1.006351
-0.016  1.004948
-0.015  1.003834
-0.014  1.002742
-0.013  1.002346
-0.012  1.001803
-0.011  1.001150
-0.010  1.000933
-0.009  1.000888
-0.008  1.000305
-0.007  1.000377
-0.006  1.000273
-0.005  1.000094
-0.004  0.999990
-0.003  1.000278
-0.002  1.000580
-0.001  1.000700
 0.000  1.001637
 0.001  1.002781
 0.002  1.004402
 0.003  1.005708
 0.004  1.008476
 0.005  1.012326
 0.006  1.017327
 0.007  1.023981
 0.008  1.033151
 0.009  1.046391
 0.010  1.066118
 0.011  1.103342
 0.012  1.237626
 0.013  1.108283
 0.014  1.047536
 0.015  1.012074
 0.016  0.984822
 0.017  0.961742
 0.018  0.944158
 0.019  0.926789
 0.020  0.912299
 0.021  0.899130
 0.022  0.886575
 0.023  0.874821
 0.024  0.863850
 0.025  0.853058
 0.026  0.843475
 0.027  0.834782
 0.028  0.825774
 0.029  0.817064
 0.030  0.808508
 0.031  0.801041
 0.032  0.793407
 0.033  0.785733
 0.034  0.778773
 0.035  0.771683
 0.036  0.764979
 0.037  0.758416
 0.038  0.751779
 0.039  0.745803
 0.040  0.739385
 0.041  0.733682
 0.042  0.727495
 0.043  0.721853
 0.044  0.716270
 0.045  0.710562
 0.046  0.704930
 0.047  0.699743
 0.048  0.694101
 0.049  0.689001
 0.050  0.683637
 0.051  0.678392
 0.052  0.673104
 0.053  0.668053
 0.054  0.662493
 0.055  0.657664
 0.056  0.652269
 0.057  0.647143
 0.058  0.642294
 0.059  0.636942
 0.060  0.631999
 0.061  0.627042
 0.062  0.622154
 0.063  0.617402
 0.064  0.612675
 0.065  0.608156
 0.066  0.603944
 0.067  0.599949
 0.068  0.595990
 0.069  0.592565
 0.070  0.589525
 0.071  0.586906
 0.072  0.585059
 0.073  0.583389
 0.074  0.582913
 0.075  0.583146
 0.076  0.584954
 0.077  1.040264
 0.078  1.085434
 0.079  1.130159
 0.080  1.180862
 0.081  1.252279
 0.082  1.277856
 0.083  1.474145
 0.084  1.758854
 0.085  1.354971
 0.086  1.217474
 0.087  1.134454
 0.088  1.076486
 0.089  1.032720
 0.090  1.000326
 0.091  0.973774
 0.092  0.954903
 0.093  0.941253
 0.094  0.935237
 0.095  0.938756
 0.096  0.965542
 0.097  1.410805
 0.098  1.017613
 0.099  0.938098
 0.100  0.888585
 0.101  0.849533
 0.102  0.814940
 0.103  0.787009
 0.104  0.758309
 0.105  0.733360
 0.106  0.707458
 0.107  0.683796
 0.108  0.659654
 0.109  0.638891
 0.110  0.612551
 0.111  0.587683
 0.112  0.563626
 0.113  0.537476
 0.114  2.439165
 0.115  2.364180
 0.116  1.771692
 0.117  1.199959
 0.118  1.006676
 0.119  0.914745
 0.120  1.041526
 0.121  1.012307
 0.122  0.985693
 0.123  0.973868
 0.124  0.960131
 0.125  0.952961
 0.126  0.949287
 0.127  0.948885
 0.128  0.951109
 0.129  0.954744
 0.130  0.960023
 0.131  0.966689
 0.132  0.977040
 0.133  1.177256
 0.134  1.211474
 0.135  1.252682
 0.136  1.306442
 0.137  1.386638
 0.138  1.624190
 0.139  1.477276
 0.140  1.385729
 0.141  1.341770
 0.142  1.314548
 0.143  1.296732
 0.144  1.284952
 0.145  1.275535
 0.146  1.269957
 0.147  1.265790
 0.148  1.264796
 0.149  1.265684
 0.150  1.268869
 0.151  1.276928
 0.152  1.283112
 0.153  1.305423
 0.154  1.326792
 0.155  1.386841
 0.156  1.507586
 0.157  1.339883
 0.158  1.278281
 0.159  1.235547
 0.160  1.204357
 0.161  1.177097
 0.162  1.154666
 0.163  1.133419
 0.164  1.114160
 0.165  1.096831
 0.166  1.080104
 0.167  1.065212
 0.168  1.049451
 0.169  1.036642
 0.170  1.021546
 0.171  1.009955
 0.172  0.995893
 0.173  0.984653
 0.174  0.972198
 0.175  0.960534
 0.176  0.949723
 0.177  0.937888
 0.178  0.928837
 0.179  0.918261
 0.180  0.908142
 0.181  0.897712
 0.182  0.888894
 0.183  0.878284
 0.184  0.869087
 0.185  0.860509
 0.186  0.850042
 0.187  0.841783
 0.188  0.833692
 0.189  0.822095
 0.190  0.815239
 0.191  0.806337
 0.192  0.797390
 0.193  0.788477
 0.194  0.780664
 0.195  0.772320
 0.196  0.761967
 0.197  0.754904
 0.198  0.745884
 0.199  0.738040
 0.200  0.727156
 0.201  0.875491
 0.202  0.878904
 0.203  0.875568
 0.204  0.870337
 0.205  0.867271
 0.206  0.841466
 0.207  0.780273
 0.208  0.783379
 0.209  0.785090
 0.210  0.791235
 0.211  0.791918
 0.212  0.796832
 0.213  0.802877
 0.214  0.805583
 0.215  0.815632
 0.216  0.678818
 0.217  0.692037
 0.218  0.701232
 0.219  0.712648
 0.220  0.731089
 0.221  0.745326
 0.222  0.766945
 0.223  0.788546
 0.224  0.825063
 0.225  0.883445
 0.226  1.004125
 0.227  0.870439
 0.228  0.826528
 0.229  0.807663
 0.230  0.792788
 0.231  0.785171
 0.232  0.774761
 0.233  0.768967
 0.234  0.765021
 0.235  0.760214
 0.236  0.762642
 0.237  0.758411
 0.238  0.762621
 0.239  0.768094
 0.240  0.772274
 0.241  0.794053
 0.242  0.800509
 0.243  0.840167
 0.244  0.928632
 0.245  1.225600
 0.246  0.549368
 0.247  0.526515
 0.248  0.514164
 0.249  0.508549
 0.250  0.500440
 0.251  0.499518
 0.252  0.503392
 0.253  0.509068
 0.254  0.508058
 0.255  0.513775
 0.256  0.525061
 0.257  0.533286
 0.258  0.537592
 0.259  0.543718
 0.260  0.553591
 0.261  0.567842
 0.262  0.581279
 0.263  0.590076
 0.264  0.761023
 0.265  0.828424
 0.266  0.886534
 0.267  1.025630
 0.268  1.211026
 0.269  1.129332
 0.270  1.001697
 0.271  0.942368
 0.272  0.904160
 0.273  0.877084
 0.274  0.856249
 0.275  0.839252
 0.276  0.825601
 0.277  0.813460
 0.278  0.803096
 0.279  0.794346
 0.280  0.785902
 0.281  0.778820
 0.282  0.772098
 0.283  0.765835
 0.284  0.760303
 0.285  0.754759
 0.286  0.750109
 0.287  0.745237
 0.288  0.740902
 0.289  0.736847
 0.290  0.732427
 0.291  0.729036
 0.292  0.725237
 0.293  0.721815
 0.294  0.718478
 0.295  0.714869
 0.296  0.712055
 0.297  0.708929
 0.298  0.706062
 0.299  0.703178
 0.300  0.700202
 0.301  0.697812
 0.302  0.694834
 0.303  0.692458
 0.304  0.689893
 0.305  0.687346
 0.306  0.685021
 0.307  0.682512
 0.308  0.680278
 0.309  0.678055
 0.310  0.675723
 0.311  0.673647
 0.312  0.671377
 0.313  0.669336
 0.314  0.667233
 0.315  0.665068
 0.316  0.663160
 0.317  0.660946
 0.318  0.659172
 0.319  0.657039
 0.320  0.655316
 0.321  0.653276
 0.322  0.651489
 0.323  0.649655
 0.324  0.647848
 0.325  0.646094
 0.326  0.644161
 0.327  0.642482
 0.328  0.640721
 0.329  0.638986
 0.330  0.637350
 0.331  0.635626
 0.332  0.633912
 0.333  0.632289
 0.334  0.630522
 0.335  0.629036
 0.336  0.627567
 0.337  0.625830
 0.338  0.624389
 0.339  0.622699
 0.340  0.621051
 0.341  0.619537
 0.342  0.618105
 0.343  0.616479
 0.344  0.615123
 0.345  0.613625
 0.346  0.612145
 0.347  0.610591
 0.348  0.609158
 0.349  0.607719
 0.350  0.606278
 0.351  0.604931
 0.352  0.603472
 0.353  0.602188
 0.354  0.600737
 0.355  0.599357
 0.356  0.597879
 0.357  0.596624
 0.358  0.595256
 0.359  0.593894
 0.360  0.592631
 0.361  0.591249
 0.362  0.590060
 0.363  0.588718
 0.364  0.587430
 0.365  0.586268
 0.366  0.584870
 0.367  0.583487
 0.368  0.582372
 0.369  0.580980
 0.370  0.579775
 0.371  0.578512
 0.372  0.577567
 0.373  0.576065
 0.374  0.574902
 0.375  0.573911
 0.376  0.572614
 0.377  0.571117
 0.378  0.570663
 0.379  0.568548
 0.380  0.567787
 0.381  0.566632
 0.382  0.565784
 0.383  0.555800
 0.384  0.555663
 0.385  0.555290
 0.386  0.555287
 0.387  0.554954
 0.388  0.555114
 0.389  0.554667
 0.390  0.555109
 0.391  0.555016
 0.392  0.555509
 0.393  0.556429
 0.394  0.556951
 0.395  0.558597
 0.396  0.563061
 0.397  0.571593
 0.398  0.560255
 0.399  0.554718
 0.400  0.550573
 0.401  0.548426
 0.402  0.545433
 0.403  0.543534
 0.404  0.540823
 0.405  0.538454
 0.406  0.536676
 0.407  0.534227
 0.408  0.532486
 0.409  0.530254
 0.410  0.528786
 0.411  0.526401
 0.412  0.524414
 0.413  0.522758
 0.414  0.520390
 0.415  0.532260
 0.416  0.529197
 0.417  0.528925
 0.418  0.527003
 0.419  0.527225
 0.420  0.525850
 0.421  0.524783
 0.422  0.524041
 0.423  0.522494
 0.424  0.522189
 0.425  0.521143
 0.426  0.519863
 0.427  0.519567
 0.428  0.518162
 0.429  0.517291
 0.430  0.516316
 0.431  0.515584
 0.432  0.514655
 0.433  0.513422
 0.434  0.513090
 0.435  0.511039
 0.436  0.511077
 0.437  0.510207
 0.438  0.509119
 0.439  0.508674
 0.440  0.507701
 0.441  0.506670
 0.442  0.505590
 0.443  0.505740
 0.444  0.503992
 0.445  0.502018
 0.446  0.503222
 0.447  0.501281
 0.448  0.499398
 0.449  0.500514
 0.450  0.498842
 0.451  0.497949
 0.452  0.497981
 0.453  0.496504
 0.454  0.495691
 0.455  0.495575
 0.456  0.493858
 0.457  0.493345
 0.458  0.492792
 0.459  0.491272
 0.460  0.490735
 0.461  0.490175
 0.462  0.488811
 0.463  0.488253
 0.464  0.487365
 0.465  0.486454
 0.466  0.486915
 0.467  0.484405
 0.468  0.484151
 0.469  0.486156
 0.470  0.481247
 0.471  0.482096
 0.472  0.483159
 0.473  0.480224
 0.474  0.480093
 0.475  0.479587
 0.476  0.478420
 0.477  0.477958
 0.478  0.476521
 0.479  0.477414
 0.480  0.475018
 0.481  0.474464
 0.482  0.473366
 0.483  0.474058
 0.484  0.473144
 0.485  0.470521
 0.486  0.472676
 0.487  0.468566
 0.488  0.471391
 0.489  0.468144
 0.490  0.468253
 0.491  0.467394
 0.492  0.467206
 0.493  0.466279
 0.494  0.466445
 0.495  0.463880
 0.496  0.464321
 0.497  0.461500
 0.498  0.465720
 0.499  0.459397
 0.500  0.463065
 0.501  0.457822
 0.502  0.460367
 0.503  0.459368
 0.504  0.457630
 0.505  0.458552
 0.506  0.455148
 0.507  0.455663
 0.508  0.456758
 0.509  0.452689
 0.510  0.453540
 0.511  0.452610
 0.512  0.457682
 0.513  0.448337
 0.514  0.451252
 0.515  0.448676
 0.516  0.451294
 0.517  0.448577
 0.518  0.446032
 0.519  0.447664
 0.520  0.444726
 0.521  0.442793
 0.522  0.444998
 0.523  0.441596
 0.524  0.438969
 0.525  0.440754
 0.526  0.450278
 0.527  0.383268
 0.528  0.385584
 0.529  0.388550
 0.530  0.391825
 0.531  0.396039
 0.532  0.400439
 0.533  0.404905
 0.534  0.410293
 0.535  0.417476
 0.536  0.424045
 0.537  0.433475
 0.538  0.445809
 0.539  0.482586
 0.540  0.476198
 0.541  0.459843
 0.542  0.452513
 0.543  0.448385
 0.544  0.445209
 0.545  0.442624
 0.546  0.440793
 0.547  0.439088
 0.548  0.437788
 0.549  0.436366
 0.550  0.435086
 0.551  0.433983
 0.552  0.433058
 0.553  0.432229
 0.554  0.431240
 0.555  0.430381
 0.556  0.429584
 0.557  0.428838
 0.558  0.428072
 0.559  0.427083
 0.560  0.426393
 0.561  0.425986
 0.562  0.424919
 0.563  0.424831
 0.564  0.423536
 0.565  0.422828
 0.566  0.422311
 0.567  0.420993
 0.568  0.416612
 0.569  0.326486
 0.570  0.326561
 0.571  0.325888
 0.572  0.325305
 0.573  0.325261
 0.574  0.324838
 0.575  0.324286
 0.576  0.324625
 0.577  0.324704
 0.578  0.229237
 0.579  0.229167
 0.580  0.229077
 0.581  0.228987
 0.582  0.228908
 0.583  0.228849
 0.584  0.228761
 0.585  0.228683
 0.586  0.228620
 0.587  0.228558
 0.588  0.228480
 0.589  0.228413
 0.590  0.228372
 0.591  0.228296
 0.592  0.228228
 0.593  0.228173
 0.594  0.228128
 0.595  0.228060
 0.596  0.228001
 0.597  0.227974
 0.598  0.227906
 0.599  0.227846
 0.600  0.227799
 0.601  0.227766
 0.602  0.227705
 0.603  0.227654
 0.604  0.227638
 0.605  0.227576
 0.606  0.227523
 0.607  0.227483
 0.608  0.227459
 0.609  0.227404
 0.610  0.227360
 0.611  0.227352
 0.612  0.227297
 0.613  0.227249
 0.614  0.227217
 0.615  0.227199
 0.616  0.227150
 0.617  0.227112
 0.618  0.227110
 0.619  0.227060
 0.620  0.227019
 0.621  0.226995
 0.622  0.226980
 0.623  0.226937
 0.624  0.226906
 0.625  0.226908
 0.626  0.226864
 0.627  0.226829
 0.628  0.226815
 0.629  0.226799
 0.630  0.226762
 0.631  0.226739
 0.632  0.226743
 0.633  0.226704
 0.634  0.226677
 0.635  0.226685
 0.636  0.226654
 0.637  0.226624
 0.638  0.226612
 0.639  0.226612
 0.640  0.226580
 0.641  0.226562
 0.642  0.226578
 0.643  0.226544
 0.644  0.226522
 0.645  0.226531
 0.646  0.226515
 0.647  0.226491
 0.648  0.226486
 0.649  0.226494
 0.650  0.226468
 0.651  0.226457
 0.652  0.226480
 0.653  0.226453
 0.654  0.226438
 0.655  0.226473
 0.656  0.226444
 0.657  0.226428
 0.658  0.226434
 0.659  0.226443
 0.660  0.226425
 0.661  0.226425
 0.662  0.226449
 0.663  0.226429
 0.664  0.226425
 0.665  0.226461
 0.666  0.226440
 0.667  0.226433
 0.668  0.226480
 0.669  0.226458
 0.670  0.226450
 0.671  0.226470
 0.672  0.226483
 0.673  0.226473
 0.674  0.226487
 0.675  0.226514
 0.676  0.226504
 0.677  0.226513
 0.678  0.226552
 0.679  0.226541
 0.680  0.226548
 0.681  0.226596
 0.682  0.226584
 0.683  0.226590
 0.684  0.226647
 0.685  0.226635
 0.686  0.226639
 0.687  0.226703
 0.688  0.226692
 0.689  0.226696
 0.690  0.226744
 0.691  0.226755
 0.692  0.226759
 0.693  0.226800
 0.694  0.226824
 0.695  0.226829
 0.696  0.226868
 0.697  0.226900
 0.698  0.226906
 0.699  0.226943
 0.700  0.226983
 0.701  0.226989
 0.702  0.227027
 0.703  0.227072
 0.704  0.227080
 0.705  0.227119
 0.706  0.227167
 0.707  0.227176
 0.708  0.227218
 0.709  0.227268
 0.710  0.227280
 0.711  0.227326
 0.712  0.227376
 0.713  0.227391
 0.714  0.227441
 0.715  0.227491
 0.716  0.227508
 0.717  0.227567
 0.718  0.227612
 0.719  0.227634
 0.720  0.227703
 0.721  0.227741
 0.722  0.227766
 0.723  0.227860
 0.724  0.227876
 0.725  0.227906
 0.726  0.228007
 0.727  0.228019
 0.728  0.228055
 0.729  0.228153
 0.730  0.228169
 0.731  0.228213
 0.732  0.228306
 0.733  0.228327
 0.734  0.228382
 0.735  0.228466
 0.736  0.228494
 0.737  0.228563
 0.738  0.228634
 0.739  0.228669
 0.740  0.228768
 0.741  0.228810
 0.742  0.228855
 0.743  0.228972
 0.744  0.228996
 0.745  0.229052
 0.746  0.229158
 0.747  0.229190
 0.748  0.229264
 0.749  0.229353
 0.750  0.229396
 0.751  0.229510
 0.752  0.229558
 0.753  0.229614
 0.754  0.229740
 0.755  0.229774
 0.756  0.229848
 0.757  0.229955
 0.758  0.230001
 0.759  0.230113
 0.760  0.230181
 0.761  0.230243
 0.762  0.230379
 0.763  0.230419
 0.764  0.230506
 0.765  0.230617
 0.766  0.230672
 0.767  0.230829
 0.768  0.230867
 0.769  0.230945
 0.770  0.231079
 0.771  0.231132
 0.772  0.231254
 0.773  0.231342
 0.774  0.231418
 0.775  0.231568
 0.776  0.231622
 0.777  0.231737
 0.778  0.231845
 0.779  0.231923
 0.780  0.232083
 0.781  0.232140
 0.782  0.232260
 0.783  0.232376
 0.784  0.232459
 0.785  0.232626
 0.786  0.232689
 0.787  0.232826
 0.788  0.232936
 0.789  0.233031
 0.790  0.233197
 0.791  0.233270
 0.792  0.233463
 0.793  0.233527
 0.794  0.233641
 0.795  0.233797
 0.796  0.233886
 0.797  0.234079
 0.798  0.234151
 0.799  0.234306
 0.800  0.234431
 0.801  0.234546
 0.802  0.234722
 0.803  0.234816
 0.804  0.235024
 0.805  0.235102
 0.806  0.235276
 0.807  0.235402
 0.808  0.235534
 0.809  0.235712
 0.810  0.235823
 0.811  0.236033
 0.812  0.236128
 0.813  0.236362
 0.814  0.236446
 0.815  0.236629
 0.816  0.236774
 0.817  0.236924
 0.818  0.237112
 0.819  0.237244
 0.820  0.237459
 0.821  0.237577
 0.822  0.237814
 0.823  0.237923
 0.824  0.238178
 0.825  0.238279
 0.826  0.238549
 0.827  0.238643
 0.828  0.238861
 0.829  0.239017
 0.830  0.239212
 0.831  0.239399
 0.832  0.239582
 0.833  0.239789
 0.834  0.239965
 0.835  0.240186
 0.836  0.240361
 0.837  0.240592
 0.838  0.240766
 0.839  0.241005
 0.840  0.241182
 0.841  0.241427
 0.842  0.241610
 0.843  0.241856
 0.844  0.242049
 0.845  0.242293
 0.846  0.242501
 0.847  0.242739
 0.848  0.242969
 0.849  0.243194
 0.850  0.243463
 0.851  0.243660
 0.852  0.244004
 0.853  0.244136
 0.854  0.244474
 0.855  0.244625
 0.856  0.244954
 0.857  0.245131
 0.858  0.245445
 0.859  0.245658
 0.860  0.245948
 0.861  0.246224
 0.862  0.246466
 0.863  0.246840
 0.864  0.247003
 0.865  0.247358
 0.866  0.247568
 0.867  0.247892
 0.868  0.248191
 0.869  0.248447
 0.870  0.248840
 0.871  0.249034
 0.872  0.249393
 0.873  0.249682
 0.874  0.249973
 0.875  0.250385
 0.876  0.250596
 0.877  0.250964
 0.878  0.251350
 0.879  0.251582
 0.880  0.251994
 0.881  0.252279
 0.882  0.252615
 0.883  0.253055
 0.884  0.253311
 0.885  0.253684
 0.886  0.254143
 0.887  0.254395
 0.888  0.254786
 0.889  0.255258
 0.890  0.255529
 0.891  0.255922
 0.892  0.256396
 0.893  0.256733
 0.894  0.257098
 0.895  0.257565
 0.896  0.258086
 0.897  0.258333
 0.898  0.258774
 0.899  0.259279
 0.900  0.259747
 0.901  0.260057
 0.902  0.260525
 0.903  0.261046
 0.904  0.261606
 0.905  0.261892
 0.906  0.262352
 0.907  0.262871
 0.908  0.263424
 0.909  0.264003
 0.910  0.264335
 0.911  0.264804
 0.912  0.265327
 0.913  0.265881
 0.914  0.266457
 0.915  0.267047
 0.916  0.267652
 0.917  0.268153
 0.918  0.268596
 0.919  0.269130
 0.920  0.269690
 0.921  0.270269
 0.922  0.270858
 0.923  0.271457
 0.924  0.272067
 0.925  0.272686
 0.926  0.273316
 0.927  0.273965
 0.928  0.274648
 0.929  0.275451
 0.930  0.276190
 0.931  0.276774
 0.932  0.277373
 0.933  0.278000
 0.934  0.278704
 0.935  0.279775
 0.936  0.280297
 0.937  0.280900
 0.938  0.281798
 0.939  0.282568
 0.940  0.283197
 0.941  0.284266
 0.942  0.284792
 0.943  0.285855
 0.944  0.286509
 0.945  0.287328
 0.946  0.288385
 0.947  0.289493
 0.948  0.290539
 0.949  0.291438
 0.950  0.292139
 0.951  0.292706
 0.952  0.294522
 0.953  0.294490
 0.954  0.295427
 0.955  0.297150
 0.956  0.297535
 0.957  0.299618
 0.958  0.000000
 0.959  0.000000
 0.960  0.000000
 0.961  0.000000
 0.962  0.000000
 0.963  0.000000
 0.964  0.000000
 0.965  0.000000
 0.966  0.000000
 0.967  0.000000
 0.968  0.000000
 0.969  0.000000
 0.970  0.000000
 0.971  0.000000
 0.972  0.000000
 0.973  0.000000
 0.974  0.000000
 0.975  0.000000
 0.976  0.000000
 0.977  0.000000
 0.978  0.000000
 0.979  0.000000
 0.980  0.000000
 0.981  0.000000
 0.982  0.000000
 0.983  0.000000
 0.984  0.000000
 0.985  0.000000
 0.986  0.000000
 0.987  0.000000
 0.988  0.000000
 0.989  0.000000
 0.990  0.000000
 0.991  0.000000
 0.992  0.000000
 0.993  0.000000
 0.994  0.000000
 0.995  0.000000
 0.996  0.000000
 0.997  0.000000
 0.998  0.000000
 0.999  0.000000
 1.000  0.000000
