-0.0400  1.761961
-0.0399  1.764875
-0.0398  1.768125
-0.0397  1.773266
-0.0396  1.777638
-0.0395  1.782455
-0.0394  1.787413
-0.0393  1.791393
-0.0392  1.795250
-0.0391  1.799307
-0.0390  1.802954
-0.0389  1.806498
-0.0388  1.810527
-0.0387  1.816762
-0.0386  1.821800
-0.0385  1.830801
-0.0384  1.837178
-0.0383  1.842830
-0.0382  1.847903
-0.0381  1.855292
-0.0380  1.864070
-0.0379  1.870520
-0.0378  1.876349
-0.0377  1.882504
-0.0376  1.894343
-0.0375  1.906587
-0.0374  1.920080
-0.0373  1.930961
-0.0372  1.940638
-0.0371  1.949945
-0.0370  1.958961
-0.0369  1.985219
-0.0368  2.009657
-0.0367  2.029160
-0.0366  2.046931
-0.0365  2.083254
-0.0364  2.138669
-0.0363  2.192841
-0.0362  2.314230
-0.0361  2.434304
-0.0360  2.220120
-0.0359  2.143890
-0.0358  2.102706
-0.0357  2.069368
-0.0356  2.041635
-0.0355  2.016927
-0.0354  1.997234
-0.0353  1.987916
-0.0352  1.965043
-0.0351  1.948381
-0.0350  1.941714
-0.0349  1.930044
-0.0348  1.922193
-0.0347  1.914108
-0.0346  1.901317
-0.0345  1.892554
-0.0344  1.885000
-0.0343  1.875137
-0.0342  1.868723
-0.0341  1.864801
-0.0340  1.857776
-0.0339  1.848438
-0.0338  1.841972
-0.0337  1.835481
-0.0336  1.830052
-0.0335  1.825503
-0.0334  1.821115
-0.0333  1.815413
-0.0332  1.811085
-0.0331  1.808037
-0.0330  1.803547
-0.0329  1.795366
-0.0328  1.790027
-0.0327  1.788447
-0.0326  1.783051
-0.0325  1.776665
-0.0324  1.774246
-0.0323  1.771764
-0.0322  1.767489
-0.0321  1.762526
-0.0320  1.759018
-0.0319  1.755349
-0.0318  1.750563
-0.0317  1.746366
-0.0316  1.743697
-0.0315  1.741132
-0.0314  1.736759
-0.0313  1.735977
-0.0312  1.731688
-0.0311  1.726436
-0.0310  1.723754
-0.0309  1.722626
-0.0308  1.719104
-0.0307  1.712947
-0.0306  1.710223
-0.0305  1.706910
-0.0304  1.704851
-0.0303  1.700199
-0.0302  1.698099
-0.0301  1.696778
-0.0300  1.693922
-0.0299  1.692273
-0.0298  1.688741
-0.0297  1.684877
-0.0296  1.681153
-0.0295  1.680857
-0.0294  1.676762
-0.0293  1.671096
-0.0292  1.668600
-0.0291  1.667868
-0.0290  1.664468
-0.0289  1.660400
-0.0288  1.660159
-0.0287  1.661046
-0.0286  1.656185
-0.0285  1.652880
-0.0284  1.650441
-0.0283  1.647239
-0.0282  1.645121
-0.0281  1.641902
-0.0280  1.638039
-0.0279  1.634202
-0.0278  1.634663
-0.0277  1.631728
-0.0276  1.627520
-0.0275  1.629364
-0.0274  1.628081
-0.0273  1.622071
-0.0272  1.619432
-0.0271  1.618675
-0.0270  1.615182
-0.0269  1.611111
-0.0268  1.609366
-0.0267  1.608368
-0.0266  1.605039
-0.0265  1.603059
-0.0264  1.601766
-0.0263  1.602320
-0.0262  1.597938
-0.0261  1.593041
-0.0260  1.592308
-0.0259  1.589968
-0.0258  1.585913
-0.0257  1.583985
-0.0256  1.583330
-0.0255  1.577902
-0.0254  1.579177
-0.0253  1.580747
-0.0252  1.574408
-0.0251  1.572377
-0.0250  1.571771
-0.0249  1.566505
-0.0248  1.562798
-0.0247  1.561220
-0.0246  1.558586
-0.0245  1.559855
-0.0244  1.560052
-0.0243  1.555580
-0.0242  1.554460
-0.0241  1.548711
-0.0240  1.544562
-0.0239  1.544418
-0.0238  1.542872
-0.0237  1.550102
-0.0236  1.541084
-0.0235  1.537873
-0.0234  1.529385
-0.0233  1.530898
-0.0232  1.533658
-0.0231  1.538579
-0.0230  1.526328
-0.0229  1.516769
-0.0228  1.520063
-0.0227  1.535994
-0.0226  1.508422
-0.0225  1.505560
-0.0224  1.520467
-0.0223  1.825356
-0.0222  0.988318
-0.0221  0.987638
-0.0220  0.987597
-0.0219  0.987389
-0.0218  0.987144
-0.0217  0.986281
-0.0216  0.984964
-0.0215  0.984854
-0.0214  0.984952
-0.0213  0.984420
-0.0212  0.983511
-0.0211  0.982552
-0.0210  0.981525
-0.0209  0.980633
-0.0208  0.980304
-0.0207  0.980135
-0.0206  0.979701
-0.0205  0.979178
-0.0204  0.978735
-0.0203  0.978489
-0.0202  0.978276
-0.0201  0.978012
-0.0200  0.977760
-0.0199  0.977404
-0.0198  0.977020
-0.0197  0.973490
-0.0196  0.972674
-0.0195  0.972760
-0.0194  0.972257
-0.0193  0.971748
-0.0192  0.971178
-0.0191  0.970920
-0.0190  0.970574
-0.0189  0.969263
-0.0188  0.968098
-0.0187  0.967386
-0.0186  0.966838
-0.0185  0.966308
-0.0184  0.965958
-0.0183  0.975174
-0.0182  0.990330
-0.0181  1.020761
-0.0180  1.090551
-0.0179  1.115040
-0.0178  1.100916
-0.0177  1.120762
-0.0176  1.106758
-0.0175  1.127352
-0.0174  1.086438
-0.0173  1.077699
-0.0172  1.080727
-0.0171  1.090113
-0.0170  1.079074
-0.0169  1.078303
-0.0168  1.080203
-0.0167  1.079289
-0.0166  1.079661
-0.0165  1.081069
-0.0164  1.083386
-0.0163  1.095627
-0.0162  1.093683
-0.0161  1.088667
-0.0160  1.090224
-0.0159  1.092465
-0.0158  1.094632
-0.0157  1.096732
-0.0156  1.098827
-0.0155  1.100162
-0.0154  1.101989
-0.0153  1.104032
-0.0152  1.106154
-0.0151  1.107985
-0.0150  1.110015
-0.0149  1.111901
-0.0148  1.117826
-0.0147  1.119835
-0.0146  1.122007
-0.0145  1.123685
-0.0144  1.125566
-0.0143  1.127409
-0.0142  1.129347
-0.0141  1.131682
-0.0140  1.134010
-0.0139  1.136150
-0.0138  1.138183
-0.0137  1.141496
-0.0136  1.144276
-0.0135  1.147145
-0.0134  1.149952
-0.0133  1.152362
-0.0132  1.154490
-0.0131  1.156168
-0.0130  1.159400
-0.0129  1.161693
-0.0128  1.163944
-0.0127  1.166651
-0.0126  1.170185
-0.0125  1.173149
-0.0124  1.175517
-0.0123  1.177780
-0.0122  1.180123
-0.0121  1.182833
-0.0120  1.185953
-0.0119  1.189126
-0.0118  1.192180
-0.0117  1.194842
-0.0116  1.197985
-0.0115  1.200851
-0.0114  1.203487
-0.0113  1.206064
-0.0112  1.209098
-0.0111  1.212642
-0.0110  1.215337
-0.0109  1.217983
-0.0108  1.220820
-0.0107  1.223109
-0.0106  1.226930
-0.0105  1.231418
-0.0104  1.235319
-0.0103  1.238368
-0.0102  1.241609
-0.0101  1.245096
-0.0100  1.248455
-0.0099  1.251233
-0.0098  1.253602
-0.0097  1.256800
-0.0096  1.261985
-0.0095  1.265644
-0.0094  1.269923
-0.0093  1.274399
-0.0092  1.278421
-0.0091  1.281935
-0.0090  1.285384
-0.0089  1.288922
-0.0088  1.294271
-0.0087  1.299745
-0.0086  1.303950
-0.0085  1.307608
-0.0084  1.311482
-0.0083  1.317584
-0.0082  1.322517
-0.0081  1.327170
-0.0080  1.335238
-0.0079  1.341123
-0.0078  1.346401
-0.0077  1.350974
-0.0076  1.355414
-0.0075  1.361856
-0.0074  1.369990
-0.0073  1.382765
-0.0072  1.391375
-0.0071  1.399249
-0.0070  1.405432
-0.0069  1.411605
-0.0068  1.432792
-0.0067  1.453063
-0.0066  1.463618
-0.0065  1.474135
-0.0064  1.533036
-0.0063  1.577279
-0.0062  1.667326
-0.0061  1.546462
-0.0060  1.512832
-0.0059  1.489578
-0.0058  1.471195
-0.0057  1.461466
-0.0056  1.455581
-0.0055  1.449169
-0.0054  1.440979
-0.0053  1.434608
-0.0052  1.427553
-0.0051  1.424707
-0.0050  1.422817
-0.0049  1.420874
-0.0048  1.419201
-0.0047  1.416589
-0.0046  1.413741
-0.0045  1.409491
-0.0044  1.407315
-0.0043  1.406631
-0.0042  1.405960
-0.0041  1.406065
-0.0040  1.405836
-0.0039  1.405133
-0.0038  1.403961
-0.0037  1.403208
-0.0036  1.401656
-0.0035  1.401899
-0.0034  1.401385
-0.0033  1.401814
-0.0032  1.401988
-0.0031  1.402338
-0.0030  1.402279
-0.0029  1.402263
-0.0028  1.401367
-0.0027  1.400878
-0.0026  1.401060
-0.0025  1.402459
-0.0024  1.403449
-0.0023  1.404448
-0.0022  1.405449
-0.0021  1.405835
-0.0020  1.406278
-0.0019  1.406970
-0.0018  1.407065
-0.0017  1.408535
-0.0016  1.409189
-0.0015  1.409902
-0.0014  1.410517
-0.0013  1.411153
-0.0012  1.412320
-0.0011  1.413469
-0.0010  1.414847
-0.0009  1.416390
-0.0008  1.418175
-0.0007  1.419927
-0.0006  1.421627
-0.0005  1.422075
-0.0004  1.423351
-0.0003  1.425060
-0.0002  1.427001
-0.0001  1.428629
 0.0000  1.429401
 0.0001  1.430955
 0.0002  1.432393
 0.0003  1.434565
 0.0004  1.436015
 0.0005  1.437650
 0.0006  1.440338
 0.0007  1.442523
 0.0008  1.444899
 0.0009  1.446086
 0.0010  1.447846
 0.0011  1.449840
 0.0012  1.453099
 0.0013  1.455241
 0.0014  1.458410
 0.0015  1.461270
 0.0016  1.464492
 0.0017  1.465653
 0.0018  1.466343
 0.0019  1.468426
 0.0020  1.471061
 0.0021  1.475076
 0.0022  1.478413
 0.0023  1.481397
 0.0024  1.484521
 0.0025  1.487595
 0.0026  1.491192
 0.0027  1.494182
 0.0028  1.497835
 0.0029  1.502932
 0.0030  1.505214
 0.0031  1.507510
 0.0032  1.510121
 0.0033  1.514135
 0.0034  1.518463
 0.0035  1.521605
 0.0036  1.526619
 0.0037  1.532486
 0.0038  1.535688
 0.0039  1.539381
 0.0040  1.544487
 0.0041  1.550262
 0.0042  1.553209
 0.0043  1.557657
 0.0044  1.563583
 0.0045  1.570306
 0.0046  1.577175
 0.0047  1.581999
 0.0048  1.586195
 0.0049  1.590792
 0.0050  1.596032
 0.0051  1.603174
 0.0052  1.612381
 0.0053  1.618877
 0.0054  1.627088
 0.0055  1.636084
 0.0056  1.641136
 0.0057  1.645739
 0.0058  1.653927
 0.0059  1.662530
 0.0060  1.671961
 0.0061  1.683726
 0.0062  1.694537
 0.0063  1.703653
 0.0064  1.717196
 0.0065  1.728510
 0.0066  1.738729
 0.0067  1.746303
 0.0068  1.755697
 0.0069  1.768330
 0.0070  1.787833
 0.0071  1.809531
 0.0072  1.827167
 0.0073  1.842082
 0.0074  1.856894
 0.0075  1.871460
 0.0076  1.893473
 0.0077  1.919475
 0.0078  1.957305
 0.0079  1.985395
 0.0080  2.001261
 0.0081  2.035461
 0.0082  2.087306
 0.0083  2.125076
 0.0084  2.157102
 0.0085  2.227259
 0.0086  2.317044
 0.0087  2.340683
 0.0088  2.359287
 0.0089  2.211845
 0.0090  1.924735
 0.0091  1.830953
 0.0092  1.677893
 0.0093  1.576545
 0.0094  1.545857
 0.0095  1.502265
 0.0096  1.449714
 0.0097  1.427424
 0.0098  1.444647
 0.0099  1.261741
 0.0100  1.229046
 0.0101  1.228539
 0.0102  1.206554
 0.0103  1.184280
 0.0104  1.179076
 0.0105  1.166565
 0.0106  1.158901
 0.0107  1.150150
 0.0108  1.139186
 0.0109  1.135041
 0.0110  1.119751
 0.0111  1.118460
 0.0112  1.114549
 0.0113  1.101998
 0.0114  1.100940
 0.0115  1.096638
 0.0116  1.087424
 0.0117  1.088975
 0.0118  1.088444
 0.0119  1.083033
 0.0120  1.079111
 0.0121  1.078550
 0.0122  1.076367
 0.0123  1.069147
 0.0124  1.069189
 0.0125  1.068859
 0.0126  1.067158
 0.0127  1.061336
 0.0128  1.065541
 0.0129  1.068864
 0.0130  1.070925
 0.0131  1.069914
 0.0132  1.245059
 0.0133  1.294557
 0.0134  1.280179
 0.0135  1.299607
 0.0136  1.294098
 0.0137  1.302071
 0.0138  1.327887
 0.0139  1.340652
 0.0140  1.351462
 0.0141  1.365079
 0.0142  1.376842
 0.0143  1.395713
 0.0144  1.411384
 0.0145  1.442453
 0.0146  1.476653
 0.0147  1.517672
 0.0148  1.549655
 0.0149  1.583535
 0.0150  1.695412
 0.0151  1.800205
 0.0152  1.972829
 0.0153  2.520322
 0.0154  1.839679
 0.0155  1.661538
 0.0156  1.559619
 0.0157  1.484496
 0.0158  1.426694
 0.0159  1.369962
 0.0160  1.332922
 0.0161  1.290077
 0.0162  1.260022
 0.0163  1.236318
 0.0164  1.206035
 0.0165  1.187571
 0.0166  1.170640
 0.0167  1.150746
 0.0168  1.132197
 0.0169  1.114228
 0.0170  1.101520
 0.0171  1.089278
 0.0172  1.066555
 0.0173  1.070699
 0.0174  1.044060
 0.0175  1.042434
 0.0176  0.980103
 0.0177  0.871643
 0.0178  0.865285
 0.0179  0.862066
 0.0180  0.858935
 0.0181  0.855463
 0.0182  0.849913
 0.0183  0.844030
 0.0184  0.834708
 0.0185  0.831578
 0.0186  0.828838
 0.0187  0.826146
 0.0188  0.823237
 0.0189  0.820255
 0.0190  0.817075
 0.0191  0.813333
 0.0192  0.808117
 0.0193  0.803544
 0.0194  0.801719
 0.0195  0.799898
 0.0196  0.796865
 0.0197  0.794085
 0.0198  0.791530
 0.0199  0.788910
 0.0200  0.786073
 0.0201  0.783108
 0.0202  0.779359
 0.0203  0.774071
 0.0204  0.772556
 0.0205  0.770979
 0.0206  0.769620
 0.0207  0.768051
 0.0208  0.766477
 0.0209  0.764811
 0.0210  0.763049
 0.0211  0.761426
 0.0212  0.759060
 0.0213  0.756200
 0.0214  0.753512
 0.0215  0.750260
 0.0216  0.746192
 0.0217  0.744932
 0.0218  0.743716
 0.0219  0.742561
 0.0220  0.741434
 0.0221  0.740086
 0.0222  0.738730
 0.0223  0.737325
 0.0224  0.735979
 0.0225  0.734617
 0.0226  0.733244
 0.0227  0.731872
 0.0228  0.730395
 0.0229  0.728890
 0.0230  0.726500
 0.0231  0.722576
 0.0232  0.720509
 0.0233  0.719507
 0.0234  0.718310
 0.0235  0.717127
 0.0236  0.715964
 0.0237  0.714752
 0.0238  0.713665
 0.0239  0.712559
 0.0240  0.711462
 0.0241  0.710358
 0.0242  0.709234
 0.0243  0.708106
 0.0244  0.706980
 0.0245  0.705891
 0.0246  0.704707
 0.0247  0.703394
 0.0248  0.702056
 0.0249  0.700564
 0.0250  0.697184
 0.0251  0.696181
 0.0252  0.695260
 0.0253  0.694348
 0.0254  0.693425
 0.0255  0.692515
 0.0256  0.691627
 0.0257  0.690803
 0.0258  0.689868
 0.0259  0.688870
 0.0260  0.687858
 0.0261  0.686848
 0.0262  0.685766
 0.0263  0.684635
 0.0264  0.683564
 0.0265  0.682530
 0.0266  0.681533
 0.0267  0.680501
 0.0268  0.679475
 0.0269  0.678400
 0.0270  0.677083
 0.0271  0.675019
 0.0272  0.674120
 0.0273  0.673268
 0.0274  0.672421
 0.0275  0.671569
 0.0276  0.670738
 0.0277  0.669903
 0.0278  0.669006
 0.0279  0.668239
 0.0280  0.667478
 0.0281  0.666669
 0.0282  0.665827
 0.0283  0.664975
 0.0284  0.664107
 0.0285  0.663234
 0.0286  0.662353
 0.0287  0.661431
 0.0288  0.660483
 0.0289  0.659491
 0.0290  0.658458
 0.0291  0.657414
 0.0292  0.656268
 0.0293  0.655113
 0.0294  0.653749
 0.0295  0.653001
 0.0296  0.652250
 0.0297  0.651482
 0.0298  0.650698
 0.0299  0.649908
 0.0300  0.649034
 0.0301  0.648230
 0.0302  0.647462
 0.0303  0.646690
 0.0304  0.645901
 0.0305  0.645070
 0.0306  0.644363
 0.0307  0.643589
 0.0308  0.642804
 0.0309  0.641943
 0.0310  0.640940
 0.0311  0.640183
 0.0312  0.639398
 0.0313  0.638589
 0.0314  0.637759
 0.0315  0.636897
 0.0316  0.635989
 0.0317  0.634942
 0.0318  0.633731
 0.0319  0.632838
 0.0320  0.631761
 0.0321  0.631003
 0.0322  0.630359
 0.0323  0.629707
 0.0324  0.629016
 0.0325  0.628298
 0.0326  0.627578
 0.0327  0.626855
 0.0328  0.626015
 0.0329  0.625156
 0.0330  0.624257
 0.0331  0.623560
 0.0332  0.622849
 0.0333  0.622111
 0.0334  0.621407
 0.0335  0.620743
 0.0336  0.620014
 0.0337  0.619263
 0.0338  0.618428
 0.0339  0.617369
 0.0340  0.616685
 0.0341  0.615967
 0.0342  0.615180
 0.0343  0.614217
 0.0344  0.613556
 0.0345  0.612875
 0.0346  0.612164
 0.0347  0.611295
 0.0348  0.610416
 0.0349  0.609518
 0.0350  0.608898
 0.0351  0.608280
 0.0352  0.607692
 0.0353  0.607103
 0.0354  0.606503
 0.0355  0.605825
 0.0356  0.605124
 0.0357  0.604395
 0.0358  0.603320
 0.0359  0.602708
 0.0360  0.602125
 0.0361  0.601509
 0.0362  0.600847
 0.0363  0.600210
 0.0364  0.599739
 0.0365  0.599108
 0.0366  0.598375
 0.0367  0.597558
 0.0368  0.596531
 0.0369  0.595770
 0.0370  0.595252
 0.0371  0.594730
 0.0372  0.594201
 0.0373  0.593669
 0.0374  0.593074
 0.0375  0.592425
 0.0376  0.700090
 0.0377  0.789784
 0.0378  0.782121
 0.0379  0.796212
 0.0380  0.787996
 0.0381  0.791923
 0.0382  0.798950
 0.0383  0.795708
 0.0384  0.796233
 0.0385  0.801030
 0.0386  0.798797
 0.0387  0.800707
 0.0388  0.803595
 0.0389  0.806678
 0.0390  0.808860
 0.0391  0.806795
 0.0392  0.806909
 0.0393  0.809014
 0.0394  0.814172
 0.0395  0.816290
 0.0396  0.815593
 0.0397  0.816692
 0.0398  0.818308
 0.0399  0.820719
 0.0400  0.822013
