-0.400  0.000000
-0.399  0.000000
-0.398  0.000000
-0.397  0.000000
-0.396  0.000000
-0.395  0.000000
-0.394  0.000000
-0.393  0.000000
-0.392  0.000000
-0.391  0.000000
-0.390  0.000000
-0.389  0.000000
-0.388  0.000000
-0.387  0.000000
-0.386  0.000000
-0.385  0.000000
-0.384  0.000000
-0.383  0.000000
-0.382  0.000000
-0.381  0.000000
-0.380  0.000000
-0.379  0.000000
-0.378  0.000000
-0.377  0.000000
-0.376  0.000000
-0.375  0.000000
-0.374  0.000000
-0.373  0.000000
-0.372  0.000000
-0.371  0.000000
-0.370  0.000000
-0.369  0.000000
-0.368  0.000000
-0.367  0.000000
-0.366  0.000000
-0.365  0.000000
-0.364  0.000000
-0.363  0.000000
-0.362  0.000000
-0.361  0.000000
-0.360  0.000000
-0.359  0.000000
-0.358  0.000000
-0.357  0.000000
-0.356  0.000000
-0.355  0.000000
-0.354  0.000000
-0.353  0.000000
-0.352  0.000000
-0.351  0.000000
-0.350  0.000000
-0.349  0.000000
-0.348  0.000000
-0.347  0.000000
-0.346  0.000000
-0.345  0.000000
-0.344  0.000000
-0.343  0.000000
-0.342  0.000000
-0.341  0.000000
-0.340  0.000000
-0.339  0.000000
-0.338  0.000000
-0.337  0.000000
-0.336  0.000000
-0.335  0.000000
-0.334  0.000000
-0.333  0.000000
-0.332  0.000000
-0.331  0.000000
-0.330  0.000000
-0.329  0.000000
-0.328  0.000000
-0.327  0.000000
-0.326  0.000000
-0.325  0.000000
-0.324  0.000000
-0.323  0.000000
-0.322  0.000000
-0.321  0.000000
-0.320  0.000000
-0.319  0.000000
-0.318  0.000000
-0.317  0.000000
-0.316  0.000000
-0.315  0.000000
-0.314  0.000000
-0.313  0.000000
-0.312  0.000000
-0.311  0.000000
-0.310  0.000000
-0.309  0.000000
-0.308  0.000000
-0.307  0.000000
-0.306  0.000000
-0.305  0.000000
-0.304  0.000000
-0.303  0.000000
-0.302  0.000000
-0.301  0.000000
-0.300  0.000000
-0.299  0.000000
-0.298  0.000000
-0.297  0.000000
-0.296  0.000000
-0.295  0.000000
-0.294  0.000000
-0.293  0.000000
-0.292  0.000000
-0.291  0.000000
-0.290  0.000000
-0.289  0.000000
-0.288  0.000000
-0.287  0.000000
-0.286  0.000000
-0.285  0.000000
-0.284  0.000000
-0.283  0.000000
-0.282  0.000000
-0.281  0.000000
-0.280  0.000000
-0.279  0.000000
-0.278  0.000000
-0.277  0.000000
-0.276  0.000000
-0.275  0.000000
-0.274  0.000000
-0.273  0.000000
-0.272  0.000000
-0.271  0.000000
-0.270  0.000000
-0.269  0.000000
-0.268  0.000000
-0.267  0.000000
-0.266  0.000000
-0.265  0.000000
-0.264  0.000000
-0.263  0.000000
-0.262  0.000000
-0.261  1.218692
-0.260  0.727183
-0.259  0.565646
-0.258  0.435170
-0.257  0.410894
-0.256  0.392371
-0.255  0.379649
-0.254  0.997370
-0.253  0.962412
-0.252  0.946914
-0.251  0.946124
-0.250  0.957843
-0.249  0.979406
-0.248  1.004073
-0.247  1.030072
-0.246  1.050360
-0.245  1.063513
-0.244  1.068875
-0.243  1.069559
-0.242  1.070802
-0.241  1.066087
-0.240  1.063989
-0.239  1.060522
-0.238  1.058304
-0.237  1.055231
-0.236  1.054019
-0.235  1.053414
-0.234  1.052254
-0.233  1.052712
-0.232  1.053117
-0.231  1.054407
-0.230  1.056209
-0.229  1.057704
-0.228  1.060342
-0.227  1.063349
-0.226  1.066746
-0.225  1.070436
-0.224  1.602412
-0.223  1.542608
-0.222  1.530232
-0.221  1.524462
-0.220  1.530077
-0.219  1.538516
-0.218  1.548309
-0.217  1.555481
-0.216  1.566734
-0.215  1.577587
-0.214  1.591791
-0.213  1.650804
-0.212  1.670141
-0.211  1.686478
-0.210  1.702873
-0.209  1.720768
-0.208  1.738384
-0.207  1.756300
-0.206  1.774638
-0.205  1.795029
-0.204  1.815572
-0.203  1.835948
-0.202  1.857793
-0.201  1.879993
-0.200  1.904041
-0.199  1.928177
-0.198  1.953700
-0.197  1.979877
-0.196  2.007793
-0.195  2.036619
-0.194  2.066835
-0.193  2.098852
-0.192  2.132105
-0.191  2.167182
-0.190  2.204606
-0.189  2.243921
-0.188  2.286088
-0.187  2.331438
-0.186  2.380015
-0.185  2.431423
-0.184  2.487294
-0.183  2.548609
-0.182  2.615126
-0.181  2.690443
-0.180  2.772927
-0.179  2.866043
-0.178  2.974587
-0.177  3.098877
-0.176  3.249312
-0.175  3.437724
-0.174  3.685128
-0.173  4.048821
-0.172  4.750816
-0.171  5.343066
-0.170  4.328281
-0.169  3.928455
-0.168  3.687317
-0.167  3.509857
-0.166  3.371919
-0.165  3.260974
-0.164  3.163871
-0.163  3.083995
-0.162  3.009435
-0.161  2.946740
-0.160  2.888039
-0.159  2.836118
-0.158  2.786813
-0.157  2.742305
-0.156  2.700276
-0.155  2.663622
-0.154  2.628126
-0.153  2.594288
-0.152  2.562261
-0.151  2.532845
-0.150  2.504542
-0.149  2.478293
-0.148  2.452560
-0.147  2.429264
-0.146  2.405687
-0.145  2.383599
-0.144  2.362443
-0.143  2.343350
-0.142  2.324278
-0.141  2.305185
-0.140  2.287474
-0.139  2.271211
-0.138  2.255249
-0.137  2.240385
-0.136  2.223712
-0.135  2.207422
-0.134  2.124876
-0.133  2.119283
-0.132  2.114956
-0.131  2.109910
-0.130  2.105851
-0.129  2.102242
-0.128  2.098935
-0.127  2.095822
-0.126  2.092639
-0.125  2.090616
-0.124  2.088904
-0.123  2.087943
-0.122  2.086522
-0.121  2.087828
-0.120  2.089695
-0.119  2.092347
-0.118  2.101368
-0.117  2.128409
-0.116  2.119236
-0.115  2.051181
-0.114  2.017647
-0.113  2.013993
-0.112  2.008670
-0.111  2.005462
-0.110  2.000758
-0.109  1.997305
-0.108  1.994123
-0.107  1.991094
-0.106  1.988399
-0.105  1.986837
-0.104  1.983975
-0.103  1.982964
-0.102  1.984075
-0.101  1.980843
-0.100  1.960077
-0.099  1.928435
-0.098  1.949904
-0.097  1.985691
-0.096  2.044196
-0.095  2.003410
-0.094  1.998853
-0.093  1.998828
-0.092  1.999369
-0.091  2.003726
-0.090  2.006868
-0.089  2.012274
-0.088  2.018659
-0.087  2.026376
-0.086  2.033280
-0.085  2.042399
-0.084  2.055095
-0.083  2.067400
-0.082  2.080122
-0.081  2.096417
-0.080  2.116129
-0.079  2.137052
-0.078  2.160436
-0.077  2.187322
-0.076  2.221420
-0.075  2.253968
-0.074  2.293604
-0.073  2.340287
-0.072  2.375283
-0.071  2.413910
-0.070  2.458503
-0.069  1.871907
-0.068  2.116853
-0.067  1.850502
-0.066  1.789727
-0.065  1.762288
-0.064  1.752000
-0.063  1.749097
-0.062  1.752951
-0.061  1.760139
-0.060  1.769965
-0.059  1.784619
-0.058  1.803163
-0.057  1.820989
-0.056  1.844366
-0.055  1.872523
-0.054  1.903737
-0.053  1.934560
-0.052  1.978294
-0.051  2.031341
-0.050  2.094429
-0.049  2.171421
-0.048  2.272695
-0.047  2.413158
-0.046  2.661570
-0.045  3.262806
-0.044  3.003567
-0.043  2.698646
-0.042  2.549246
-0.041  2.451245
-0.040  1.210334
-0.039  1.185062
-0.038  1.162701
-0.037  1.145313
-0.036  1.128348
-0.035  1.097706
-0.034  0.991821
-0.033  1.006697
-0.032  1.023698
-0.031  1.041290
-0.030  1.062525
-0.029  1.091520
-0.028  1.120763
-0.027  1.165718
-0.026  1.420876
-0.025  1.709928
-0.024  1.725129
-0.023  1.562856
-0.022  1.500520
-0.021  1.468603
-0.020  1.450756
-0.019  1.449963
-0.018  1.129205
-0.017  1.137073
-0.016  1.146110
-0.015  1.151751
-0.014  1.160051
-0.013  1.168462
-0.012  1.173019
-0.011  1.176578
-0.010  1.178076
-0.009  1.175677
-0.008  1.170129
-0.007  1.161969
-0.006  1.150773
-0.005  1.136603
-0.004  1.120609
-0.003  1.103107
-0.002  1.088006
-0.001  1.069793
 0.000  1.055054
 0.001  1.040266
 0.002  1.025194
 0.003  1.012034
 0.004  0.999759
 0.005  0.988124
 0.006  0.978076
 0.007  0.968668
 0.008  0.959822
 0.009  0.952774
 0.010  0.946335
 0.011  0.940425
 0.012  0.935771
 0.013  0.932405
 0.014  0.930237
 0.015  0.928899
 0.016  0.928801
 0.017  0.931308
 0.018  0.935964
 0.019  0.943719
 0.020  0.956205
 0.021  0.976429
 0.022  1.013011
 0.023  1.110824
 0.024  1.059411
 0.025  0.945914
 0.026  0.892177
 0.027  0.856506
 0.028  0.829246
 0.029  0.806200
 0.030  0.788708
 0.031  0.772825
 0.032  0.758574
 0.033  0.745578
 0.034  0.733674
 0.035  0.722583
 0.036  0.712135
 0.037  0.702190
 0.038  0.693726
 0.039  0.685181
 0.040  0.676690
 0.041  0.669223
 0.042  0.661771
 0.043  0.654162
 0.044  0.647765
 0.045  0.640808
 0.046  0.634628
 0.047  0.628332
 0.048  0.622523
 0.049  0.616684
 0.050  0.611064
 0.051  0.605365
 0.052  0.600022
 0.053  0.594874
 0.054  0.589972
 0.055  0.585174
 0.056  0.580101
 0.057  0.575097
 0.058  0.570958
 0.059  0.567657
 0.060  0.563074
 0.061  0.421713
 0.062  0.421887
 0.063  0.422321
 0.064  0.422910
 0.065  0.423835
 0.066  0.424792
 0.067  0.426461
 0.068  0.428129
 0.069  0.430309
 0.070  0.433079
 0.071  0.435957
 0.072  0.439989
 0.073  0.444579
 0.074  0.449944
 0.075  0.456921
 0.076  0.464935
 0.077  0.475239
 0.078  0.489978
 0.079  0.501784
 0.080  0.525748
 0.081  1.396171
 0.082  1.541170
 0.083  1.823535
 0.084  2.067317
 0.085  1.546801
 0.086  1.360763
 0.087  1.247278
 0.088  1.166758
 0.089  1.109201
 0.090  1.063122
 0.091  1.027257
 0.092  0.994647
 0.093  0.970801
 0.094  0.949443
 0.095  0.933946
 0.096  0.920040
 0.097  0.910271
 0.098  0.901923
 0.099  0.899694
 0.100  0.898775
 0.101  0.905374
 0.102  0.918909
 0.103  3.332841
 0.104  2.594677
 0.105  2.281945
 0.106  2.733523
 0.107  1.791783
 0.108  1.823750
 0.109  1.711770
 0.110  1.131978
 0.111  1.080846
 0.112  1.043103
 0.113  1.015482
 0.114  0.992478
 0.115  0.838518
 0.116  0.832005
 0.117  0.827129
 0.118  0.825148
 0.119  0.824444
 0.120  0.826070
 0.121  0.828741
 0.122  0.832002
 0.123  0.836316
 0.124  0.843365
 0.125  0.851139
 0.126  0.860323
 0.127  0.870171
 0.128  1.032845
 0.129  1.065598
 0.130  1.097296
 0.131  1.135580
 0.132  1.186832
 0.133  1.248314
 0.134  1.361979
 0.135  1.651576
 0.136  1.366523
 0.137  1.294951
 0.138  1.252593
 0.139  1.225865
 0.140  1.204714
 0.141  1.188308
 0.142  1.174615
 0.143  1.163822
 0.144  1.154882
 0.145  1.146855
 0.146  1.140811
 0.147  1.135236
 0.148  1.130243
 0.149  1.127960
 0.150  1.123991
 0.151  1.123244
 0.152  1.120764
 0.153  1.120954
 0.154  1.121411
 0.155  1.122650
 0.156  1.125259
 0.157  1.130848
 0.158  1.137617
 0.159  1.147477
 0.160  1.167023
 0.161  1.195263
 0.162  1.302934
 0.163  1.209925
 0.164  1.143222
 0.165  1.104118
 0.166  1.081453
 0.167  1.054575
 0.168  1.035203
 0.169  1.019533
 0.170  1.002473
 0.171  0.987025
 0.172  0.976137
 0.173  0.959613
 0.174  0.947810
 0.175  0.936880
 0.176  0.923586
 0.177  0.914387
 0.178  0.902265
 0.179  0.892539
 0.180  0.880975
 0.181  0.872235
 0.182  0.862256
 0.183  0.852428
 0.184  0.844484
 0.185  0.902655
 0.186  0.901089
 0.187  0.897008
 0.188  0.895433
 0.189  0.891102
 0.190  0.887467
 0.191  0.886138
 0.192  0.880135
 0.193  0.878779
 0.194  0.873872
 0.195  0.872113
 0.196  0.869110
 0.197  0.866180
 0.198  0.861337
 0.199  0.858696
 0.200  0.855795
 0.201  0.852405
 0.202  0.851414
 0.203  0.846911
 0.204  0.842210
 0.205  0.841673
 0.206  0.838998
 0.207  0.839724
 0.208  0.832151
 0.209  0.834335
 0.210  0.827044
 0.211  0.828862
 0.212  0.777574
 0.213  0.783994
 0.214  0.786162
 0.215  0.790610
 0.216  0.795285
 0.217  0.804901
 0.218  0.813018
 0.219  0.828040
 0.220  0.838980
 0.221  0.867211
 0.222  0.994433
 0.223  0.857683
 0.224  0.828705
 0.225  0.777451
 0.226  0.771899
 0.227  0.770614
 0.228  0.775351
 0.229  0.772479
 0.230  0.775104
 0.231  0.784155
 0.232  0.790971
 0.233  0.807460
 0.234  0.822956
 0.235  0.865203
 0.236  0.993610
 0.237  1.028053
 0.238  0.934854
 0.239  0.892413
 0.240  0.865086
 0.241  0.872658
 0.242  0.758995
 0.243  0.438975
 0.244  0.440696
 0.245  0.442257
 0.246  0.448669
 0.247  0.453876
 0.248  0.462429
 0.249  0.464389
 0.250  0.469091
 0.251  0.486379
 0.252  0.487568
 0.253  0.491165
 0.254  0.501998
 0.255  0.518554
 0.256  0.524863
 0.257  0.535171
 0.258  0.551160
 0.259  0.555807
 0.260  0.576724
 0.261  0.599012
 0.262  0.643648
 0.263  0.652574
 0.264  0.993549
 0.265  1.388631
 0.266  1.065774
 0.267  0.953401
 0.268  0.898109
 0.269  0.862702
 0.270  0.837787
 0.271  0.818809
 0.272  0.803798
 0.273  0.791266
 0.274  0.780863
 0.275  0.771787
 0.276  0.764073
 0.277  0.756965
 0.278  0.750624
 0.279  0.744816
 0.280  0.739660
 0.281  0.734983
 0.282  0.730261
 0.283  0.726022
 0.284  0.722056
 0.285  0.718375
 0.286  0.714893
 0.287  0.711434
 0.288  0.708089
 0.289  0.705012
 0.290  0.702029
 0.291  0.699337
 0.292  0.696319
 0.293  0.693708
 0.294  0.690930
 0.295  0.688559
 0.296  0.685961
 0.297  0.683683
 0.298  0.681288
 0.299  0.678889
 0.300  0.676851
 0.301  0.674438
 0.302  0.672444
 0.303  0.670290
 0.304  0.668119
 0.305  0.666216
 0.306  0.664086
 0.307  0.662180
 0.308  0.660311
 0.309  0.658252
 0.310  0.656576
 0.311  0.654459
 0.312  0.652856
 0.313  0.651053
 0.314  0.649088
 0.315  0.647574
 0.316  0.645435
 0.317  0.644090
 0.318  0.642251
 0.319  0.640596
 0.320  0.639062
 0.321  0.636967
 0.322  0.635793
 0.323  0.634042
 0.324  0.632542
 0.325  0.630995
 0.326  0.629281
 0.327  0.627818
 0.328  0.626196
 0.329  0.624853
 0.330  0.623232
 0.331  0.621752
 0.332  0.620323
 0.333  0.618410
 0.334  0.617440
 0.335  0.615722
 0.336  0.614443
 0.337  0.613105
 0.338  0.611393
 0.339  0.610364
 0.340  0.608456
 0.341  0.607487
 0.342  0.606098
 0.343  0.604635
 0.344  0.603359
 0.345  0.601642
 0.346  0.600786
 0.347  0.599019
 0.348  0.598202
 0.349  0.596479
 0.350  0.595493
 0.351  0.594201
 0.352  0.592602
 0.353  0.591652
 0.354  0.590077
 0.355  0.589165
 0.356  0.587549
 0.357  0.586651
 0.358  0.585131
 0.359  0.584129
 0.360  0.582543
 0.361  0.581462
 0.362  0.580502
 0.363  0.579027
 0.364  0.578162
 0.365  0.576768
 0.366  0.575710
 0.367  0.574366
 0.368  0.573451
 0.369  0.572181
 0.370  0.570947
 0.371  0.569767
 0.372  0.568580
 0.373  0.567602
 0.374  0.566379
 0.375  0.565233
 0.376  0.564501
 0.377  0.563099
 0.378  0.561804
 0.379  0.561334
 0.380  0.559326
 0.381  0.558837
 0.382  0.557528
 0.383  0.557392
 0.384  0.546772
 0.385  0.546089
 0.386  0.546300
 0.387  0.545792
 0.388  0.545925
 0.389  0.545330
 0.390  0.545597
 0.391  0.545251
 0.392  0.545529
 0.393  0.545044
 0.394  0.545586
 0.395  0.545831
 0.396  0.546242
 0.397  0.547511
 0.398  0.548628
 0.399  0.552848
 0.400  0.568407
 0.401  0.544170
 0.402  0.541260
 0.403  0.537892
 0.404  0.534996
 0.405  0.532891
 0.406  0.530563
 0.407  0.528450
 0.408  0.526418
 0.409  0.524131
 0.410  0.522470
 0.411  0.528472
 0.412  0.526435
 0.413  0.526539
 0.414  0.525979
 0.415  0.524404
 0.416  0.523608
 0.417  0.522872
 0.418  0.522030
 0.419  0.521261
 0.420  0.520374
 0.421  0.519411
 0.422  0.518141
 0.423  0.517203
 0.424  0.516581
 0.425  0.515677
 0.426  0.514340
 0.427  0.514190
 0.428  0.513067
 0.429  0.512032
 0.430  0.511063
 0.431  0.511217
 0.432  0.509437
 0.433  0.508366
 0.434  0.508158
 0.435  0.506722
 0.436  0.506106
 0.437  0.505250
 0.438  0.504894
 0.439  0.503500
 0.440  0.501739
 0.441  0.502779
 0.442  0.501180
 0.443  0.499787
 0.444  0.500628
 0.445  0.498204
 0.446  0.497978
 0.447  0.496811
 0.448  0.495878
 0.449  0.495946
 0.450  0.494524
 0.451  0.493626
 0.452  0.492903
 0.453  0.492449
 0.454  0.491373
 0.455  0.490157
 0.456  0.490448
 0.457  0.489030
 0.458  0.487778
 0.459  0.489099
 0.460  0.485566
 0.461  0.485493
 0.462  0.487099
 0.463  0.483130
 0.464  0.483399
 0.465  0.484305
 0.466  0.480589
 0.467  0.481427
 0.468  0.481484
 0.469  0.478610
 0.470  0.478862
 0.471  0.478730
 0.472  0.476553
 0.473  0.477230
 0.474  0.476054
 0.475  0.474455
 0.476  0.474014
 0.477  0.474634
 0.478  0.474228
 0.479  0.471254
 0.480  0.472855
 0.481  0.470610
 0.482  0.470409
 0.483  0.469396
 0.484  0.466826
 0.485  0.470299
 0.486  0.466695
 0.487  0.468119
 0.488  0.466255
 0.489  0.465101
 0.490  0.465347
 0.491  0.463957
 0.492  0.463271
 0.493  0.461901
 0.494  0.461190
 0.495  0.461363
 0.496  0.460161
 0.497  0.459494
 0.498  0.459607
 0.499  0.458300
 0.500  0.459169
 0.501  0.458097
 0.502  0.457073
 0.503  0.455677
 0.504  0.454939
 0.505  0.453280
 0.506  0.454916
 0.507  0.450881
 0.508  0.453916
 0.509  0.448709
 0.510  0.451329
 0.511  0.449440
 0.512  0.455667
 0.513  0.446847
 0.514  0.448783
 0.515  0.447326
 0.516  0.459610
 0.517  0.446190
 0.518  0.443522
 0.519  0.444935
 0.520  0.443119
 0.521  0.441259
 0.522  0.442986
 0.523  0.440213
 0.524  0.438626
 0.525  0.436049
 0.526  0.439100
 0.527  0.435483
 0.528  0.382163
 0.529  0.385016
 0.530  0.388249
 0.531  0.391903
 0.532  0.395987
 0.533  0.400680
 0.534  0.406144
 0.535  0.412592
 0.536  0.418952
 0.537  0.427978
 0.538  0.450199
 0.539  0.505286
 0.540  0.465481
 0.541  0.452684
 0.542  0.446545
 0.543  0.443009
 0.544  0.440329
 0.545  0.438290
 0.546  0.436565
 0.547  0.435171
 0.548  0.433783
 0.549  0.432624
 0.550  0.431667
 0.551  0.431014
 0.552  0.429785
 0.553  0.428874
 0.554  0.428054
 0.555  0.427758
 0.556  0.427072
 0.557  0.425408
 0.558  0.424463
 0.559  0.328995
 0.560  0.328473
 0.561  0.328089
 0.562  0.327770
 0.563  0.327237
 0.564  0.326807
 0.565  0.326479
 0.566  0.326166
 0.567  0.325893
 0.568  0.325325
 0.569  0.324945
 0.570  0.324584
 0.571  0.324256
 0.572  0.323944
 0.573  0.323636
 0.574  0.323297
 0.575  0.322946
 0.576  0.322605
 0.577  0.322235
 0.578  0.321954
 0.579  0.322002
 0.580  0.321359
 0.581  0.321202
 0.582  0.320624
 0.583  0.320561
 0.584  0.320039
 0.585  0.320968
 0.586  0.319713
 0.587  0.227870
 0.588  0.227797
 0.589  0.227731
 0.590  0.227679
 0.591  0.227637
 0.592  0.227571
 0.593  0.227514
 0.594  0.227489
 0.595  0.227424
 0.596  0.227366
 0.597  0.227319
 0.598  0.227290
 0.599  0.227231
 0.600  0.227180
 0.601  0.227152
 0.602  0.227108
 0.603  0.227055
 0.604  0.227015
 0.605  0.226996
 0.606  0.226942
 0.607  0.226897
 0.608  0.226872
 0.609  0.226838
 0.610  0.226791
 0.611  0.226756
 0.612  0.226744
 0.613  0.226695
 0.614  0.226656
 0.615  0.226638
 0.616  0.226609
 0.617  0.226567
 0.618  0.226538
 0.619  0.226532
 0.620  0.226488
 0.621  0.226454
 0.622  0.226447
 0.623  0.226417
 0.624  0.226380
 0.625  0.226358
 0.626  0.226355
 0.627  0.226316
 0.628  0.226289
 0.629  0.226301
 0.630  0.226260
 0.631  0.226229
 0.632  0.226216
 0.633  0.226212
 0.634  0.226179
 0.635  0.226159
 0.636  0.226171
 0.637  0.226136
 0.638  0.226112
 0.639  0.226115
 0.640  0.226101
 0.641  0.226074
 0.642  0.226065
 0.643  0.226074
 0.644  0.226045
 0.645  0.226029
 0.646  0.226053
 0.647  0.226023
 0.648  0.226004
 0.649  0.226011
 0.650  0.226008
 0.651  0.225986
 0.652  0.225983
 0.653  0.225999
 0.654  0.225976
 0.655  0.225968
 0.656  0.225998
 0.657  0.225973
 0.658  0.225962
 0.659  0.225987
 0.660  0.225977
 0.661  0.225963
 0.662  0.225972
 0.663  0.225988
 0.664  0.225972
 0.665  0.225975
 0.666  0.226006
 0.667  0.225988
 0.668  0.225987
 0.669  0.226029
 0.670  0.226011
 0.671  0.226007
 0.672  0.226054
 0.673  0.226040
 0.674  0.226035
 0.675  0.226059
 0.676  0.226076
 0.677  0.226069
 0.678  0.226086
 0.679  0.226118
 0.680  0.226110
 0.681  0.226124
 0.682  0.226166
 0.683  0.226158
 0.684  0.226169
 0.685  0.226221
 0.686  0.226212
 0.687  0.226222
 0.688  0.226281
 0.689  0.226273
 0.690  0.226282
 0.691  0.226348
 0.692  0.226340
 0.693  0.226349
 0.694  0.226418
 0.695  0.226414
 0.696  0.226422
 0.697  0.226474
 0.698  0.226493
 0.699  0.226502
 0.700  0.226551
 0.701  0.226579
 0.702  0.226589
 0.703  0.226637
 0.704  0.226671
 0.705  0.226683
 0.706  0.226731
 0.707  0.226770
 0.708  0.226783
 0.709  0.226834
 0.710  0.226875
 0.711  0.226890
 0.712  0.226945
 0.713  0.226986
 0.714  0.227004
 0.715  0.227065
 0.716  0.227104
 0.717  0.227125
 0.718  0.227195
 0.719  0.227229
 0.720  0.227253
 0.721  0.227346
 0.722  0.227361
 0.723  0.227389
 0.724  0.227489
 0.725  0.227499
 0.726  0.227533
 0.727  0.227631
 0.728  0.227645
 0.729  0.227685
 0.730  0.227780
 0.731  0.227798
 0.732  0.227846
 0.733  0.227936
 0.734  0.227959
 0.735  0.228018
 0.736  0.228099
 0.737  0.228129
 0.738  0.228204
 0.739  0.228270
 0.740  0.228307
 0.741  0.228430
 0.742  0.228449
 0.743  0.228496
 0.744  0.228612
 0.745  0.228637
 0.746  0.228697
 0.747  0.228801
 0.748  0.228835
 0.749  0.228913
 0.750  0.228999
 0.751  0.229043
 0.752  0.229173
 0.753  0.229207
 0.754  0.229264
 0.755  0.229389
 0.756  0.229425
 0.757  0.229502
 0.758  0.229607
 0.759  0.229655
 0.760  0.229773
 0.761  0.229836
 0.762  0.229900
 0.763  0.230036
 0.764  0.230077
 0.765  0.230166
 0.766  0.230276
 0.767  0.230333
 0.768  0.230490
 0.769  0.230529
 0.770  0.230608
 0.771  0.230743
 0.772  0.230797
 0.773  0.230919
 0.774  0.231009
 0.775  0.231085
 0.776  0.231236
 0.777  0.231290
 0.778  0.231406
 0.779  0.231516
 0.780  0.231594
 0.781  0.231756
 0.782  0.231813
 0.783  0.231933
 0.784  0.232051
 0.785  0.232134
 0.786  0.232303
 0.787  0.232366
 0.788  0.232500
 0.789  0.232616
 0.790  0.232709
 0.791  0.232878
 0.792  0.232951
 0.793  0.233133
 0.794  0.233211
 0.795  0.233323
 0.796  0.233484
 0.797  0.233571
 0.798  0.233768
 0.799  0.233839
 0.800  0.233988
 0.801  0.234122
 0.802  0.234234
 0.803  0.234416
 0.804  0.234508
 0.805  0.234721
 0.806  0.234797
 0.807  0.234961
 0.808  0.235100
 0.809  0.235228
 0.810  0.235413
 0.811  0.235521
 0.812  0.235737
 0.813  0.235829
 0.814  0.236069
 0.815  0.236150
 0.816  0.236321
 0.817  0.236482
 0.818  0.236625
 0.819  0.236823
 0.820  0.236950
 0.821  0.237173
 0.822  0.237287
 0.823  0.237532
 0.824  0.237636
 0.825  0.237899
 0.826  0.237995
 0.827  0.238229
 0.828  0.238363
 0.829  0.238561
 0.830  0.238741
 0.831  0.238922
 0.832  0.239125
 0.833  0.239297
 0.834  0.239519
 0.835  0.239685
 0.836  0.239920
 0.837  0.240084
 0.838  0.240329
 0.839  0.240492
 0.840  0.240746
 0.841  0.240912
 0.842  0.241170
 0.843  0.241341
 0.844  0.241603
 0.845  0.241782
 0.846  0.242044
 0.847  0.242234
 0.848  0.242492
 0.849  0.242701
 0.850  0.242950
 0.851  0.243185
 0.852  0.243418
 0.853  0.243700
 0.854  0.243897
 0.855  0.244247
 0.856  0.244388
 0.857  0.244730
 0.858  0.244893
 0.859  0.245224
 0.860  0.245418
 0.861  0.245729
 0.862  0.245971
 0.863  0.246249
 0.864  0.246607
 0.865  0.246786
 0.866  0.247157
 0.867  0.247347
 0.868  0.247693
 0.869  0.247950
 0.870  0.248248
 0.871  0.248656
 0.872  0.248831
 0.873  0.249210
 0.874  0.249461
 0.875  0.249790
 0.876  0.250217
 0.877  0.250405
 0.878  0.250796
 0.879  0.251097
 0.880  0.251411
 0.881  0.251842
 0.882  0.252088
 0.883  0.252460
 0.884  0.252918
 0.885  0.253140
 0.886  0.253543
 0.887  0.254021
 0.888  0.254238
 0.889  0.254659
 0.890  0.255149
 0.891  0.255381
 0.892  0.255806
 0.893  0.256302
 0.894  0.256577
 0.895  0.256990
 0.896  0.257481
 0.897  0.257875
 0.898  0.258225
 0.899  0.258698
 0.900  0.259226
 0.901  0.259562
 0.902  0.259977
 0.903  0.260475
 0.904  0.261019
 0.905  0.261423
 0.906  0.261822
 0.907  0.262320
 0.908  0.262863
 0.909  0.263438
 0.910  0.263858
 0.911  0.264286
 0.912  0.264798
 0.913  0.265350
 0.914  0.265927
 0.915  0.266523
 0.916  0.267133
 0.917  0.267579
 0.918  0.268062
 0.919  0.268605
 0.920  0.269174
 0.921  0.269760
 0.922  0.270360
 0.923  0.270967
 0.924  0.271582
 0.925  0.272204
 0.926  0.272831
 0.927  0.273465
 0.928  0.274111
 0.929  0.274776
 0.930  0.275474
 0.931  0.276271
 0.932  0.277095
 0.933  0.277690
 0.934  0.278306
 0.935  0.278972
 0.936  0.279777
 0.937  0.280717
 0.938  0.281286
 0.939  0.282015
 0.940  0.283069
 0.941  0.283612
 0.942  0.284854
 0.943  0.285278
 0.944  0.286501
 0.945  0.286943
 0.946  0.287965
 0.947  0.289149
 0.948  0.289855
 0.949  0.290619
 0.950  0.291582
 0.951  0.293166
 0.952  0.293673
 0.953  0.294370
 0.954  0.295419
 0.955  0.296396
 0.956  0.298560
 0.957  0.299655
 0.958  0.298928
 0.959  0.000000
 0.960  0.000000
 0.961  0.000000
 0.962  0.000000
 0.963  0.000000
 0.964  0.000000
 0.965  0.000000
 0.966  0.000000
 0.967  0.000000
 0.968  0.000000
 0.969  0.000000
 0.970  0.000000
 0.971  0.000000
 0.972  0.000000
 0.973  0.000000
 0.974  0.000000
 0.975  0.000000
 0.976  0.000000
 0.977  0.000000
 0.978  0.000000
 0.979  0.000000
 0.980  0.000000
 0.981  0.000000
 0.982  0.000000
 0.983  0.000000
 0.984  0.000000
 0.985  0.000000
 0.986  0.000000
 0.987  0.000000
 0.988  0.000000
 0.989  0.000000
 0.990  0.000000
 0.991  0.000000
 0.992  0.000000
 0.993  0.000000
 0.994  0.000000
 0.995  0.000000
 0.996  0.000000
 0.997  0.000000
 0.998  0.000000
 0.999  0.000000
 1.000  0.000000
