-0.400  0.000000
-0.399  0.000000
-0.398  0.000000
-0.397  0.000000
-0.396  0.000000
-0.395  0.000000
-0.394  0.000000
-0.393  0.000000
-0.392  0.000000
-0.391  0.000000
-0.390  0.000000
-0.389  0.000000
-0.388  0.000000
-0.387  0.000000
-0.386  0.000000
-0.385  0.000000
-0.384  0.000000
-0.383  0.000000
-0.382  0.000000
-0.381  0.000000
-0.380  0.000000
-0.379  0.000000
-0.378  0.000000
-0.377  0.000000
-0.376  0.000000
-0.375  0.000000
-0.374  0.000000
-0.373  0.000000
-0.372  0.000000
-0.371  0.000000
-0.370  0.000000
-0.369  0.000000
-0.368  0.000000
-0.367  0.000000
-0.366  0.000000
-0.365  0.000000
-0.364  0.000000
-0.363  0.000000
-0.362  0.000000
-0.361  0.000000
-0.360  0.000000
-0.359  0.000000
-0.358  0.000000
-0.357  0.000000
-0.356  0.000000
-0.355  0.000000
-0.354  0.000000
-0.353  0.000000
-0.352  0.000000
-0.351  0.000000
-0.350  0.000000
-0.349  0.000000
-0.348  0.000000
-0.347  0.000000
-0.346  0.000000
-0.345  0.000000
-0.344  0.000000
-0.343  0.000000
-0.342  0.000000
-0.341  0.000000
-0.340  0.000000
-0.339  0.000000
-0.338  0.000000
-0.337  0.000000
-0.336  0.000000
-0.335  0.000000
-0.334  0.000000
-0.333  0.000000
-0.332  0.000000
-0.331  0.000000
-0.330  0.000000
-0.329  0.000000
-0.328  0.000000
-0.327  0.000000
-0.326  0.000000
-0.325  0.000000
-0.324  0.000000
-0.323  0.000000
-0.322  0.000000
-0.321  0.000000
-0.320  0.000000
-0.319  0.000000
-0.318  0.000000
-0.317  0.000000
-0.316  0.000000
-0.315  0.000000
-0.314  0.000000
-0.313  0.000000
-0.312  0.000000
-0.311  0.000000
-0.310  0.000000
-0.309  0.000000
-0.308  0.000000
-0.307  0.000000
-0.306  0.000000
-0.305  0.000000
-0.304  0.000000
-0.303  0.000000
-0.302  0.000000
-0.301  0.000000
-0.300  0.000000
-0.299  0.000000
-0.298  0.000000
-0.297  0.000000
-0.296  0.000000
-0.295  0.000000
-0.294  0.000000
-0.293  0.000000
-0.292  0.000000
-0.291  0.000000
-0.290  0.000000
-0.289  0.000000
-0.288  0.000000
-0.287  0.000000
-0.286  0.000000
-0.285  0.000000
-0.284  0.000000
-0.283  0.000000
-0.282  0.000000
-0.281  0.000000
-0.280  0.000000
-0.279  0.000000
-0.278  0.000000
-0.277  0.000000
-0.276  0.000000
-0.275  0.000000
-0.274  0.000000
-0.273  0.000000
-0.272  0.000000
-0.271  0.000000
-0.270  0.000000
-0.269  0.000000
-0.268  0.000000
-0.267  0.000000
-0.266  0.000000
-0.265  0.000000
-0.264  0.000000
-0.263  0.000000
-0.262  0.000000
-0.261  0.000000
-0.260  0.000000
-0.259  0.000000
-0.258  1.430757
-0.257  0.790095
-0.256  0.610351
-0.255  1.046792
-0.254  1.184314
-0.253  0.972356
-0.252  0.875706
-0.251  0.818175
-0.250  0.777690
-0.249  0.749418
-0.248  0.728423
-0.247  0.710557
-0.246  0.830781
-0.245  2.190699
-0.244  1.374516
-0.243  1.220129
-0.242  1.158011
-0.241  1.121311
-0.240  1.096593
-0.239  1.077592
-0.238  1.064692
-0.237  1.225796
-0.236  1.203403
-0.235  1.202303
-0.234  1.209091
-0.233  1.219173
-0.232  1.230815
-0.231  1.243209
-0.230  1.408946
-0.229  1.420315
-0.228  1.434427
-0.227  1.438562
-0.226  1.453405
-0.225  1.463173
-0.224  1.473150
-0.223  1.484908
-0.222  1.493814
-0.221  1.507151
-0.220  1.519625
-0.219  1.531668
-0.218  1.542029
-0.217  1.554310
-0.216  1.567195
-0.215  1.580514
-0.214  1.593864
-0.213  1.608473
-0.212  1.622089
-0.211  1.635800
-0.210  1.651093
-0.209  1.666538
-0.208  1.681710
-0.207  1.698008
-0.206  1.714662
-0.205  1.731639
-0.204  1.748453
-0.203  1.767634
-0.202  1.786892
-0.201  1.805606
-0.200  1.826179
-0.199  1.846479
-0.198  1.868544
-0.197  1.890874
-0.196  1.914743
-0.195  1.939060
-0.194  1.964210
-0.193  1.990847
-0.192  2.017864
-0.191  2.046784
-0.190  2.076982
-0.189  2.108566
-0.188  2.141933
-0.187  2.177228
-0.186  2.215050
-0.185  2.253779
-0.184  2.296190
-0.183  2.341904
-0.182  2.389701
-0.181  2.441427
-0.180  2.497755
-0.179  2.560038
-0.178  2.626802
-0.177  2.702100
-0.176  2.785134
-0.175  2.879045
-0.174  2.986529
-0.173  3.112907
-0.172  3.267399
-0.171  3.459701
-0.170  3.718063
-0.169  4.111962
-0.168  4.993360
-0.167  4.843868
-0.166  4.132663
-0.165  3.796774
-0.164  3.569390
-0.163  3.404897
-0.162  3.279732
-0.161  3.173005
-0.160  3.078658
-0.159  3.003699
-0.158  2.932231
-0.157  2.869802
-0.156  2.814840
-0.155  2.763613
-0.154  2.717421
-0.153  2.675036
-0.152  2.635134
-0.151  2.599648
-0.150  2.564905
-0.149  2.532473
-0.148  2.502163
-0.147  2.474080
-0.146  2.446326
-0.145  2.420288
-0.144  2.396359
-0.143  2.374089
-0.142  2.352705
-0.141  2.330383
-0.140  2.310676
-0.139  2.292039
-0.138  2.275531
-0.137  2.256811
-0.136  2.241159
-0.135  2.225594
-0.134  2.209929
-0.133  2.195472
-0.132  2.182727
-0.131  2.168874
-0.130  2.156035
-0.129  2.143299
-0.128  2.131846
-0.127  2.120931
-0.126  2.111320
-0.125  2.101681
-0.124  2.045555
-0.123  2.042170
-0.122  2.039830
-0.121  2.036649
-0.120  2.035097
-0.119  2.033762
-0.118  2.032611
-0.117  2.032474
-0.116  2.032381
-0.115  2.034712
-0.114  2.037191
-0.113  2.048774
-0.112  2.093922
-0.111  2.020224
-0.110  1.999594
-0.109  1.982552
-0.108  1.970596
-0.107  1.960261
-0.106  1.977127
-0.105  1.973105
-0.104  1.969789
-0.103  1.966826
-0.102  1.967093
-0.101  1.964381
-0.100  1.961840
-0.099  1.962011
-0.098  1.962022
-0.097  1.961611
-0.096  1.964376
-0.095  1.977859
-0.094  1.871328
-0.093  1.885447
-0.092  1.900003
-0.091  1.916251
-0.090  1.936271
-0.089  1.960151
-0.088  1.992321
-0.087  2.051479
-0.086  2.049788
-0.085  2.040660
-0.084  2.038898
-0.083  2.041739
-0.082  2.051441
-0.081  2.062702
-0.080  2.077465
-0.079  2.094459
-0.078  2.116807
-0.077  2.143923
-0.076  2.180148
-0.075  2.225657
-0.074  2.291312
-0.073  2.408996
-0.072  2.923389
-0.071  2.426678
-0.070  2.301965
-0.069  2.222200
-0.068  2.169783
-0.067  2.129314
-0.066  2.092396
-0.065  2.062368
-0.064  2.035808
-0.063  2.013176
-0.062  1.991604
-0.061  1.971844
-0.060  1.956264
-0.059  1.942757
-0.058  1.572575
-0.057  1.582105
-0.056  1.591829
-0.055  1.603345
-0.054  1.613700
-0.053  1.627021
-0.052  1.639657
-0.051  1.654955
-0.050  1.672121
-0.049  1.688196
-0.048  1.709407
-0.047  1.728353
-0.046  1.756804
-0.045  1.789214
-0.044  1.821680
-0.043  1.863843
-0.042  1.924289
-0.041  1.997587
-0.040  2.129222
-0.039  2.490059
-0.038  2.270863
-0.037  2.108402
-0.036  2.020148
-0.035  1.959474
-0.034  1.912221
-0.033  1.875011
-0.032  1.842878
-0.031  1.808174
-0.030  1.790808
-0.029  1.038248
-0.028  0.873608
-0.027  0.877467
-0.026  0.882023
-0.025  0.886908
-0.024  0.892014
-0.023  0.896823
-0.022  0.901977
-0.021  0.907539
-0.020  0.913811
-0.019  0.919735
-0.018  0.925825
-0.017  0.932922
-0.016  0.940199
-0.015  0.948862
-0.014  0.957120
-0.013  1.177502
-0.012  1.204653
-0.011  1.230877
-0.010  1.266070
-0.009  1.304250
-0.008  1.346676
-0.007  1.402522
-0.006  1.472233
-0.005  1.594480
-0.004  1.693143
-0.003  1.576371
-0.002  1.544307
-0.001  1.534857
 0.000  1.544576
 0.001  1.556639
 0.002  1.576491
 0.003  1.600778
 0.004  1.614992
 0.005  1.603892
 0.006  1.554649
 0.007  1.475712
 0.008  1.407454
 0.009  1.365332
 0.010  1.363002
 0.011  1.866740
 0.012  1.391057
 0.013  1.175091
 0.014  1.066612
 0.015  0.996171
 0.016  0.941812
 0.017  0.904104
 0.018  0.872016
 0.019  0.845034
 0.020  0.820793
 0.021  0.801157
 0.022  0.785255
 0.023  0.767733
 0.024  0.754806
 0.025  0.740581
 0.026  0.729277
 0.027  0.717846
 0.028  0.707676
 0.029  0.698065
 0.030  0.689348
 0.031  0.680769
 0.032  0.673331
 0.033  0.665261
 0.034  0.659102
 0.035  0.652051
 0.036  0.646368
 0.037  0.641204
 0.038  0.636070
 0.039  0.632156
 0.040  0.629797
 0.041  0.766662
 0.042  0.787054
 0.043  0.795157
 0.044  0.810185
 0.045  0.823899
 0.046  0.839947
 0.047  0.857719
 0.048  0.874349
 0.049  0.893312
 0.050  0.912001
 0.051  0.935055
 0.052  0.957167
 0.053  0.981775
 0.054  1.011284
 0.055  1.040616
 0.056  1.080375
 0.057  1.133436
 0.058  1.205582
 0.059  1.344478
 0.060  1.397505
 0.061  1.215799
 0.062  1.129987
 0.063  1.074794
 0.064  1.034481
 0.065  1.001353
 0.066  0.971819
 0.067  0.949047
 0.068  0.924233
 0.069  0.840096
 0.070  0.825737
 0.071  0.815606
 0.072  0.804437
 0.073  0.993220
 0.074  1.995594
 0.075  1.998666
 0.076  1.660443
 0.077  1.509292
 0.078  1.423820
 0.079  1.364348
 0.080  1.349899
 0.081  1.442202
 0.082  1.404347
 0.083  1.379494
 0.084  1.361016
 0.085  1.353659
 0.086  1.348078
 0.087  1.353538
 0.088  1.414205
 0.089  1.328375
 0.090  1.273895
 0.091  1.225697
 0.092  1.210866
 0.093  1.201148
 0.094  1.185769
 0.095  1.205502
 0.096  1.062117
 0.097  0.897653
 0.098  0.910076
 0.099  0.919402
 0.100  0.928937
 0.101  0.943771
 0.102  0.956218
 0.103  0.975962
 0.104  0.992410
 0.105  1.015438
 0.106  1.039966
 0.107  1.075519
 0.108  1.111939
 0.109  1.187207
 0.110  1.357822
 0.111  1.203624
 0.112  1.160329
 0.113  1.138848
 0.114  1.119889
 0.115  1.107143
 0.116  1.096023
 0.117  1.085545
 0.118  1.077381
 0.119  1.068706
 0.120  0.990252
 0.121  0.987897
 0.122  0.985298
 0.123  0.984253
 0.124  0.981396
 0.125  0.979954
 0.126  0.979642
 0.127  0.978401
 0.128  0.978533
 0.129  0.977961
 0.130  0.975897
 0.131  0.975941
 0.132  0.977303
 0.133  0.977386
 0.134  0.977076
 0.135  0.977259
 0.136  0.977475
 0.137  0.978940
 0.138  0.979948
 0.139  0.982855
 0.140  0.983389
 0.141  0.984691
 0.142  0.989159
 0.143  0.990976
 0.144  0.997278
 0.145  1.003457
 0.146  1.013471
 0.147  1.027998
 0.148  1.066500
 0.149  1.060485
 0.150  1.008847
 0.151  0.985528
 0.152  0.970745
 0.153  0.953194
 0.154  0.942000
 0.155  0.928590
 0.156  0.918768
 0.157  0.909393
 0.158  0.900405
 0.159  0.891765
 0.160  0.883129
 0.161  0.875835
 0.162  0.865811
 0.163  0.859626
 0.164  0.905597
 0.165  0.892078
 0.166  0.886001
 0.167  0.884424
 0.168  0.880862
 0.169  0.880103
 0.170  0.875861
 0.171  0.873424
 0.172  0.873275
 0.173  0.867363
 0.174  0.866761
 0.175  0.863202
 0.176  0.859723
 0.177  0.856271
 0.178  0.855825
 0.179  0.850220
 0.180  0.853281
 0.181  0.847391
 0.182  0.846198
 0.183  0.845390
 0.184  0.839506
 0.185  0.838129
 0.186  0.837990
 0.187  0.832089
 0.188  0.833052
 0.189  0.826957
 0.190  0.824267
 0.191  0.827091
 0.192  0.818639
 0.193  0.819462
 0.194  0.815145
 0.195  0.811813
 0.196  0.812324
 0.197  0.809496
 0.198  0.806767
 0.199  0.804223
 0.200  0.805610
 0.201  0.798282
 0.202  0.800072
 0.203  0.794740
 0.204  0.797639
 0.205  0.769007
 0.206  0.781993
 0.207  0.787878
 0.208  0.798826
 0.209  0.815675
 0.210  0.839769
 0.211  0.806754
 0.212  0.798168
 0.213  0.784693
 0.214  0.772700
 0.215  0.764320
 0.216  0.747828
 0.217  0.756692
 0.218  0.673468
 0.219  0.670196
 0.220  0.670687
 0.221  0.714329
 0.222  0.718510
 0.223  0.724660
 0.224  0.731207
 0.225  0.745124
 0.226  0.756593
 0.227  0.764501
 0.228  0.777274
 0.229  0.798409
 0.230  0.833595
 0.231  0.907462
 0.232  0.815663
 0.233  0.783111
 0.234  0.752753
 0.235  0.716949
 0.236  0.447875
 0.237  0.460738
 0.238  0.460466
 0.239  0.465386
 0.240  0.472393
 0.241  0.482654
 0.242  0.494637
 0.243  0.607776
 0.244  0.626848
 0.245  0.668766
 0.246  0.739583
 0.247  0.770064
 0.248  0.919890
 0.249  0.933045
 0.250  0.841198
 0.251  0.804101
 0.252  0.782708
 0.253  0.767902
 0.254  0.756577
 0.255  0.747879
 0.256  0.740338
 0.257  0.734470
 0.258  0.729140
 0.259  0.724018
 0.260  0.720330
 0.261  0.716147
 0.262  0.712656
 0.263  0.709565
 0.264  0.705994
 0.265  0.703462
 0.266  0.700719
 0.267  0.697691
 0.268  0.695622
 0.269  0.692987
 0.270  0.690748
 0.271  0.688423
 0.272  0.685878
 0.273  0.684148
 0.274  0.681974
 0.275  0.679512
 0.276  0.678051
 0.277  0.675731
 0.278  0.673946
 0.279  0.672224
 0.280  0.669834
 0.281  0.668594
 0.282  0.666433
 0.283  0.664770
 0.284  0.663230
 0.285  0.661015
 0.286  0.659861
 0.287  0.657877
 0.288  0.656184
 0.289  0.654836
 0.290  0.652726
 0.291  0.651523
 0.292  0.649822
 0.293  0.648064
 0.294  0.646925
 0.295  0.644817
 0.296  0.643761
 0.297  0.642123
 0.298  0.640345
 0.299  0.639328
 0.300  0.637221
 0.301  0.636309
 0.302  0.634680
 0.303  0.633006
 0.304  0.631990
 0.305  0.630024
 0.306  0.629153
 0.307  0.627545
 0.308  0.625922
 0.309  0.624915
 0.310  0.623071
 0.311  0.622199
 0.312  0.620655
 0.313  0.619108
 0.314  0.618168
 0.315  0.616322
 0.316  0.615497
 0.317  0.613971
 0.318  0.612465
 0.319  0.611630
 0.320  0.609754
 0.321  0.609061
 0.322  0.607449
 0.323  0.606128
 0.324  0.605268
 0.325  0.603366
 0.326  0.602702
 0.327  0.601015
 0.328  0.599966
 0.329  0.599020
 0.330  0.597220
 0.331  0.596489
 0.332  0.594799
 0.333  0.593990
 0.334  0.592360
 0.335  0.591228
 0.336  0.590394
 0.337  0.588871
 0.338  0.588176
 0.339  0.586497
 0.340  0.585947
 0.341  0.584340
 0.342  0.583233
 0.343  0.582498
 0.344  0.580803
 0.345  0.580117
 0.346  0.578524
 0.347  0.577775
 0.348  0.576263
 0.349  0.575214
 0.350  0.574356
 0.351  0.572978
 0.352  0.572401
 0.353  0.570816
 0.354  0.570215
 0.355  0.568593
 0.356  0.567860
 0.357  0.566554
 0.358  0.565446
 0.359  0.564628
 0.360  0.563335
 0.361  0.562791
 0.362  0.561267
 0.363  0.560656
 0.364  0.559204
 0.365  0.558448
 0.366  0.557214
 0.367  0.555947
 0.368  0.555165
 0.369  0.554098
 0.370  0.552955
 0.371  0.552123
 0.372  0.551366
 0.373  0.550111
 0.374  0.548742
 0.375  0.548341
 0.376  0.547542
 0.377  0.546157
 0.378  0.544717
 0.379  0.544875
 0.380  0.543393
 0.381  0.542256
 0.382  0.542084
 0.383  0.619859
 0.384  0.534598
 0.385  0.535072
 0.386  0.535019
 0.387  0.535271
 0.388  0.535565
 0.389  0.535351
 0.390  0.536436
 0.391  0.537138
 0.392  0.545220
 0.393  0.533032
 0.394  0.531635
 0.395  0.528421
 0.396  0.527189
 0.397  0.525121
 0.398  0.522894
 0.399  0.521009
 0.400  0.523393
 0.401  0.524959
 0.402  0.522941
 0.403  0.521843
 0.404  0.521289
 0.405  0.520632
 0.406  0.519152
 0.407  0.518469
 0.408  0.518430
 0.409  0.516515
 0.410  0.515736
 0.411  0.515431
 0.412  0.515317
 0.413  0.512478
 0.414  0.512390
 0.415  0.511507
 0.416  0.511481
 0.417  0.509884
 0.418  0.509068
 0.419  0.509296
 0.420  0.507450
 0.421  0.506540
 0.422  0.504864
 0.423  0.506233
 0.424  0.503184
 0.425  0.503387
 0.426  0.503458
 0.427  0.502281
 0.428  0.500945
 0.429  0.498945
 0.430  0.500230
 0.431  0.497744
 0.432  0.497990
 0.433  0.497676
 0.434  0.496910
 0.435  0.495667
 0.436  0.494311
 0.437  0.494411
 0.438  0.492020
 0.439  0.492950
 0.440  0.491908
 0.441  0.491134
 0.442  0.490745
 0.443  0.489424
 0.444  0.488649
 0.445  0.488650
 0.446  0.486978
 0.447  0.486166
 0.448  0.485008
 0.449  0.484915
 0.450  0.483748
 0.451  0.484137
 0.452  0.482944
 0.453  0.481332
 0.454  0.481942
 0.455  0.480879
 0.456  0.478928
 0.457  0.479841
 0.458  0.478672
 0.459  0.476581
 0.460  0.478019
 0.461  0.476333
 0.462  0.474269
 0.463  0.476826
 0.464  0.473752
 0.465  0.471989
 0.466  0.473836
 0.467  0.470935
 0.468  0.470808
 0.469  0.471441
 0.470  0.468062
 0.471  0.471000
 0.472  0.469869
 0.473  0.465835
 0.474  0.467448
 0.475  0.465927
 0.476  0.467740
 0.477  0.465092
 0.478  0.462431
 0.479  0.463459
 0.480  0.463572
 0.481  0.461889
 0.482  0.461150
 0.483  0.462758
 0.484  0.459512
 0.485  0.460843
 0.486  0.457916
 0.487  0.457463
 0.488  0.456371
 0.489  0.455774
 0.490  0.454953
 0.491  0.454144
 0.492  0.455473
 0.493  0.452559
 0.494  0.457352
 0.495  0.451039
 0.496  0.458775
 0.497  0.450034
 0.498  0.450300
 0.499  0.455059
 0.500  0.448670
 0.501  0.447645
 0.502  0.457077
 0.503  0.445936
 0.504  0.464985
 0.505  0.444528
 0.506  0.444057
 0.507  0.464265
 0.508  0.442474
 0.509  0.442032
 0.510  0.440913
 0.511  0.441297
 0.512  0.440222
 0.513  0.438747
 0.514  0.438684
 0.515  0.437353
 0.516  0.436247
 0.517  0.435736
 0.518  0.435764
 0.519  0.450745
 0.520  0.431818
 0.521  0.444560
 0.522  0.442334
 0.523  0.431294
 0.524  0.405267
 0.525  0.390984
 0.526  0.396225
 0.527  0.418333
 0.528  0.406725
 0.529  0.415207
 0.530  0.427832
 0.531  0.468685
 0.532  0.452915
 0.533  0.442035
 0.534  0.438167
 0.535  0.435219
 0.536  0.433575
 0.537  0.432188
 0.538  0.430875
 0.539  0.429983
 0.540  0.429168
 0.541  0.428071
 0.542  0.427366
 0.543  0.426809
 0.544  0.425981
 0.545  0.425230
 0.546  0.424564
 0.547  0.424027
 0.548  0.423467
 0.549  0.422625
 0.550  0.421970
 0.551  0.421391
 0.552  0.420826
 0.553  0.420234
 0.554  0.419625
 0.555  0.419011
 0.556  0.418448
 0.557  0.418148
 0.558  0.417806
 0.559  0.416909
 0.560  0.416318
 0.561  0.415905
 0.562  0.415626
 0.563  0.415314
 0.564  0.414282
 0.565  0.412114
 0.566  0.227445
 0.567  0.227396
 0.568  0.227325
 0.569  0.227263
 0.570  0.227221
 0.571  0.227163
 0.572  0.227099
 0.573  0.227045
 0.574  0.227014
 0.575  0.226950
 0.576  0.226893
 0.577  0.226849
 0.578  0.226812
 0.579  0.226754
 0.580  0.226704
 0.581  0.226686
 0.582  0.226626
 0.583  0.226573
 0.584  0.226532
 0.585  0.226509
 0.586  0.226454
 0.587  0.226408
 0.588  0.226379
 0.589  0.226345
 0.590  0.226295
 0.591  0.226256
 0.592  0.226244
 0.593  0.226193
 0.594  0.226149
 0.595  0.226122
 0.596  0.226099
 0.597  0.226053
 0.598  0.226017
 0.599  0.226013
 0.600  0.225965
 0.601  0.225925
 0.602  0.225900
 0.603  0.225886
 0.604  0.225843
 0.605  0.225811
 0.606  0.225814
 0.607  0.225769
 0.608  0.225733
 0.609  0.225712
 0.610  0.225703
 0.611  0.225664
 0.612  0.225636
 0.613  0.225644
 0.614  0.225603
 0.615  0.225571
 0.616  0.225555
 0.617  0.225549
 0.618  0.225514
 0.619  0.225491
 0.620  0.225503
 0.621  0.225466
 0.622  0.225438
 0.623  0.225430
 0.624  0.225424
 0.625  0.225394
 0.626  0.225377
 0.627  0.225390
 0.628  0.225357
 0.629  0.225335
 0.630  0.225340
 0.631  0.225327
 0.632  0.225302
 0.633  0.225293
 0.634  0.225304
 0.635  0.225277
 0.636  0.225262
 0.637  0.225288
 0.638  0.225258
 0.639  0.225240
 0.640  0.225244
 0.641  0.225247
 0.642  0.225225
 0.643  0.225221
 0.644  0.225242
 0.645  0.225218
 0.646  0.225208
 0.647  0.225243
 0.648  0.225218
 0.649  0.225204
 0.650  0.225217
 0.651  0.225224
 0.652  0.225208
 0.653  0.225211
 0.654  0.225236
 0.655  0.225218
 0.656  0.225216
 0.657  0.225255
 0.658  0.225236
 0.659  0.225230
 0.660  0.225265
 0.661  0.225259
 0.662  0.225251
 0.663  0.225269
 0.664  0.225289
 0.665  0.225279
 0.666  0.225290
 0.667  0.225324
 0.668  0.225313
 0.669  0.225320
 0.670  0.225366
 0.671  0.225354
 0.672  0.225358
 0.673  0.225414
 0.674  0.225401
 0.675  0.225404
 0.676  0.225447
 0.677  0.225454
 0.678  0.225455
 0.679  0.225487
 0.680  0.225514
 0.681  0.225514
 0.682  0.225540
 0.683  0.225579
 0.684  0.225579
 0.685  0.225602
 0.686  0.225650
 0.687  0.225650
 0.688  0.225672
 0.689  0.225728
 0.690  0.225727
 0.691  0.225748
 0.692  0.225811
 0.693  0.225811
 0.694  0.225832
 0.695  0.225900
 0.696  0.225900
 0.697  0.225922
 0.698  0.225995
 0.699  0.225997
 0.700  0.226019
 0.701  0.226096
 0.702  0.226099
 0.703  0.226123
 0.704  0.226203
 0.705  0.226207
 0.706  0.226233
 0.707  0.226316
 0.708  0.226322
 0.709  0.226351
 0.710  0.226436
 0.711  0.226444
 0.712  0.226476
 0.713  0.226561
 0.714  0.226572
 0.715  0.226608
 0.716  0.226693
 0.717  0.226707
 0.718  0.226748
 0.719  0.226832
 0.720  0.226849
 0.721  0.226896
 0.722  0.226977
 0.723  0.226998
 0.724  0.227054
 0.725  0.227129
 0.726  0.227155
 0.727  0.227222
 0.728  0.227288
 0.729  0.227320
 0.730  0.227408
 0.731  0.227454
 0.732  0.227493
 0.733  0.227609
 0.734  0.227628
 0.735  0.227676
 0.736  0.227785
 0.737  0.227811
 0.738  0.227870
 0.739  0.227969
 0.740  0.228002
 0.741  0.228079
 0.742  0.228162
 0.743  0.228204
 0.744  0.228325
 0.745  0.228363
 0.746  0.228417
 0.747  0.228541
 0.748  0.228574
 0.749  0.228644
 0.750  0.228753
 0.751  0.228795
 0.752  0.228894
 0.753  0.228973
 0.754  0.229030
 0.755  0.229170
 0.756  0.229206
 0.757  0.229281
 0.758  0.229401
 0.759  0.229450
 0.760  0.229562
 0.761  0.229645
 0.762  0.229711
 0.763  0.229856
 0.764  0.229901
 0.765  0.229993
 0.766  0.230111
 0.767  0.230173
 0.768  0.230336
 0.769  0.230380
 0.770  0.230467
 0.771  0.230604
 0.772  0.230666
 0.773  0.230817
 0.774  0.230887
 0.775  0.230974
 0.776  0.231124
 0.777  0.231188
 0.778  0.231336
 0.779  0.231422
 0.780  0.231514
 0.781  0.231671
 0.782  0.231741
 0.783  0.231917
 0.784  0.231986
 0.785  0.232090
 0.786  0.232246
 0.787  0.232325
 0.788  0.232519
 0.789  0.232581
 0.790  0.232706
 0.791  0.232851
 0.792  0.232946
 0.793  0.233134
 0.794  0.233210
 0.795  0.233385
 0.796  0.233490
 0.797  0.233611
 0.798  0.233781
 0.799  0.233879
 0.800  0.234084
 0.801  0.234165
 0.802  0.234354
 0.803  0.234466
 0.804  0.234602
 0.805  0.234776
 0.806  0.234890
 0.807  0.235098
 0.808  0.235195
 0.809  0.235429
 0.810  0.235514
 0.811  0.235699
 0.812  0.235843
 0.813  0.235993
 0.814  0.236182
 0.815  0.236313
 0.816  0.236531
 0.817  0.236648
 0.818  0.236888
 0.819  0.236995
 0.820  0.237253
 0.821  0.237352
 0.822  0.237603
 0.823  0.237718
 0.824  0.237922
 0.825  0.238093
 0.826  0.238278
 0.827  0.238476
 0.828  0.238650
 0.829  0.238868
 0.830  0.239035
 0.831  0.239268
 0.832  0.239431
 0.833  0.239675
 0.834  0.239837
 0.835  0.240090
 0.836  0.240254
 0.837  0.240512
 0.838  0.240681
 0.839  0.240943
 0.840  0.241119
 0.841  0.241382
 0.842  0.241568
 0.843  0.241828
 0.844  0.242031
 0.845  0.242284
 0.846  0.242509
 0.847  0.242750
 0.848  0.243012
 0.849  0.243225
 0.850  0.243578
 0.851  0.243712
 0.852  0.244058
 0.853  0.244214
 0.854  0.244549
 0.855  0.244732
 0.856  0.245050
 0.857  0.245276
 0.858  0.245565
 0.859  0.245871
 0.860  0.246098
 0.861  0.246475
 0.862  0.246651
 0.863  0.247006
 0.864  0.247239
 0.865  0.247555
 0.866  0.247932
 0.867  0.248129
 0.868  0.248518
 0.869  0.248742
 0.870  0.249089
 0.871  0.249476
 0.872  0.249692
 0.873  0.250096
 0.874  0.250354
 0.875  0.250699
 0.876  0.251140
 0.877  0.251353
 0.878  0.251746
 0.879  0.252177
 0.880  0.252404
 0.881  0.252827
 0.882  0.253197
 0.883  0.253497
 0.884  0.253937
 0.885  0.254322
 0.886  0.254630
 0.887  0.255078
 0.888  0.255584
 0.889  0.255806
 0.890  0.256249
 0.891  0.256757
 0.892  0.257047
 0.893  0.257464
 0.894  0.257958
 0.895  0.258501
 0.896  0.258748
 0.897  0.259209
 0.898  0.259728
 0.899  0.260289
 0.900  0.260562
 0.901  0.261030
 0.902  0.261556
 0.903  0.262117
 0.904  0.262577
 0.905  0.262964
 0.906  0.263464
 0.907  0.264010
 0.908  0.264582
 0.909  0.265176
 0.910  0.265736
 0.911  0.266116
 0.912  0.266629
 0.913  0.267180
 0.914  0.267755
 0.915  0.268345
 0.916  0.268945
 0.917  0.269551
 0.918  0.270166
 0.919  0.270784
 0.920  0.271403
 0.921  0.272026
 0.922  0.272649
 0.923  0.273277
 0.924  0.273909
 0.925  0.274551
 0.926  0.275210
 0.927  0.275913
 0.928  0.276739
 0.929  0.277566
 0.930  0.278153
 0.931  0.278782
 0.932  0.279530
 0.933  0.280580
 0.934  0.281115
 0.935  0.281831
 0.936  0.282889
 0.937  0.283430
 0.938  0.284625
 0.939  0.285090
 0.940  0.286212
 0.941  0.286899
 0.942  0.287703
 0.943  0.288724
 0.944  0.289768
 0.945  0.290741
 0.946  0.291582
 0.947  0.292329
 0.948  0.294227
 0.949  0.294241
 0.950  0.295315
 0.951  0.296333
 0.952  0.297131
 0.953  0.297740
 0.954  0.294365
 0.955  0.000000
 0.956  0.000000
 0.957  0.000000
 0.958  0.000000
 0.959  0.000000
 0.960  0.000000
 0.961  0.000000
 0.962  0.000000
 0.963  0.000000
 0.964  0.000000
 0.965  0.000000
 0.966  0.000000
 0.967  0.000000
 0.968  0.000000
 0.969  0.000000
 0.970  0.000000
 0.971  0.000000
 0.972  0.000000
 0.973  0.000000
 0.974  0.000000
 0.975  0.000000
 0.976  0.000000
 0.977  0.000000
 0.978  0.000000
 0.979  0.000000
 0.980  0.000000
 0.981  0.000000
 0.982  0.000000
 0.983  0.000000
 0.984  0.000000
 0.985  0.000000
 0.986  0.000000
 0.987  0.000000
 0.988  0.000000
 0.989  0.000000
 0.990  0.000000
 0.991  0.000000
 0.992  0.000000
 0.993  0.000000
 0.994  0.000000
 0.995  0.000000
 0.996  0.000000
 0.997  0.000000
 0.998  0.000000
 0.999  0.000000
 1.000  0.000000
