-0.0400  0.927833
-0.0399  0.928696
-0.0398  0.929534
-0.0397  0.930363
-0.0396  0.931537
-0.0395  0.932932
-0.0394  0.934101
-0.0393  0.935151
-0.0392  0.936155
-0.0391  0.937110
-0.0390  0.938030
-0.0389  0.938938
-0.0388  0.939835
-0.0387  0.940755
-0.0386  0.941895
-0.0385  0.943451
-0.0384  0.944732
-0.0383  0.945853
-0.0382  0.946974
-0.0381  0.948063
-0.0380  0.949107
-0.0379  0.950111
-0.0378  0.951093
-0.0377  0.952057
-0.0376  0.953339
-0.0375  0.955015
-0.0374  0.956394
-0.0373  0.957651
-0.0372  0.958871
-0.0371  0.960059
-0.0370  0.961188
-0.0369  0.962269
-0.0368  0.963336
-0.0367  0.964381
-0.0366  0.965985
-0.0365  0.967733
-0.0364  0.969185
-0.0363  0.970515
-0.0362  0.971769
-0.0361  0.972977
-0.0360  0.974149
-0.0359  0.975290
-0.0358  0.976411
-0.0357  0.977838
-0.0356  0.979861
-0.0355  0.981615
-0.0354  0.983123
-0.0353  0.984569
-0.0352  0.985944
-0.0351  0.987271
-0.0350  0.988576
-0.0349  0.989832
-0.0348  0.991184
-0.0347  0.993498
-0.0346  0.995383
-0.0345  0.997038
-0.0344  0.998599
-0.0343  1.000084
-0.0342  1.001521
-0.0341  1.002966
-0.0340  1.004403
-0.0339  1.006272
-0.0338  1.008683
-0.0337  1.010687
-0.0336  1.012501
-0.0335  1.014213
-0.0334  1.015876
-0.0333  1.017478
-0.0332  1.019005
-0.0331  1.020510
-0.0330  1.022978
-0.0329  1.025601
-0.0328  1.027685
-0.0327  1.029596
-0.0326  1.031434
-0.0325  1.033307
-0.0324  1.035121
-0.0323  1.036880
-0.0322  1.039551
-0.0321  1.042456
-0.0320  1.044864
-0.0319  1.047083
-0.0318  1.049205
-0.0317  1.051251
-0.0316  1.053230
-0.0315  1.055179
-0.0314  1.058317
-0.0313  1.061548
-0.0312  1.064192
-0.0311  1.066653
-0.0310  1.069022
-0.0309  1.071375
-0.0308  1.073665
-0.0307  1.076549
-0.0306  1.080308
-0.0305  1.083530
-0.0304  1.086435
-0.0303  1.089249
-0.0302  1.091922
-0.0301  1.094521
-0.0300  1.097280
-0.0299  1.101884
-0.0298  1.105616
-0.0297  1.109017
-0.0296  1.112241
-0.0295  1.115346
-0.0294  1.118427
-0.0293  1.122449
-0.0292  1.127484
-0.0291  1.131715
-0.0290  1.135653
-0.0289  1.139372
-0.0288  1.143020
-0.0287  1.146581
-0.0286  1.152479
-0.0285  1.157910
-0.0284  1.162664
-0.0283  1.167138
-0.0282  1.171538
-0.0281  1.175788
-0.0280  1.182699
-0.0279  1.189187
-0.0278  1.194941
-0.0277  1.200402
-0.0276  1.205841
-0.0275  1.212276
-0.0274  1.220709
-0.0273  1.228094
-0.0272  1.234919
-0.0271  1.241602
-0.0270  1.248172
-0.0269  1.259136
-0.0268  1.268657
-0.0267  1.277337
-0.0266  1.285879
-0.0265  1.295931
-0.0264  1.309137
-0.0263  1.320983
-0.0262  1.332347
-0.0261  1.343691
-0.0260  1.360885
-0.0259  1.377437
-0.0258  1.392888
-0.0257  1.408500
-0.0256  1.432986
-0.0255  1.455905
-0.0254  1.478337
-0.0253  1.508384
-0.0252  1.544255
-0.0251  1.579736
-0.0250  1.629810
-0.0249  1.691744
-0.0248  1.775112
-0.0247  1.905804
-0.0246  2.292208
-0.0245  2.144432
-0.0244  1.900279
-0.0243  1.798438
-0.0242  1.723418
-0.0241  1.687633
-0.0240  1.646746
-0.0239  1.606348
-0.0238  1.573980
-0.0237  1.590839
-0.0236  1.265624
-0.0235  1.096778
-0.0234  1.090457
-0.0233  1.079941
-0.0232  1.074690
-0.0231  1.070488
-0.0230  1.064175
-0.0229  1.056899
-0.0228  1.054049
-0.0227  1.050545
-0.0226  1.045310
-0.0225  1.039559
-0.0224  1.037443
-0.0223  1.034919
-0.0222  1.031604
-0.0221  1.026080
-0.0220  1.023700
-0.0219  1.021961
-0.0218  1.019815
-0.0217  1.017060
-0.0216  1.012487
-0.0215  1.010619
-0.0214  1.009270
-0.0213  1.007723
-0.0212  1.005775
-0.0211  1.002958
-0.0210  0.999626
-0.0209  0.998682
-0.0208  0.997567
-0.0207  0.996247
-0.0206  0.994600
-0.0205  0.992220
-0.0204  0.989319
-0.0203  0.988549
-0.0202  0.987660
-0.0201  0.986657
-0.0200  0.985490
-0.0199  0.983921
-0.0198  0.981079
-0.0197  0.980072
-0.0196  0.979500
-0.0195  0.978795
-0.0194  0.977950
-0.0193  0.976903
-0.0192  0.975494
-0.0191  0.973021
-0.0190  0.972251
-0.0189  0.971737
-0.0188  0.971118
-0.0187  0.970379
-0.0186  0.969511
-0.0185  0.968543
-0.0184  0.966878
-0.0183  0.965447
-0.0182  0.965089
-0.0181  0.964666
-0.0180  0.964175
-0.0179  0.963582
-0.0178  0.962848
-0.0177  0.961869
-0.0176  0.959905
-0.0175  0.959253
-0.0174  0.958937
-0.0173  0.958579
-0.0172  0.958148
-0.0171  0.957650
-0.0170  0.957111
-0.0169  0.956463
-0.0168  0.955113
-0.0167  0.954127
-0.0166  0.953908
-0.0165  0.953641
-0.0164  0.953332
-0.0163  0.952955
-0.0162  0.952496
-0.0161  0.951903
-0.0160  0.951049
-0.0159  0.949378
-0.0158  0.949152
-0.0157  0.948938
-0.0156  0.948697
-0.0155  0.948482
-0.0154  0.948250
-0.0153  0.947904
-0.0152  0.947419
-0.0151  0.946627
-0.0150  0.945328
-0.0149  0.945208
-0.0148  0.945063
-0.0147  0.944874
-0.0146  0.944648
-0.0145  0.944381
-0.0144  0.944045
-0.0143  0.943615
-0.0142  0.942993
-0.0141  0.941676
-0.0140  0.941614
-0.0139  0.941584
-0.0138  0.941503
-0.0137  0.941370
-0.0136  0.941193
-0.0135  0.940965
-0.0134  0.940659
-0.0133  0.940200
-0.0132  0.939115
-0.0131  0.938609
-0.0130  0.938490
-0.0129  0.938366
-0.0128  0.938262
-0.0127  0.938102
-0.0126  0.937913
-0.0125  0.937740
-0.0124  0.937532
-0.0123  0.937118
-0.0122  0.935954
-0.0121  0.935922
-0.0120  0.935864
-0.0119  0.935790
-0.0118  0.935700
-0.0117  0.935577
-0.0116  0.935426
-0.0115  0.935301
-0.0114  0.935055
-0.0113  0.934623
-0.0112  0.933576
-0.0111  0.933529
-0.0110  0.933545
-0.0109  0.933597
-0.0108  0.933603
-0.0107  0.933534
-0.0106  0.933437
-0.0105  0.933294
-0.0104  0.933085
-0.0103  0.932730
-0.0102  0.931650
-0.0101  0.931579
-0.0100  0.931540
-0.0099  0.931492
-0.0098  0.931427
-0.0097  0.931348
-0.0096  0.931252
-0.0095  0.931237
-0.0094  0.931190
-0.0093  0.931006
-0.0092  0.930143
-0.0091  0.929981
-0.0090  0.929980
-0.0089  0.929983
-0.0088  0.930028
-0.0087  0.930011
-0.0086  0.929963
-0.0085  0.929895
-0.0084  0.929791
-0.0083  0.929628
-0.0082  0.929300
-0.0081  0.928513
-0.0080  0.928632
-0.0079  0.928703
-0.0078  0.928731
-0.0077  0.928736
-0.0076  0.928711
-0.0075  0.928664
-0.0074  0.928591
-0.0073  0.928469
-0.0072  0.928292
-0.0071  0.927556
-0.0070  0.927368
-0.0069  0.927373
-0.0068  0.927384
-0.0067  0.927360
-0.0066  0.927441
-0.0065  0.927537
-0.0064  0.927565
-0.0063  0.927554
-0.0062  0.927506
-0.0061  0.927441
-0.0060  0.926657
-0.0059  0.926703
-0.0058  0.926732
-0.0057  0.926750
-0.0056  0.926755
-0.0055  0.926749
-0.0054  0.926735
-0.0053  0.926706
-0.0052  0.926742
-0.0051  0.926817
-0.0050  0.926775
-0.0049  0.926098
-0.0048  0.926180
-0.0047  0.926218
-0.0046  0.926242
-0.0045  0.926228
-0.0044  0.926202
-0.0043  0.926208
-0.0042  0.926200
-0.0041  0.926171
-0.0040  0.926113
-0.0039  0.925998
-0.0038  0.925373
-0.0037  0.925564
-0.0036  0.925713
-0.0035  0.925811
-0.0034  0.925944
-0.0033  0.926042
-0.0032  0.926105
-0.0031  0.926154
-0.0030  0.926184
-0.0029  0.926196
-0.0028  0.926155
-0.0027  0.925496
-0.0026  0.925533
-0.0025  0.925567
-0.0024  0.925694
-0.0023  0.925900
-0.0022  0.926050
-0.0021  0.926153
-0.0020  0.926229
-0.0019  0.926266
-0.0018  0.926277
-0.0017  0.926245
-0.0016  0.925644
-0.0015  0.925633
-0.0014  0.925704
-0.0013  0.925768
-0.0012  0.925826
-0.0011  0.925880
-0.0010  0.926108
-0.0009  0.926360
-0.0008  0.926508
-0.0007  0.926663
-0.0006  0.926739
-0.0005  0.926589
-0.0004  0.926326
-0.0003  0.926438
-0.0002  0.926540
-0.0001  0.926629
 0.0000  0.926709
 0.0001  0.926779
 0.0002  0.926843
 0.0003  0.927014
 0.0004  0.927275
 0.0005  0.927463
 0.0006  0.927556
 0.0007  0.927137
 0.0008  0.927288
 0.0009  0.927430
 0.0010  0.927563
 0.0011  0.927700
 0.0012  0.927767
 0.0013  0.927812
 0.0014  0.927880
 0.0015  0.927948
 0.0016  0.928091
 0.0017  0.928394
 0.0018  0.928215
 0.0019  0.928327
 0.0020  0.928576
 0.0021  0.928822
 0.0022  0.929014
 0.0023  0.929190
 0.0024  0.929354
 0.0025  0.929502
 0.0026  0.929639
 0.0027  0.929753
 0.0028  0.929844
 0.0029  0.930090
 0.0030  0.929994
 0.0031  0.930351
 0.0032  0.930623
 0.0033  0.930867
 0.0034  0.931089
 0.0035  0.931290
 0.0036  0.931477
 0.0037  0.931643
 0.0038  0.931788
 0.0039  0.931910
 0.0040  0.932001
 0.0041  0.931822
 0.0042  0.932043
 0.0043  0.932553
 0.0044  0.932923
 0.0045  0.933247
 0.0046  0.933542
 0.0047  0.933847
 0.0048  0.934141
 0.0049  0.934406
 0.0050  0.934663
 0.0051  0.934867
 0.0052  0.935027
 0.0053  0.934731
 0.0054  0.935355
 0.0055  0.935961
 0.0056  0.936408
 0.0057  0.936801
 0.0058  0.937159
 0.0059  0.937490
 0.0060  0.937799
 0.0061  0.938089
 0.0062  0.938359
 0.0063  0.938600
 0.0064  0.938790
 0.0065  0.938828
 0.0066  0.939527
 0.0067  0.940148
 0.0068  0.940668
 0.0069  0.941133
 0.0070  0.941517
 0.0071  0.941883
 0.0072  0.942263
 0.0073  0.942627
 0.0074  0.942974
 0.0075  0.943336
 0.0076  0.943624
 0.0077  0.944224
 0.0078  0.945079
 0.0079  0.945744
 0.0080  0.946348
 0.0081  0.946908
 0.0082  0.947435
 0.0083  0.947940
 0.0084  0.948421
 0.0085  0.948885
 0.0086  0.949324
 0.0087  0.950170
 0.0088  0.950855
 0.0089  0.951640
 0.0090  0.952411
 0.0091  0.953123
 0.0092  0.953797
 0.0093  0.954445
 0.0094  0.955064
 0.0095  0.955662
 0.0096  0.956232
 0.0097  0.957237
 0.0098  0.958454
 0.0099  0.959502
 0.0100  0.960033
 0.0101  0.960918
 0.0102  0.961872
 0.0103  0.962752
 0.0104  0.963611
 0.0105  0.964440
 0.0106  0.965239
 0.0107  0.966974
 0.0108  0.968650
 0.0109  0.969960
 0.0110  0.971161
 0.0111  0.972261
 0.0112  0.972937
 0.0113  0.974039
 0.0114  0.975117
 0.0115  0.976446
 0.0116  0.978539
 0.0117  0.980731
 0.0118  0.982469
 0.0119  0.984076
 0.0120  0.985601
 0.0121  0.987072
 0.0122  0.988498
 0.0123  0.990180
 0.0124  0.992599
 0.0125  0.995594
 0.0126  0.997987
 0.0127  1.000197
 0.0128  1.002316
 0.0129  1.004438
 0.0130  1.006566
 0.0131  1.010865
 0.0132  1.015035
 0.0133  1.018558
 0.0134  1.021856
 0.0135  1.025032
 0.0136  1.027806
 0.0137  1.033916
 0.0138  1.040271
 0.0139  1.045992
 0.0140  1.051422
 0.0141  1.056753
 0.0142  1.066802
 0.0143  1.077891
 0.0144  1.088580
 0.0145  1.099090
 0.0146  1.122371
 0.0147  1.149825
 0.0148  1.216192
 0.0149  1.230431
 0.0150  1.185583
 0.0151  1.136328
 0.0152  1.113175
 0.0153  1.095079
 0.0154  1.080371
 0.0155  1.067650
 0.0156  1.058035
 0.0157  1.050039
 0.0158  1.041852
 0.0159  1.035175
 0.0160  1.029136
 0.0161  1.021857
 0.0162  1.016791
 0.0163  1.012951
 0.0164  1.007195
 0.0165  1.002639
 0.0166  0.998967
 0.0167  0.995779
 0.0168  0.991482
 0.0169  0.987101
 0.0170  0.983865
 0.0171  0.981304
 0.0172  0.978205
 0.0173  0.973484
 0.0174  0.970666
 0.0175  0.968350
 0.0176  0.966170
 0.0177  0.963757
 0.0178  0.960502
 0.0179  0.957456
 0.0180  0.955236
 0.0181  0.953370
 0.0182  0.951390
 0.0183  0.948973
 0.0184  0.945646
 0.0185  0.943078
 0.0186  0.941530
 0.0187  0.939942
 0.0188  0.938169
 0.0189  0.936178
 0.0190  0.933197
 0.0191  0.931395
 0.0192  0.929793
 0.0193  0.928385
 0.0194  0.926797
 0.0195  0.925098
 0.0196  0.923088
 0.0197  0.920296
 0.0198  0.918592
 0.0199  0.917394
 0.0200  0.916072
 0.0201  0.914686
 0.0202  0.913184
 0.0203  0.911493
 0.0204  0.909184
 0.0205  0.907535
 0.0206  0.906372
 0.0207  0.905132
 0.0208  0.903845
 0.0209  0.902393
 0.0210  0.900736
 0.0211  0.899117
 0.0212  0.897229
 0.0213  0.895835
 0.0214  0.894769
 0.0215  0.893632
 0.0216  0.892480
 0.0217  0.891273
 0.0218  0.889965
 0.0219  0.888506
 0.0220  0.886673
 0.0221  0.885255
 0.0222  0.884002
 0.0223  0.883009
 0.0224  0.881962
 0.0225  0.880889
 0.0226  0.879735
 0.0227  0.878516
 0.0228  0.877081
 0.0229  0.875465
 0.0230  0.874286
 0.0231  0.873346
 0.0232  0.872355
 0.0233  0.871326
 0.0234  0.870160
 0.0235  0.868944
 0.0236  0.867801
 0.0237  0.866530
 0.0238  0.865000
 0.0239  0.863906
 0.0240  0.863070
 0.0241  0.862182
 0.0242  0.861271
 0.0243  0.860283
 0.0244  0.859257
 0.0245  0.858193
 0.0246  0.857057
 0.0247  0.855585
 0.0248  0.854212
 0.0249  0.853192
 0.0250  0.852395
 0.0251  0.851584
 0.0252  0.850738
 0.0253  0.849863
 0.0254  0.848952
 0.0255  0.847997
 0.0256  0.846988
 0.0257  0.845885
 0.0258  0.844418
 0.0259  0.843255
 0.0260  0.842346
 0.0261  0.841569
 0.0262  0.840768
 0.0263  0.839950
 0.0264  0.839100
 0.0265  0.838223
 0.0266  0.837380
 0.0267  0.836432
 0.0268  0.835355
 0.0269  0.834063
 0.0270  0.833086
 0.0271  0.832277
 0.0272  0.831293
 0.0273  0.830494
 0.0274  0.829750
 0.0275  0.828988
 0.0276  0.828198
 0.0277  0.827355
 0.0278  0.826472
 0.0279  0.825506
 0.0280  0.824284
 0.0281  0.823316
 0.0282  0.822503
 0.0283  0.821748
 0.0284  0.820947
 0.0285  0.820053
 0.0286  0.819323
 0.0287  0.818583
 0.0288  0.817799
 0.0289  0.816994
 0.0290  0.816142
 0.0291  0.815237
 0.0292  0.814086
 0.0293  0.813173
 0.0294  0.812465
 0.0295  0.811782
 0.0296  0.811043
 0.0297  0.810210
 0.0298  0.809441
 0.0299  0.808727
 0.0300  0.807986
 0.0301  0.807201
 0.0302  0.806379
 0.0303  0.805546
 0.0304  0.804646
 0.0305  0.803562
 0.0306  0.802736
 0.0307  0.802077
 0.0308  0.801395
 0.0309  0.800687
 0.0310  0.799857
 0.0311  0.799192
 0.0312  0.798501
 0.0313  0.797799
 0.0314  0.797074
 0.0315  0.796330
 0.0316  0.795533
 0.0317  0.794659
 0.0318  0.793594
 0.0319  0.792781
 0.0320  0.792125
 0.0321  0.791529
 0.0322  0.790851
 0.0323  0.790088
 0.0324  0.789465
 0.0325  0.788831
 0.0326  0.788171
 0.0327  0.787484
 0.0328  0.786785
 0.0329  0.786029
 0.0330  0.785232
 0.0331  0.784305
 0.0332  0.783350
 0.0333  0.782603
 0.0334  0.781967
 0.0335  0.781287
 0.0336  0.780575
 0.0337  0.779968
 0.0338  0.779356
 0.0339  0.778731
 0.0340  0.778090
 0.0341  0.777436
 0.0342  0.776754
 0.0343  0.776055
 0.0344  0.775317
 0.0345  0.774515
 0.0346  0.773535
 0.0347  0.772757
 0.0348  0.772119
 0.0349  0.771524
 0.0350  0.770966
 0.0351  0.770390
 0.0352  0.769800
 0.0353  0.769196
 0.0354  0.768580
 0.0355  0.767952
 0.0356  0.767300
 0.0357  0.766634
 0.0358  0.765928
 0.0359  0.765160
 0.0360  0.764326
 0.0361  0.763285
 0.0362  0.762606
 0.0363  0.762070
 0.0364  0.761512
 0.0365  0.760951
 0.0366  0.760380
 0.0367  0.759794
 0.0368  0.759200
 0.0369  0.758596
 0.0370  0.757973
 0.0371  0.757340
 0.0372  0.756687
 0.0373  0.755998
 0.0374  0.755218
 0.0375  0.754540
 0.0376  0.753838
 0.0377  0.753081
 0.0378  0.752505
 0.0379  0.751983
 0.0380  0.751451
 0.0381  0.750898
 0.0382  0.750329
 0.0383  0.749750
 0.0384  0.749155
 0.0385  0.748534
 0.0386  0.747892
 0.0387  0.747185
 0.0388  0.746574
 0.0389  0.745894
 0.0390  0.745269
 0.0391  0.744609
 0.0392  0.743864
 0.0393  0.743105
 0.0394  0.742513
 0.0395  0.741981
 0.0396  0.741439
 0.0397  0.740890
 0.0398  0.740324
 0.0399  0.739732
 0.0400  0.739089
