-0.400  0.000000
-0.399  0.000000
-0.398  0.000000
-0.397  0.000000
-0.396  0.000000
-0.395  0.000000
-0.394  0.000000
-0.393  0.000000
-0.392  0.000000
-0.391  0.000000
-0.390  0.000000
-0.389  0.000000
-0.388  0.000000
-0.387  0.000000
-0.386  0.000000
-0.385  0.000000
-0.384  0.000000
-0.383  0.000000
-0.382  0.000000
-0.381  0.000000
-0.380  0.000000
-0.379  0.000000
-0.378  0.000000
-0.377  0.000000
-0.376  0.000000
-0.375  0.000000
-0.374  0.000000
-0.373  0.000000
-0.372  0.000000
-0.371  0.000000
-0.370  0.000000
-0.369  0.000000
-0.368  0.000000
-0.367  0.000000
-0.366  0.000000
-0.365  0.000000
-0.364  0.000000
-0.363  0.000000
-0.362  0.000000
-0.361  0.000000
-0.360  0.000000
-0.359  0.000000
-0.358  0.000000
-0.357  0.000000
-0.356  0.000000
-0.355  0.000000
-0.354  0.000000
-0.353  0.000000
-0.352  0.000000
-0.351  0.000000
-0.350  0.000000
-0.349  0.000000
-0.348  0.000000
-0.347  0.000000
-0.346  0.000000
-0.345  0.000000
-0.344  0.000000
-0.343  0.000000
-0.342  0.000000
-0.341  0.000000
-0.340  0.000000
-0.339  0.000000
-0.338  0.000000
-0.337  0.000000
-0.336  0.000000
-0.335  0.000000
-0.334  0.000000
-0.333  0.000000
-0.332  0.000000
-0.331  0.000000
-0.330  0.000000
-0.329  0.000000
-0.328  0.000000
-0.327  0.000000
-0.326  0.000000
-0.325  0.000000
-0.324  0.000000
-0.323  0.000000
-0.322  0.000000
-0.321  0.000000
-0.320  0.000000
-0.319  0.000000
-0.318  0.000000
-0.317  0.000000
-0.316  0.000000
-0.315  0.000000
-0.314  0.000000
-0.313  0.000000
-0.312  0.000000
-0.311  0.000000
-0.310  0.000000
-0.309  0.000000
-0.308  0.000000
-0.307  0.000000
-0.306  0.000000
-0.305  0.000000
-0.304  0.000000
-0.303  0.000000
-0.302  0.000000
-0.301  0.000000
-0.300  0.000000
-0.299  0.000000
-0.298  0.000000
-0.297  0.000000
-0.296  0.000000
-0.295  0.000000
-0.294  0.000000
-0.293  0.000000
-0.292  0.000000
-0.291  0.000000
-0.290  0.000000
-0.289  0.000000
-0.288  0.000000
-0.287  0.000000
-0.286  0.000000
-0.285  0.000000
-0.284  0.000000
-0.283  0.000000
-0.282  0.000000
-0.281  0.000000
-0.280  0.000000
-0.279  0.000000
-0.278  0.000000
-0.277  0.000000
-0.276  0.000000
-0.275  0.000000
-0.274  0.000000
-0.273  1.187274
-0.272  1.028993
-0.271  0.945705
-0.270  0.896899
-0.269  0.861042
-0.268  0.834583
-0.267  0.815295
-0.266  0.800811
-0.265  0.789024
-0.264  0.778905
-0.263  0.771308
-0.262  0.768455
-0.261  0.762482
-0.260  0.761031
-0.259  0.758123
-0.258  0.758555
-0.257  0.757186
-0.256  0.758863
-0.255  0.760866
-0.254  0.761883
-0.253  0.765172
-0.252  0.926520
-0.251  0.946319
-0.250  0.968183
-0.249  0.993386
-0.248  1.021950
-0.247  1.053069
-0.246  1.085099
-0.245  1.115185
-0.244  1.141389
-0.243  1.161681
-0.242  1.177797
-0.241  1.189743
-0.240  1.197939
-0.239  1.205502
-0.238  1.212672
-0.237  1.220582
-0.236  1.228811
-0.235  1.235965
-0.234  1.244252
-0.233  1.255046
-0.232  2.043547
-0.231  1.609969
-0.230  1.579788
-0.229  1.575996
-0.228  1.583665
-0.227  1.595327
-0.226  1.612382
-0.225  1.632410
-0.224  1.655208
-0.223  1.678589
-0.222  1.705826
-0.221  1.733997
-0.220  1.765015
-0.219  1.796964
-0.218  1.831173
-0.217  1.867539
-0.216  2.129226
-0.215  2.167738
-0.214  2.213518
-0.213  2.259279
-0.212  2.308543
-0.211  2.360497
-0.210  2.416415
-0.209  2.476356
-0.208  2.543039
-0.207  2.616077
-0.206  2.693605
-0.205  2.783295
-0.204  2.884445
-0.203  2.998232
-0.202  3.133633
-0.201  3.298986
-0.200  3.509642
-0.199  3.798622
-0.198  4.264881
-0.197  5.614477
-0.196  4.648910
-0.195  4.041846
-0.194  3.723427
-0.193  3.510475
-0.192  3.349536
-0.191  3.222081
-0.190  3.119234
-0.189  3.033514
-0.188  2.958342
-0.187  2.894923
-0.186  2.837919
-0.185  2.789542
-0.184  2.745199
-0.183  2.334624
-0.182  2.324240
-0.181  2.315289
-0.180  2.308148
-0.179  2.302826
-0.178  2.297468
-0.177  2.293348
-0.176  2.289634
-0.175  2.285771
-0.174  2.284037
-0.173  2.280884
-0.172  2.278961
-0.171  2.276406
-0.170  2.274242
-0.169  2.272285
-0.168  2.269946
-0.167  2.268374
-0.166  2.265670
-0.165  2.263752
-0.164  2.260823
-0.163  2.258609
-0.162  2.255573
-0.161  2.252668
-0.160  2.250132
-0.159  2.246531
-0.158  2.244023
-0.157  2.240564
-0.156  2.237229
-0.155  2.233990
-0.154  2.231113
-0.153  2.227848
-0.152  2.224744
-0.151  2.221666
-0.150  2.218949
-0.149  2.216506
-0.148  2.214845
-0.147  2.213135
-0.146  2.211710
-0.145  2.210528
-0.144  2.210450
-0.143  2.209349
-0.142  2.208540
-0.141  2.209274
-0.140  1.969074
-0.139  1.979263
-0.138  1.990463
-0.137  2.003069
-0.136  2.017578
-0.135  2.034139
-0.134  2.053650
-0.133  2.077669
-0.132  2.108929
-0.131  2.153409
-0.130  2.230155
-0.129  2.594061
-0.128  2.205610
-0.127  2.092935
-0.126  2.023333
-0.125  1.928438
-0.124  1.912651
-0.123  1.899753
-0.122  1.890030
-0.121  1.882182
-0.120  1.876506
-0.119  1.923411
-0.118  1.932056
-0.117  1.941658
-0.116  1.952668
-0.115  1.963658
-0.114  1.976394
-0.113  1.990061
-0.112  2.005257
-0.111  2.022458
-0.110  2.041942
-0.109  2.065232
-0.108  2.092628
-0.107  2.127468
-0.106  2.178422
-0.105  2.283443
-0.104  2.273063
-0.103  2.205679
-0.102  2.177998
-0.101  2.163662
-0.100  2.155685
-0.099  2.152467
-0.098  2.153232
-0.097  2.156098
-0.096  2.161066
-0.095  2.167482
-0.094  2.175429
-0.093  2.185405
-0.092  2.198007
-0.091  2.212765
-0.090  2.227860
-0.089  2.247183
-0.088  2.267386
-0.087  2.291440
-0.086  2.320073
-0.085  2.197407
-0.084  2.183754
-0.083  2.303677
-0.082  2.473661
-0.081  2.826133
-0.080  3.024632
-0.079  2.943090
-0.078  2.343852
-0.077  2.462471
-0.076  2.635850
-0.075  2.932791
-0.074  3.763560
-0.073  3.280645
-0.072  2.744644
-0.071  2.468898
-0.070  2.287095
-0.069  2.163404
-0.068  2.141754
-0.067  0.763986
-0.066  0.767695
-0.065  0.771202
-0.064  0.775000
-0.063  0.778848
-0.062  0.782658
-0.061  0.786580
-0.060  0.790508
-0.059  0.794685
-0.058  0.798954
-0.057  0.802953
-0.056  0.807395
-0.055  0.811951
-0.054  0.816233
-0.053  0.820955
-0.052  0.825750
-0.051  0.830515
-0.050  0.835425
-0.049  0.840652
-0.048  0.845835
-0.047  0.850984
-0.046  0.856743
-0.045  0.862617
-0.044  0.868345
-0.043  0.874244
-0.042  0.880857
-0.041  0.887403
-0.040  0.894084
-0.039  0.900835
-0.038  0.908478
-0.037  0.916365
-0.036  0.924209
-0.035  0.932691
-0.034  0.941604
-0.033  0.950719
-0.032  0.960778
-0.031  0.971548
-0.030  0.982958
-0.029  0.995152
-0.028  1.008112
-0.027  1.022377
-0.026  1.037990
-0.025  1.055025
-0.024  1.073819
-0.023  1.094874
-0.022  1.120166
-0.021  1.148330
-0.020  1.181363
-0.019  1.223485
-0.018  1.274025
-0.017  1.344486
-0.016  1.452786
-0.015  1.660326
-0.014  1.971458
-0.013  1.390127
-0.012  1.170096
-0.011  1.134969
-0.010  1.111148
-0.009  1.095877
-0.008  1.083641
-0.007  1.077757
-0.006  1.074706
-0.005  1.072674
-0.004  1.076187
-0.003  1.082582
-0.002  1.095562
-0.001  1.121654
 0.000  1.192990
 0.001  1.181429
 0.002  1.101745
 0.003  1.062168
 0.004  1.033737
 0.005  1.011336
 0.006  0.991720
 0.007  0.975287
 0.008  0.960359
 0.009  0.946609
 0.010  0.934141
 0.011  0.923088
 0.012  0.911811
 0.013  0.901009
 0.014  0.891310
 0.015  0.881986
 0.016  0.872732
 0.017  0.864497
 0.018  0.856259
 0.019  0.848428
 0.020  0.840371
 0.021  0.832608
 0.022  0.826082
 0.023  0.818802
 0.024  0.812067
 0.025  0.805350
 0.026  0.798509
 0.027  0.792762
 0.028  0.786385
 0.029  0.780458
 0.030  0.774344
 0.031  0.768976
 0.032  0.763115
 0.033  0.757768
 0.034  0.752162
 0.035  0.746879
 0.036  0.741786
 0.037  0.736611
 0.038  0.731436
 0.039  0.726691
 0.040  0.721719
 0.041  0.717048
 0.042  0.712231
 0.043  0.707740
 0.044  0.703051
 0.045  0.698753
 0.046  0.694152
 0.047  0.690044
 0.048  0.685808
 0.049  0.681686
 0.050  0.677624
 0.051  0.673594
 0.052  0.669779
 0.053  0.665742
 0.054  0.662192
 0.055  0.658484
 0.056  0.654938
 0.057  0.651527
 0.058  0.647973
 0.059  0.644907
 0.060  0.641598
 0.061  0.638658
 0.062  0.635883
 0.063  0.632989
 0.064  0.630475
 0.065  0.627963
 0.066  0.625895
 0.067  0.623806
 0.068  0.621872
 0.069  0.620672
 0.070  0.619412
 0.071  0.618401
 0.072  0.618141
 0.073  0.617997
 0.074  0.618872
 0.075  0.620062
 0.076  0.622146
 0.077  0.625510
 0.078  0.630361
 0.079  0.994261
 0.080  1.027837
 0.081  1.060164
 0.082  1.098485
 0.083  1.137306
 0.084  1.188080
 0.085  1.257151
 0.086  1.341865
 0.087  1.485164
 0.088  1.953221
 0.089  1.560532
 0.090  1.363238
 0.091  1.251376
 0.092  1.170894
 0.093  1.014469
 0.094  0.971560
 0.095  0.937110
 0.096  0.907872
 0.097  0.883243
 0.098  0.859382
 0.099  0.840710
 0.100  0.823799
 0.101  0.809942
 0.102  0.796791
 0.103  0.786122
 0.104  0.773279
 0.105  0.765537
 0.106  0.758036
 0.107  0.553685
 0.108  0.559518
 0.109  0.570179
 0.110  0.588666
 0.111  0.631969
 0.112  0.665612
 0.113  0.570007
 0.114  0.520298
 0.115  0.489369
 0.116  0.458582
 0.117  0.441152
 0.118  1.130564
 0.119  1.540404
 0.120  2.730869
 0.121  2.009011
 0.122  1.503630
 0.123  1.145654
 0.124  1.032709
 0.125  0.971670
 0.126  0.936015
 0.127  0.914629
 0.128  0.901148
 0.129  0.896304
 0.130  0.897249
 0.131  0.904042
 0.132  0.917202
 0.133  0.938624
 0.134  0.969073
 0.135  1.038927
 0.136  1.517867
 0.137  1.390257
 0.138  1.348542
 0.139  1.323058
 0.140  1.305018
 0.141  1.289197
 0.142  1.283831
 0.143  1.273755
 0.144  1.270354
 0.145  1.265494
 0.146  1.261109
 0.147  1.258888
 0.148  1.257395
 0.149  1.253581
 0.150  1.250036
 0.151  1.247325
 0.152  1.244767
 0.153  1.242947
 0.154  1.241108
 0.155  1.239628
 0.156  1.239684
 0.157  1.239796
 0.158  1.242161
 0.159  1.246799
 0.160  1.252633
 0.161  1.261676
 0.162  1.273340
 0.163  1.293913
 0.164  1.329400
 0.165  1.409562
 0.166  1.415493
 0.167  1.299891
 0.168  1.242657
 0.169  1.201533
 0.170  1.171788
 0.171  1.142075
 0.172  1.119430
 0.173  1.097948
 0.174  1.078693
 0.175  1.061236
 0.176  1.045025
 0.177  1.028161
 0.178  1.011710
 0.179  0.997941
 0.180  0.983797
 0.181  0.971134
 0.182  0.957643
 0.183  0.945213
 0.184  0.934035
 0.185  0.922335
 0.186  0.909658
 0.187  0.899835
 0.188  0.888202
 0.189  0.877295
 0.190  0.866573
 0.191  0.855925
 0.192  0.844273
 0.193  0.835615
 0.194  0.824927
 0.195  0.816559
 0.196  0.906577
 0.197  0.906736
 0.198  0.901467
 0.199  0.902798
 0.200  0.896134
 0.201  0.892190
 0.202  0.889456
 0.203  0.884306
 0.204  0.881948
 0.205  0.878393
 0.206  0.876057
 0.207  0.874574
 0.208  0.870209
 0.209  0.866114
 0.210  0.862455
 0.211  0.860682
 0.212  0.800806
 0.213  0.809899
 0.214  0.810621
 0.215  0.816570
 0.216  0.677913
 0.217  0.690286
 0.218  0.702510
 0.219  0.716676
 0.220  0.731611
 0.221  0.746833
 0.222  0.772094
 0.223  0.795204
 0.224  0.837873
 0.225  0.965247
 0.226  0.842974
 0.227  0.812815
 0.228  0.800590
 0.229  0.787915
 0.230  0.781883
 0.231  0.773260
 0.232  0.769809
 0.233  0.768645
 0.234  0.766751
 0.235  0.761253
 0.236  0.760732
 0.237  0.764639
 0.238  0.767265
 0.239  0.770846
 0.240  0.772614
 0.241  0.785336
 0.242  0.805802
 0.243  0.828013
 0.244  0.881364
 0.245  1.144107
 0.246  0.602346
 0.247  0.549395
 0.248  0.534132
 0.249  0.527855
 0.250  0.516075
 0.251  0.514238
 0.252  0.520612
 0.253  0.521007
 0.254  0.521922
 0.255  0.524813
 0.256  0.537500
 0.257  0.541644
 0.258  0.548170
 0.259  0.555442
 0.260  0.565651
 0.261  0.578376
 0.262  0.589141
 0.263  0.607510
 0.264  0.617908
 0.265  0.725491
 0.266  0.902988
 0.267  1.004159
 0.268  1.139471
 0.269  1.217901
 0.270  1.042151
 0.271  0.970729
 0.272  0.927764
 0.273  0.897364
 0.274  0.874848
 0.275  0.856500
 0.276  0.841585
 0.277  0.828817
 0.278  0.818058
 0.279  0.808510
 0.280  0.799890
 0.281  0.792099
 0.282  0.785189
 0.283  0.778623
 0.284  0.772931
 0.285  0.767202
 0.286  0.762141
 0.287  0.757209
 0.288  0.752615
 0.289  0.748115
 0.290  0.744172
 0.291  0.740158
 0.292  0.736309
 0.293  0.732619
 0.294  0.729105
 0.295  0.725720
 0.296  0.722632
 0.297  0.719277
 0.298  0.716203
 0.299  0.713211
 0.300  0.710386
 0.301  0.707508
 0.302  0.704852
 0.303  0.701951
 0.304  0.699444
 0.305  0.696780
 0.306  0.694251
 0.307  0.691858
 0.308  0.689283
 0.309  0.687106
 0.310  0.684701
 0.311  0.682370
 0.312  0.680283
 0.313  0.677732
 0.314  0.675889
 0.315  0.673628
 0.316  0.671470
 0.317  0.669545
 0.318  0.667193
 0.319  0.665452
 0.320  0.663222
 0.321  0.661469
 0.322  0.659377
 0.323  0.657514
 0.324  0.655619
 0.325  0.653387
 0.326  0.651940
 0.327  0.649841
 0.328  0.648365
 0.329  0.646442
 0.330  0.644659
 0.331  0.643052
 0.332  0.640840
 0.333  0.639537
 0.334  0.637419
 0.335  0.636072
 0.336  0.634368
 0.337  0.632610
 0.338  0.631174
 0.339  0.629118
 0.340  0.628001
 0.341  0.625946
 0.342  0.624789
 0.343  0.622812
 0.344  0.621582
 0.345  0.619989
 0.346  0.618236
 0.347  0.617110
 0.348  0.615138
 0.349  0.614115
 0.350  0.612182
 0.351  0.611109
 0.352  0.609283
 0.353  0.608159
 0.354  0.606524
 0.355  0.605034
 0.356  0.603930
 0.357  0.602146
 0.358  0.601055
 0.359  0.599469
 0.360  0.598324
 0.361  0.596660
 0.362  0.595758
 0.363  0.594072
 0.364  0.592690
 0.365  0.591387
 0.366  0.590054
 0.367  0.588738
 0.368  0.587313
 0.369  0.586438
 0.370  0.584804
 0.371  0.583551
 0.372  0.582498
 0.373  0.581157
 0.374  0.579609
 0.375  0.579203
 0.376  0.576977
 0.377  0.576113
 0.378  0.574772
 0.379  0.575061
 0.380  0.563570
 0.381  0.563294
 0.382  0.562953
 0.383  0.562887
 0.384  0.562479
 0.385  0.562524
 0.386  0.562114
 0.387  0.562426
 0.388  0.562036
 0.389  0.562735
 0.390  0.563262
 0.391  0.563532
 0.392  0.565441
 0.393  0.568506
 0.394  0.579522
 0.395  0.569568
 0.396  0.563666
 0.397  0.559886
 0.398  0.556219
 0.399  0.552909
 0.400  0.551079
 0.401  0.548170
 0.402  0.545723
 0.403  0.543973
 0.404  0.541284
 0.405  0.539468
 0.406  0.537231
 0.407  0.535650
 0.408  0.533199
 0.409  0.531115
 0.410  0.529777
 0.411  0.537308
 0.412  0.536942
 0.413  0.535901
 0.414  0.535176
 0.415  0.533388
 0.416  0.533170
 0.417  0.532218
 0.418  0.530366
 0.419  0.530137
 0.420  0.528743
 0.421  0.528221
 0.422  0.527367
 0.423  0.525746
 0.424  0.525499
 0.425  0.523493
 0.426  0.523192
 0.427  0.522448
 0.428  0.521329
 0.429  0.520600
 0.430  0.519340
 0.431  0.518735
 0.432  0.516946
 0.433  0.516754
 0.434  0.515737
 0.435  0.514050
 0.436  0.514479
 0.437  0.512709
 0.438  0.512122
 0.439  0.511526
 0.440  0.510282
 0.441  0.509305
 0.442  0.508097
 0.443  0.508146
 0.444  0.506522
 0.445  0.505490
 0.446  0.505504
 0.447  0.503901
 0.448  0.502981
 0.449  0.502788
 0.450  0.501789
 0.451  0.500582
 0.452  0.499092
 0.453  0.499098
 0.454  0.498306
 0.455  0.496373
 0.456  0.496457
 0.457  0.496587
 0.458  0.493760
 0.459  0.493956
 0.460  0.494626
 0.461  0.491313
 0.462  0.490819
 0.463  0.492021
 0.464  0.488922
 0.465  0.489627
 0.466  0.488803
 0.467  0.486620
 0.468  0.487409
 0.469  0.486548
 0.470  0.484160
 0.471  0.483710
 0.472  0.484302
 0.473  0.483489
 0.474  0.481031
 0.475  0.483214
 0.476  0.479475
 0.477  0.478575
 0.478  0.478442
 0.479  0.477571
 0.480  0.479031
 0.481  0.476004
 0.482  0.476572
 0.483  0.474569
 0.484  0.475704
 0.485  0.472988
 0.486  0.473732
 0.487  0.470385
 0.488  0.473553
 0.489  0.469113
 0.490  0.472024
 0.491  0.468058
 0.492  0.469799
 0.493  0.465741
 0.494  0.466938
 0.495  0.466674
 0.496  0.465021
 0.497  0.466373
 0.498  0.463022
 0.499  0.465358
 0.500  0.460840
 0.501  0.461988
 0.502  0.464932
 0.503  0.458721
 0.504  0.460202
 0.505  0.466460
 0.506  0.456661
 0.507  0.456560
 0.508  0.456559
 0.509  0.457480
 0.510  0.459870
 0.511  0.454252
 0.512  0.450648
 0.513  0.454201
 0.514  0.450681
 0.515  0.450292
 0.516  0.451406
 0.517  0.447485
 0.518  0.448513
 0.519  0.446585
 0.520  0.442839
 0.521  0.452135
 0.522  0.390526
 0.523  0.385002
 0.524  0.386792
 0.525  0.389377
 0.526  0.392035
 0.527  0.396460
 0.528  0.401321
 0.529  0.404947
 0.530  0.409406
 0.531  0.414504
 0.532  0.421106
 0.533  0.428999
 0.534  0.437230
 0.535  0.470655
 0.536  0.487053
 0.537  0.491420
 0.538  0.468715
 0.539  0.459761
 0.540  0.454345
 0.541  0.450724
 0.542  0.447816
 0.543  0.445563
 0.544  0.443689
 0.545  0.441961
 0.546  0.440435
 0.547  0.439268
 0.548  0.438162
 0.549  0.436770
 0.550  0.435746
 0.551  0.434871
 0.552  0.434038
 0.553  0.432982
 0.554  0.432126
 0.555  0.431349
 0.556  0.430632
 0.557  0.429873
 0.558  0.429196
 0.559  0.428529
 0.560  0.427766
 0.561  0.426965
 0.562  0.426074
 0.563  0.425185
 0.564  0.424631
 0.565  0.424473
 0.566  0.423127
 0.567  0.423188
 0.568  0.422313
 0.569  0.422142
 0.570  0.420139
 0.571  0.419311
 0.572  0.230480
 0.573  0.230360
 0.574  0.230248
 0.575  0.230152
 0.576  0.230065
 0.577  0.229961
 0.578  0.229867
 0.579  0.229803
 0.580  0.229704
 0.581  0.229613
 0.582  0.229534
 0.583  0.229473
 0.584  0.229385
 0.585  0.229306
 0.586  0.229247
 0.587  0.229178
 0.588  0.229101
 0.589  0.229035
 0.590  0.228991
 0.591  0.228914
 0.592  0.228847
 0.593  0.228797
 0.594  0.228745
 0.595  0.228677
 0.596  0.228621
 0.597  0.228590
 0.598  0.228523
 0.599  0.228464
 0.600  0.228423
 0.601  0.228382
 0.602  0.228322
 0.603  0.228274
 0.604  0.228253
 0.605  0.228193
 0.606  0.228142
 0.607  0.228110
 0.608  0.228076
 0.609  0.228023
 0.610  0.227983
 0.611  0.227969
 0.612  0.227916
 0.613  0.227873
 0.614  0.227851
 0.615  0.227819
 0.616  0.227774
 0.617  0.227742
 0.618  0.227732
 0.619  0.227685
 0.620  0.227649
 0.621  0.227649
 0.622  0.227606
 0.623  0.227567
 0.624  0.227545
 0.625  0.227536
 0.626  0.227496
 0.627  0.227468
 0.628  0.227475
 0.629  0.227433
 0.630  0.227402
 0.631  0.227395
 0.632  0.227379
 0.633  0.227346
 0.634  0.227329
 0.635  0.227333
 0.636  0.227299
 0.637  0.227277
 0.638  0.227295
 0.639  0.227259
 0.640  0.227235
 0.641  0.227234
 0.642  0.227228
 0.643  0.227201
 0.644  0.227192
 0.645  0.227204
 0.646  0.227176
 0.647  0.227162
 0.648  0.227188
 0.649  0.227158
 0.650  0.227141
 0.651  0.227157
 0.652  0.227148
 0.653  0.227129
 0.654  0.227132
 0.655  0.227145
 0.656  0.227125
 0.657  0.227122
 0.658  0.227149
 0.659  0.227128
 0.660  0.227122
 0.661  0.227160
 0.662  0.227138
 0.663  0.227130
 0.664  0.227163
 0.665  0.227155
 0.666  0.227146
 0.667  0.227163
 0.668  0.227179
 0.669  0.227168
 0.670  0.227181
 0.671  0.227210
 0.672  0.227198
 0.673  0.227207
 0.674  0.227247
 0.675  0.227235
 0.676  0.227242
 0.677  0.227291
 0.678  0.227279
 0.679  0.227285
 0.680  0.227341
 0.681  0.227330
 0.682  0.227335
 0.683  0.227398
 0.684  0.227387
 0.685  0.227392
 0.686  0.227444
 0.687  0.227450
 0.688  0.227456
 0.689  0.227500
 0.690  0.227521
 0.691  0.227527
 0.692  0.227568
 0.693  0.227598
 0.694  0.227605
 0.695  0.227646
 0.696  0.227681
 0.697  0.227689
 0.698  0.227731
 0.699  0.227771
 0.700  0.227781
 0.701  0.227825
 0.702  0.227868
 0.703  0.227880
 0.704  0.227927
 0.705  0.227971
 0.706  0.227985
 0.707  0.228038
 0.708  0.228081
 0.709  0.228098
 0.710  0.228159
 0.711  0.228198
 0.712  0.228219
 0.713  0.228291
 0.714  0.228322
 0.715  0.228347
 0.716  0.228446
 0.717  0.228453
 0.718  0.228483
 0.719  0.228581
 0.720  0.228592
 0.721  0.228627
 0.722  0.228722
 0.723  0.228737
 0.724  0.228780
 0.725  0.228871
 0.726  0.228891
 0.727  0.228944
 0.728  0.229028
 0.729  0.229053
 0.730  0.229120
 0.731  0.229192
 0.732  0.229225
 0.733  0.229316
 0.734  0.229364
 0.735  0.229406
 0.736  0.229523
 0.737  0.229545
 0.738  0.229598
 0.739  0.229706
 0.740  0.229736
 0.741  0.229805
 0.742  0.229898
 0.743  0.229937
 0.744  0.230035
 0.745  0.230098
 0.746  0.230150
 0.747  0.230278
 0.748  0.230310
 0.749  0.230378
 0.750  0.230490
 0.751  0.230533
 0.752  0.230629
 0.753  0.230713
 0.754  0.230769
 0.755  0.230910
 0.756  0.230946
 0.757  0.231024
 0.758  0.231144
 0.759  0.231194
 0.760  0.231314
 0.761  0.231390
 0.762  0.231459
 0.763  0.231602
 0.764  0.231650
 0.765  0.231751
 0.766  0.231861
 0.767  0.231928
 0.768  0.232087
 0.769  0.232135
 0.770  0.232232
 0.771  0.232359
 0.772  0.232428
 0.773  0.232598
 0.774  0.232649
 0.775  0.232749
 0.776  0.232886
 0.777  0.232959
 0.778  0.233137
 0.779  0.233192
 0.780  0.233303
 0.781  0.233442
 0.782  0.233523
 0.783  0.233704
 0.784  0.233767
 0.785  0.233898
 0.786  0.234027
 0.787  0.234123
 0.788  0.234300
 0.789  0.234376
 0.790  0.234564
 0.791  0.234645
 0.792  0.234765
 0.793  0.234928
 0.794  0.235023
 0.795  0.235222
 0.796  0.235300
 0.797  0.235478
 0.798  0.235591
 0.799  0.235720
 0.800  0.235895
 0.801  0.236001
 0.802  0.236208
 0.803  0.236298
 0.804  0.236531
 0.805  0.236609
 0.806  0.236770
 0.807  0.236931
 0.808  0.237064
 0.809  0.237263
 0.810  0.237379
 0.811  0.237604
 0.812  0.237708
 0.813  0.237954
 0.814  0.238048
 0.815  0.238268
 0.816  0.238397
 0.817  0.238576
 0.818  0.238757
 0.819  0.238916
 0.820  0.239124
 0.821  0.239272
 0.822  0.239501
 0.823  0.239639
 0.824  0.239886
 0.825  0.240018
 0.826  0.240278
 0.827  0.240406
 0.828  0.240678
 0.829  0.240803
 0.830  0.241085
 0.831  0.241210
 0.832  0.241500
 0.833  0.241625
 0.834  0.241921
 0.835  0.242050
 0.836  0.242352
 0.837  0.242484
 0.838  0.242789
 0.839  0.242928
 0.840  0.243233
 0.841  0.243382
 0.842  0.243687
 0.843  0.243847
 0.844  0.244149
 0.845  0.244325
 0.846  0.244619
 0.847  0.244818
 0.848  0.245099
 0.849  0.245333
 0.850  0.245591
 0.851  0.245889
 0.852  0.246097
 0.853  0.246460
 0.854  0.246618
 0.855  0.246967
 0.856  0.247159
 0.857  0.247487
 0.858  0.247732
 0.859  0.248023
 0.860  0.248405
 0.861  0.248580
 0.862  0.248959
 0.863  0.249167
 0.864  0.249514
 0.865  0.249815
 0.866  0.250093
 0.867  0.250501
 0.868  0.250709
 0.869  0.251079
 0.870  0.251408
 0.871  0.251690
 0.872  0.252108
 0.873  0.252357
 0.874  0.252720
 0.875  0.253173
 0.876  0.253384
 0.877  0.253789
 0.878  0.254219
 0.879  0.254462
 0.880  0.254892
 0.881  0.255287
 0.882  0.255580
 0.883  0.256025
 0.884  0.256468
 0.885  0.256741
 0.886  0.257190
 0.887  0.257701
 0.888  0.257951
 0.889  0.258389
 0.890  0.258896
 0.891  0.259249
 0.892  0.259640
 0.893  0.260129
 0.894  0.260670
 0.895  0.260988
 0.896  0.261425
 0.897  0.261937
 0.898  0.262491
 0.899  0.262885
 0.900  0.263304
 0.901  0.263813
 0.902  0.264365
 0.903  0.264948
 0.904  0.265393
 0.905  0.265821
 0.906  0.266339
 0.907  0.266897
 0.908  0.267482
 0.909  0.268085
 0.910  0.268701
 0.911  0.269288
 0.912  0.269712
 0.913  0.270248
 0.914  0.270821
 0.915  0.271412
 0.916  0.272021
 0.917  0.272638
 0.918  0.273265
 0.919  0.273902
 0.920  0.274547
 0.921  0.275206
 0.922  0.275885
 0.923  0.276604
 0.924  0.277478
 0.925  0.278193
 0.926  0.278807
 0.927  0.279439
 0.928  0.280110
 0.929  0.280893
 0.930  0.281916
 0.931  0.282487
 0.932  0.283170
 0.933  0.284353
 0.934  0.284862
 0.935  0.285674
 0.936  0.286599
 0.937  0.287374
 0.938  0.288267
 0.939  0.289523
 0.940  0.289981
 0.941  0.290912
 0.942  0.291943
 0.943  0.292942
 0.944  0.293862
 0.945  0.294713
 0.946  0.296441
 0.947  0.296744
 0.948  0.298043
 0.949  0.298863
 0.950  0.300865
 0.951  0.300533
 0.952  0.302089
 0.953  0.000000
 0.954  0.000000
 0.955  0.000000
 0.956  0.000000
 0.957  0.000000
 0.958  0.000000
 0.959  0.000000
 0.960  0.000000
 0.961  0.000000
 0.962  0.000000
 0.963  0.000000
 0.964  0.000000
 0.965  0.000000
 0.966  0.000000
 0.967  0.000000
 0.968  0.000000
 0.969  0.000000
 0.970  0.000000
 0.971  0.000000
 0.972  0.000000
 0.973  0.000000
 0.974  0.000000
 0.975  0.000000
 0.976  0.000000
 0.977  0.000000
 0.978  0.000000
 0.979  0.000000
 0.980  0.000000
 0.981  0.000000
 0.982  0.000000
 0.983  0.000000
 0.984  0.000000
 0.985  0.000000
 0.986  0.000000
 0.987  0.000000
 0.988  0.000000
 0.989  0.000000
 0.990  0.000000
 0.991  0.000000
 0.992  0.000000
 0.993  0.000000
 0.994  0.000000
 0.995  0.000000
 0.996  0.000000
 0.997  0.000000
 0.998  0.000000
 0.999  0.000000
 1.000  0.000000
