-0.400  0.000000
-0.399  0.000000
-0.398  0.000000
-0.397  0.000000
-0.396  0.000000
-0.395  0.000000
-0.394  0.000000
-0.393  0.000000
-0.392  0.000000
-0.391  0.000000
-0.390  0.000000
-0.389  0.000000
-0.388  0.000000
-0.387  0.000000
-0.386  0.000000
-0.385  0.000000
-0.384  0.000000
-0.383  0.000000
-0.382  0.000000
-0.381  0.000000
-0.380  0.000000
-0.379  0.000000
-0.378  0.000000
-0.377  0.000000
-0.376  0.000000
-0.375  0.000000
-0.374  0.000000
-0.373  0.000000
-0.372  0.000000
-0.371  0.000000
-0.370  0.000000
-0.369  0.000000
-0.368  0.000000
-0.367  0.000000
-0.366  0.000000
-0.365  0.000000
-0.364  0.000000
-0.363  0.000000
-0.362  0.000000
-0.361  0.000000
-0.360  0.000000
-0.359  0.000000
-0.358  0.000000
-0.357  0.000000
-0.356  0.000000
-0.355  0.000000
-0.354  0.000000
-0.353  0.000000
-0.352  0.000000
-0.351  0.000000
-0.350  0.000000
-0.349  0.000000
-0.348  0.000000
-0.347  0.000000
-0.346  0.000000
-0.345  0.000000
-0.344  0.000000
-0.343  0.000000
-0.342  0.000000
-0.341  0.000000
-0.340  0.000000
-0.339  0.000000
-0.338  0.000000
-0.337  0.000000
-0.336  0.000000
-0.335  0.000000
-0.334  0.000000
-0.333  0.000000
-0.332  0.000000
-0.331  0.000000
-0.330  0.000000
-0.329  0.000000
-0.328  0.000000
-0.327  0.000000
-0.326  0.000000
-0.325  0.000000
-0.324  0.000000
-0.323  0.000000
-0.322  0.000000
-0.321  0.000000
-0.320  0.000000
-0.319  0.000000
-0.318  0.000000
-0.317  0.000000
-0.316  0.000000
-0.315  0.000000
-0.314  0.000000
-0.313  0.000000
-0.312  0.000000
-0.311  0.000000
-0.310  0.000000
-0.309  0.000000
-0.308  0.000000
-0.307  0.000000
-0.306  0.000000
-0.305  0.000000
-0.304  0.000000
-0.303  0.000000
-0.302  0.000000
-0.301  0.000000
-0.300  0.000000
-0.299  0.000000
-0.298  0.000000
-0.297  0.000000
-0.296  0.000000
-0.295  0.000000
-0.294  0.000000
-0.293  0.000000
-0.292  0.000000
-0.291  0.000000
-0.290  0.000000
-0.289  0.000000
-0.288  0.000000
-0.287  0.000000
-0.286  0.000000
-0.285  0.000000
-0.284  0.000000
-0.283  0.000000
-0.282  0.000000
-0.281  0.000000
-0.280  0.000000
-0.279  0.000000
-0.278  0.000000
-0.277  0.000000
-0.276  0.000000
-0.275  0.000000
-0.274  0.000000
-0.273  0.000000
-0.272  0.000000
-0.271  0.000000
-0.270  0.000000
-0.269  0.000000
-0.268  0.000000
-0.267  0.000000
-0.266  0.000000
-0.265  0.000000
-0.264  0.000000
-0.263  0.000000
-0.262  0.000000
-0.261  0.000000
-0.260  0.000000
-0.259  0.000000
-0.258  0.000000
-0.257  0.000000
-0.256  1.364618
-0.255  1.022793
-0.254  0.698006
-0.253  1.223585
-0.252  1.240296
-0.251  1.243548
-0.250  1.278876
-0.249  1.272714
-0.248  1.261177
-0.247  1.300013
-0.246  1.597299
-0.245  1.211877
-0.244  1.148830
-0.243  1.182265
-0.242  1.267700
-0.241  1.274164
-0.240  1.308897
-0.239  1.317574
-0.238  1.320241
-0.237  1.339063
-0.236  1.340811
-0.235  1.350264
-0.234  1.357441
-0.233  1.366357
-0.232  1.374681
-0.231  1.384455
-0.230  1.393108
-0.229  1.402549
-0.228  1.411761
-0.227  1.421774
-0.226  1.430899
-0.225  1.439935
-0.224  1.450064
-0.223  1.458334
-0.222  1.468958
-0.221  1.479477
-0.220  1.490782
-0.219  1.502814
-0.218  1.514413
-0.217  1.526291
-0.216  1.537910
-0.215  1.549817
-0.214  1.563085
-0.213  1.574234
-0.212  1.585603
-0.211  1.601935
-0.210  1.616640
-0.209  1.629810
-0.208  1.643679
-0.207  1.658403
-0.206  1.672596
-0.205  1.688304
-0.204  1.705952
-0.203  1.721514
-0.202  1.738221
-0.201  1.755916
-0.200  1.774085
-0.199  1.792778
-0.198  1.812035
-0.197  1.832002
-0.196  1.852886
-0.195  1.873823
-0.194  1.896835
-0.193  1.920189
-0.192  1.943054
-0.191  1.968170
-0.190  1.994598
-0.189  2.020946
-0.188  2.050782
-0.187  2.080205
-0.186  2.111743
-0.185  2.144840
-0.184  2.179369
-0.183  2.215765
-0.182  2.254831
-0.181  2.295917
-0.180  2.341141
-0.179  2.388965
-0.178  2.440097
-0.177  2.494927
-0.176  2.555956
-0.175  2.622251
-0.174  2.695195
-0.173  2.776817
-0.172  2.868056
-0.171  2.971973
-0.170  3.094688
-0.169  3.243240
-0.168  3.426879
-0.167  3.670895
-0.166  4.037946
-0.165  4.793496
-0.164  4.942891
-0.163  4.137936
-0.162  3.782778
-0.161  3.553477
-0.160  3.384242
-0.159  3.251372
-0.158  3.142769
-0.157  3.050074
-0.156  2.971910
-0.155  2.902523
-0.154  2.834577
-0.153  2.780001
-0.152  2.730470
-0.151  2.686029
-0.150  2.643004
-0.149  2.599828
-0.148  2.564627
-0.147  2.531189
-0.146  2.498064
-0.145  2.468312
-0.144  2.441075
-0.143  2.412774
-0.142  2.387458
-0.141  2.365334
-0.140  2.343504
-0.139  2.319770
-0.138  2.302223
-0.137  2.279701
-0.136  2.263807
-0.135  2.244821
-0.134  2.230380
-0.133  2.210177
-0.132  2.197717
-0.131  2.181198
-0.130  2.169352
-0.129  2.154735
-0.128  2.143229
-0.127  2.128620
-0.126  2.115244
-0.125  2.107655
-0.124  2.096578
-0.123  2.086635
-0.122  2.076317
-0.121  2.067965
-0.120  2.059043
-0.119  2.048751
-0.118  2.038783
-0.117  2.030370
-0.116  2.023515
-0.115  2.014730
-0.114  2.011060
-0.113  2.006843
-0.112  1.999932
-0.111  1.990952
-0.110  1.979985
-0.109  1.992455
-0.108  1.975740
-0.107  1.963756
-0.106  1.969939
-0.105  1.964195
-0.104  1.958871
-0.103  1.953750
-0.102  1.952107
-0.101  1.953125
-0.100  1.950359
-0.099  1.948705
-0.098  1.945439
-0.097  1.944983
-0.096  1.940918
-0.095  1.942079
-0.094  1.941802
-0.093  1.943924
-0.092  1.946752
-0.091  1.950793
-0.090  1.948435
-0.089  1.958409
-0.088  1.957934
-0.087  1.962172
-0.086  1.963230
-0.085  1.976605
-0.084  1.984405
-0.083  1.990959
-0.082  2.000455
-0.081  2.012201
-0.080  2.029169
-0.079  2.048194
-0.078  2.067281
-0.077  2.095574
-0.076  2.140345
-0.075  2.199945
-0.074  2.295056
-0.073  2.606933
-0.072  2.357123
-0.071  2.199200
-0.070  2.123921
-0.069  2.076179
-0.068  2.031351
-0.067  2.004060
-0.066  1.967977
-0.065  1.941481
-0.064  1.918820
-0.063  1.902562
-0.062  1.877221
-0.061  1.866044
-0.060  1.843851
-0.059  1.827985
-0.058  1.812569
-0.057  1.798874
-0.056  1.783202
-0.055  1.772108
-0.054  1.764986
-0.053  1.749237
-0.052  1.740020
-0.051  1.725406
-0.050  1.722882
-0.049  1.705289
-0.048  1.700067
-0.047  1.685254
-0.046  1.677984
-0.045  1.667653
-0.044  1.657565
-0.043  1.653109
-0.042  1.641821
-0.041  1.634882
-0.040  1.628223
-0.039  1.622138
-0.038  1.565358
-0.037  1.573502
-0.036  1.584777
-0.035  1.600166
-0.034  1.627113
-0.033  1.647577
-0.032  1.595154
-0.031  1.563037
-0.030  1.540765
-0.029  1.518629
-0.028  1.499752
-0.027  1.550230
-0.026  1.529603
-0.025  1.520390
-0.024  1.514999
-0.023  1.507539
-0.022  1.502653
-0.021  1.496752
-0.020  1.492809
-0.019  1.485406
-0.018  1.478072
-0.017  1.475038
-0.016  1.467382
-0.015  1.463541
-0.014  1.461856
-0.013  1.454480
-0.012  1.449401
-0.011  1.444262
-0.010  1.437455
-0.009  1.434258
-0.008  1.426929
-0.007  1.421714
-0.006  1.390676
-0.005  1.395577
-0.004  1.399035
-0.003  1.398827
-0.002  1.402067
-0.001  1.430658
 0.000  1.327499
 0.001  1.297387
 0.002  1.293477
 0.003  1.294956
 0.004  1.297746
 0.005  1.310029
 0.006  1.339073
 0.007  1.366489
 0.008  1.383700
 0.009  1.415155
 0.010  1.463347
 0.011  1.660101
 0.012  1.456428
 0.013  1.388801
 0.014  1.354569
 0.015  1.322865
 0.016  1.299631
 0.017  1.299433
 0.018  1.321070
 0.019  1.305045
 0.020  1.309021
 0.021  1.299074
 0.022  1.298173
 0.023  1.296171
 0.024  1.078493
 0.025  1.124649
 0.026  1.194347
 0.027  1.343348
 0.028  1.413157
 0.029  1.185374
 0.030  0.900443
 0.031  0.877047
 0.032  0.895079
 0.033  0.910425
 0.034  0.927930
 0.035  0.949461
 0.036  0.976115
 0.037  1.005415
 0.038  1.040226
 0.039  1.080295
 0.040  1.071799
 0.041  1.008483
 0.042  1.128274
 0.043  1.191879
 0.044  1.279912
 0.045  1.482625
 0.046  1.522468
 0.047  1.396170
 0.048  1.334787
 0.049  1.296088
 0.050  1.284958
 0.051  1.257706
 0.052  1.243014
 0.053  1.234242
 0.054  1.219802
 0.055  1.220265
 0.056  1.203772
 0.057  1.195266
 0.058  1.193815
 0.059  1.185128
 0.060  1.178229
 0.061  1.172805
 0.062  1.174096
 0.063  1.166016
 0.064  1.158194
 0.065  1.154551
 0.066  1.149097
 0.067  1.143346
 0.068  1.140241
 0.069  1.138981
 0.070  1.129494
 0.071  1.117153
 0.072  1.128076
 0.073  1.132690
 0.074  1.144664
 0.075  1.131269
 0.076  1.110701
 0.077  1.097508
 0.078  1.091255
 0.079  1.079183
 0.080  1.102072
 0.081  1.098017
 0.082  1.095397
 0.083  1.082631
 0.084  1.077974
 0.085  1.069273
 0.086  1.077409
 0.087  1.070092
 0.088  1.087396
 0.089  1.071781
 0.090  1.056393
 0.091  0.930173
 0.092  0.942610
 0.093  0.976579
 0.094  1.038590
 0.095  1.100507
 0.096  1.105239
 0.097  1.070072
 0.098  1.057299
 0.099  1.046211
 0.100  1.042358
 0.101  1.038042
 0.102  1.030035
 0.103  1.029056
 0.104  1.023848
 0.105  1.018929
 0.106  1.015616
 0.107  1.010970
 0.108  1.013780
 0.109  1.004443
 0.110  1.002415
 0.111  0.999461
 0.112  0.996770
 0.113  0.992737
 0.114  0.989308
 0.115  0.990730
 0.116  0.983860
 0.117  0.979346
 0.118  0.977826
 0.119  0.975687
 0.120  0.975984
 0.121  0.967603
 0.122  0.969403
 0.123  0.965072
 0.124  0.959267
 0.125  0.956037
 0.126  0.954874
 0.127  0.955712
 0.128  0.947403
 0.129  0.947819
 0.130  0.942745
 0.131  0.944461
 0.132  0.940821
 0.133  0.934730
 0.134  0.930953
 0.135  0.921883
 0.136  0.925046
 0.137  0.927210
 0.138  0.935238
 0.139  0.958368
 0.140  0.926904
 0.141  0.917330
 0.142  0.911012
 0.143  0.902457
 0.144  0.893915
 0.145  0.887712
 0.146  0.897301
 0.147  0.898001
 0.148  0.895799
 0.149  0.894251
 0.150  0.891539
 0.151  0.890594
 0.152  0.886225
 0.153  0.884232
 0.154  0.878337
 0.155  0.877975
 0.156  0.876372
 0.157  0.875272
 0.158  0.871025
 0.159  0.867618
 0.160  0.863989
 0.161  0.862290
 0.162  0.863093
 0.163  0.860503
 0.164  0.856587
 0.165  0.853332
 0.166  0.850039
 0.167  0.847869
 0.168  0.848856
 0.169  0.846856
 0.170  0.843724
 0.171  0.839414
 0.172  0.838717
 0.173  0.834021
 0.174  0.835637
 0.175  0.834044
 0.176  0.828493
 0.177  0.833376
 0.178  0.826233
 0.179  0.824603
 0.180  0.819422
 0.181  0.815450
 0.182  0.817361
 0.183  0.816088
 0.184  0.807840
 0.185  0.812801
 0.186  0.812582
 0.187  0.799891
 0.188  0.809186
 0.189  0.798997
 0.190  0.796718
 0.191  0.798602
 0.192  0.789377
 0.193  0.796421
 0.194  0.787931
 0.195  0.784742
 0.196  0.792025
 0.197  0.778377
 0.198  0.788694
 0.199  0.778763
 0.200  0.773208
 0.201  0.778049
 0.202  0.771251
 0.203  0.765900
 0.204  0.775421
 0.205  0.790209
 0.206  0.762392
 0.207  0.753019
 0.208  0.747245
 0.209  0.778935
 0.210  0.764350
 0.211  0.761904
 0.212  0.762779
 0.213  0.759333
 0.214  0.756717
 0.215  0.751872
 0.216  0.746185
 0.217  0.740240
 0.218  0.750102
 0.219  0.739024
 0.220  0.737329
 0.221  0.739097
 0.222  0.716310
 0.223  0.745621
 0.224  0.752676
 0.225  0.768450
 0.226  0.732078
 0.227  0.714816
 0.228  0.693651
 0.229  0.712608
 0.230  0.737197
 0.231  0.716793
 0.232  0.733847
 0.233  0.715764
 0.234  0.616432
 0.235  0.589868
 0.236  0.631664
 0.237  0.678687
 0.238  0.836966
 0.239  0.755605
 0.240  0.729261
 0.241  0.720011
 0.242  0.713396
 0.243  0.709276
 0.244  0.706248
 0.245  0.703483
 0.246  0.701251
 0.247  0.698954
 0.248  0.696958
 0.249  0.695007
 0.250  0.693076
 0.251  0.691290
 0.252  0.690561
 0.253  0.687827
 0.254  0.685974
 0.255  0.684362
 0.256  0.682692
 0.257  0.681173
 0.258  0.679461
 0.259  0.677771
 0.260  0.676233
 0.261  0.674623
 0.262  0.673234
 0.263  0.671671
 0.264  0.670126
 0.265  0.668495
 0.266  0.667014
 0.267  0.665552
 0.268  0.665298
 0.269  0.662590
 0.270  0.661051
 0.271  0.659559
 0.272  0.658221
 0.273  0.656891
 0.274  0.655391
 0.275  0.653770
 0.276  0.652342
 0.277  0.650939
 0.278  0.649713
 0.279  0.648377
 0.280  0.646680
 0.281  0.645361
 0.282  0.643954
 0.283  0.642827
 0.284  0.641519
 0.285  0.639924
 0.286  0.638543
 0.287  0.637110
 0.288  0.636078
 0.289  0.636123
 0.290  0.633361
 0.291  0.631855
 0.292  0.630492
 0.293  0.629511
 0.294  0.629625
 0.295  0.626913
 0.296  0.625245
 0.297  0.624037
 0.298  0.623060
 0.299  0.623334
 0.300  0.620561
 0.301  0.618912
 0.302  0.617712
 0.303  0.616684
 0.304  0.617174
 0.305  0.614331
 0.306  0.612714
 0.307  0.611509
 0.308  0.610550
 0.309  0.611168
 0.310  0.608195
 0.311  0.606638
 0.312  0.605409
 0.313  0.604588
 0.314  0.605296
 0.315  0.602212
 0.316  0.600684
 0.317  0.599445
 0.318  0.598809
 0.319  0.597886
 0.320  0.596292
 0.321  0.594834
 0.322  0.593668
 0.323  0.593204
 0.324  0.592179
 0.325  0.590432
 0.326  0.589098
 0.327  0.587989
 0.328  0.587694
 0.329  0.586609
 0.330  0.584632
 0.331  0.583501
 0.332  0.582493
 0.333  0.582289
 0.334  0.581047
 0.335  0.579154
 0.336  0.578048
 0.337  0.577394
 0.338  0.575661
 0.339  0.575374
 0.340  0.573739
 0.341  0.572682
 0.342  0.572520
 0.343  0.571824
 0.344  0.569626
 0.345  0.568452
 0.346  0.567435
 0.347  0.567755
 0.348  0.566357
 0.349  0.564336
 0.350  0.563270
 0.351  0.562983
 0.352  0.560684
 0.353  0.560620
 0.354  0.559220
 0.355  0.558228
 0.356  0.558795
 0.357  0.557478
 0.358  0.555231
 0.359  0.554196
 0.360  0.554054
 0.361  0.551900
 0.362  0.551630
 0.363  0.550309
 0.364  0.549304
 0.365  0.550451
 0.366  0.548592
 0.367  0.546421
 0.368  0.545508
 0.369  0.545953
 0.370  0.545695
 0.371  0.542594
 0.372  0.541695
 0.373  0.541476
 0.374  0.539802
 0.375  0.539392
 0.376  0.537918
 0.377  0.537069
 0.378  0.535934
 0.379  0.536348
 0.380  0.534233
 0.381  0.533374
 0.382  0.535297
 0.383  0.533260
 0.384  0.530629
 0.385  0.529765
 0.386  0.528174
 0.387  0.529674
 0.388  0.528570
 0.389  0.526277
 0.390  0.525901
 0.391  0.522823
 0.392  0.524707
 0.393  0.522578
 0.394  0.523654
 0.395  0.521321
 0.396  0.520367
 0.397  0.519170
 0.398  0.520530
 0.399  0.517779
 0.400  0.516654
 0.401  0.515763
 0.402  0.517774
 0.403  0.514416
 0.404  0.513203
 0.405  0.512402
 0.406  0.515860
 0.407  0.511876
 0.408  0.509882
 0.409  0.509118
 0.410  0.508491
 0.411  0.510675
 0.412  0.506654
 0.413  0.506680
 0.414  0.505179
 0.415  0.505997
 0.416  0.503378
 0.417  0.506367
 0.418  0.501964
 0.419  0.500980
 0.420  0.500165
 0.421  0.499557
 0.422  0.504294
 0.423  0.497798
 0.424  0.499637
 0.425  0.496334
 0.426  0.496461
 0.427  0.494729
 0.428  0.493977
 0.429  0.493172
 0.430  0.492416
 0.431  0.496061
 0.432  0.490856
 0.433  0.490355
 0.434  0.489358
 0.435  0.488551
 0.436  0.496469
 0.437  0.487077
 0.438  0.486243
 0.439  0.485540
 0.440  0.484824
 0.441  0.493479
 0.442  0.483267
 0.443  0.482646
 0.444  0.483287
 0.445  0.481010
 0.446  0.486934
 0.447  0.479932
 0.448  0.478793
 0.449  0.478050
 0.450  0.477744
 0.451  0.476569
 0.452  0.475881
 0.453  0.475627
 0.454  0.474387
 0.455  0.473757
 0.456  0.473574
 0.457  0.472230
 0.458  0.471603
 0.459  0.471579
 0.460  0.470087
 0.461  0.469466
 0.462  0.468667
 0.463  0.468008
 0.464  0.468195
 0.465  0.466550
 0.466  0.465919
 0.467  0.466201
 0.468  0.464460
 0.469  0.463822
 0.470  0.466666
 0.471  0.462449
 0.472  0.463801
 0.473  0.460994
 0.474  0.460363
 0.475  0.472646
 0.476  0.459017
 0.477  0.458615
 0.478  0.457580
 0.479  0.457095
 0.480  0.456508
 0.481  0.455650
 0.482  0.480671
 0.483  0.454197
 0.484  0.453985
 0.485  0.453004
 0.486  0.452596
 0.487  0.451821
 0.488  0.451236
 0.489  0.450607
 0.490  0.449804
 0.491  0.459679
 0.492  0.448530
 0.493  0.455220
 0.494  0.447308
 0.495  0.453220
 0.496  0.446103
 0.497  0.452768
 0.498  0.451034
 0.499  0.453490
 0.500  0.444880
 0.501  0.443015
 0.502  0.440685
 0.503  0.446470
 0.504  0.444603
 0.505  0.439067
 0.506  0.444336
 0.507  0.439918
 0.508  0.436901
 0.509  0.446215
 0.510  0.443091
 0.511  0.440973
 0.512  0.434479
 0.513  0.438492
 0.514  0.436354
 0.515  0.434158
 0.516  0.432475
 0.517  0.435733
 0.518  0.432796
 0.519  0.430856
 0.520  0.432407
 0.521  0.432288
 0.522  0.437370
 0.523  0.423450
 0.524  0.408660
 0.525  0.418869
 0.526  0.443212
 0.527  0.440719
 0.528  0.432397
 0.529  0.430124
 0.530  0.429373
 0.531  0.428495
 0.532  0.427912
 0.533  0.427232
 0.534  0.426620
 0.535  0.426210
 0.536  0.425501
 0.537  0.424852
 0.538  0.424425
 0.539  0.424017
 0.540  0.423303
 0.541  0.422690
 0.542  0.422220
 0.543  0.421812
 0.544  0.421078
 0.545  0.420508
 0.546  0.419999
 0.547  0.419514
 0.548  0.419040
 0.549  0.418558
 0.550  0.418006
 0.551  0.417408
 0.552  0.416788
 0.553  0.416232
 0.554  0.415886
 0.555  0.415582
 0.556  0.414897
 0.557  0.414249
 0.558  0.413618
 0.559  0.413077
 0.560  0.412120
 0.561  0.415001
 0.562  0.226696
 0.563  0.226656
 0.564  0.226622
 0.565  0.226567
 0.566  0.226519
 0.567  0.226493
 0.568  0.226445
 0.569  0.226394
 0.570  0.226353
 0.571  0.226332
 0.572  0.226279
 0.573  0.226232
 0.574  0.226199
 0.575  0.226171
 0.576  0.226121
 0.577  0.226079
 0.578  0.226070
 0.579  0.226018
 0.580  0.225972
 0.581  0.225938
 0.582  0.225922
 0.583  0.225874
 0.584  0.225834
 0.585  0.225811
 0.586  0.225783
 0.587  0.225739
 0.588  0.225706
 0.589  0.225699
 0.590  0.225653
 0.591  0.225614
 0.592  0.225591
 0.593  0.225574
 0.594  0.225532
 0.595  0.225500
 0.596  0.225502
 0.597  0.225458
 0.598  0.225421
 0.599  0.225399
 0.600  0.225390
 0.601  0.225351
 0.602  0.225321
 0.603  0.225329
 0.604  0.225288
 0.605  0.225254
 0.606  0.225235
 0.607  0.225231
 0.608  0.225195
 0.609  0.225169
 0.610  0.225182
 0.611  0.225143
 0.612  0.225113
 0.613  0.225098
 0.614  0.225098
 0.615  0.225064
 0.616  0.225042
 0.617  0.225059
 0.618  0.225023
 0.619  0.224997
 0.620  0.224989
 0.621  0.224989
 0.622  0.224960
 0.623  0.224943
 0.624  0.224961
 0.625  0.224930
 0.626  0.224908
 0.627  0.224910
 0.628  0.224906
 0.629  0.224882
 0.630  0.224872
 0.631  0.224889
 0.632  0.224862
 0.633  0.224847
 0.634  0.224878
 0.635  0.224849
 0.636  0.224831
 0.637  0.224832
 0.638  0.224843
 0.639  0.224822
 0.640  0.224816
 0.641  0.224843
 0.642  0.224819
 0.643  0.224809
 0.644  0.224836
 0.645  0.224823
 0.646  0.224809
 0.647  0.224817
 0.648  0.224834
 0.649  0.224817
 0.650  0.224818
 0.651  0.224850
 0.652  0.224832
 0.653  0.224828
 0.654  0.224873
 0.655  0.224853
 0.656  0.224846
 0.657  0.224867
 0.658  0.224880
 0.659  0.224870
 0.660  0.224882
 0.661  0.224913
 0.662  0.224902
 0.663  0.224909
 0.664  0.224952
 0.665  0.224939
 0.666  0.224943
 0.667  0.224997
 0.668  0.224983
 0.669  0.224984
 0.670  0.225025
 0.671  0.225033
 0.672  0.225032
 0.673  0.225061
 0.674  0.225089
 0.675  0.225087
 0.676  0.225110
 0.677  0.225150
 0.678  0.225148
 0.679  0.225167
 0.680  0.225218
 0.681  0.225215
 0.682  0.225232
 0.683  0.225291
 0.684  0.225288
 0.685  0.225304
 0.686  0.225370
 0.687  0.225367
 0.688  0.225383
 0.689  0.225455
 0.690  0.225452
 0.691  0.225468
 0.692  0.225546
 0.693  0.225544
 0.694  0.225560
 0.695  0.225642
 0.696  0.225641
 0.697  0.225658
 0.698  0.225731
 0.699  0.225744
 0.700  0.225762
 0.701  0.225834
 0.702  0.225854
 0.703  0.225874
 0.704  0.225949
 0.705  0.225970
 0.706  0.225992
 0.707  0.226076
 0.708  0.226092
 0.709  0.226116
 0.710  0.226213
 0.711  0.226220
 0.712  0.226248
 0.713  0.226346
 0.714  0.226355
 0.715  0.226387
 0.716  0.226484
 0.717  0.226497
 0.718  0.226534
 0.719  0.226629
 0.720  0.226645
 0.721  0.226688
 0.722  0.226781
 0.723  0.226801
 0.724  0.226852
 0.725  0.226940
 0.726  0.226964
 0.727  0.227026
 0.728  0.227105
 0.729  0.227136
 0.730  0.227213
 0.731  0.227278
 0.732  0.227316
 0.733  0.227439
 0.734  0.227459
 0.735  0.227506
 0.736  0.227622
 0.737  0.227648
 0.738  0.227707
 0.739  0.227813
 0.740  0.227847
 0.741  0.227922
 0.742  0.228012
 0.743  0.228055
 0.744  0.228166
 0.745  0.228220
 0.746  0.228275
 0.747  0.228404
 0.748  0.228438
 0.749  0.228510
 0.750  0.228622
 0.751  0.228667
 0.752  0.228769
 0.753  0.228851
 0.754  0.228910
 0.755  0.229052
 0.756  0.229091
 0.757  0.229171
 0.758  0.229291
 0.759  0.229344
 0.760  0.229468
 0.761  0.229542
 0.762  0.229614
 0.763  0.229758
 0.764  0.229807
 0.765  0.229910
 0.766  0.230021
 0.767  0.230089
 0.768  0.230251
 0.769  0.230299
 0.770  0.230397
 0.771  0.230528
 0.772  0.230596
 0.773  0.230770
 0.774  0.230820
 0.775  0.230920
 0.776  0.231060
 0.777  0.231133
 0.778  0.231315
 0.779  0.231369
 0.780  0.231478
 0.781  0.231621
 0.782  0.231702
 0.783  0.231886
 0.784  0.231949
 0.785  0.232075
 0.786  0.232211
 0.787  0.232305
 0.788  0.232487
 0.789  0.232561
 0.790  0.232730
 0.791  0.232833
 0.792  0.232949
 0.793  0.233118
 0.794  0.233210
 0.795  0.233414
 0.796  0.233490
 0.797  0.233653
 0.798  0.233784
 0.799  0.233907
 0.800  0.234089
 0.801  0.234190
 0.802  0.234404
 0.803  0.234491
 0.804  0.234705
 0.805  0.234803
 0.806  0.234954
 0.807  0.235127
 0.808  0.235253
 0.809  0.235460
 0.810  0.235571
 0.811  0.235803
 0.812  0.235901
 0.813  0.236154
 0.814  0.236242
 0.815  0.236436
 0.816  0.236594
 0.817  0.236759
 0.818  0.236953
 0.819  0.237103
 0.820  0.237322
 0.821  0.237460
 0.822  0.237699
 0.823  0.237829
 0.824  0.238083
 0.825  0.238207
 0.826  0.238475
 0.827  0.238595
 0.828  0.238875
 0.829  0.238992
 0.830  0.239282
 0.831  0.239399
 0.832  0.239695
 0.833  0.239813
 0.834  0.240117
 0.835  0.240236
 0.836  0.240544
 0.837  0.240668
 0.838  0.240981
 0.839  0.241110
 0.840  0.241424
 0.841  0.241562
 0.842  0.241874
 0.843  0.242024
 0.844  0.242333
 0.845  0.242497
 0.846  0.242801
 0.847  0.242985
 0.848  0.243279
 0.849  0.243492
 0.850  0.243767
 0.851  0.244027
 0.852  0.244268
 0.853  0.244637
 0.854  0.244783
 0.855  0.245140
 0.856  0.245317
 0.857  0.245655
 0.858  0.245879
 0.859  0.246185
 0.860  0.246506
 0.861  0.246735
 0.862  0.247120
 0.863  0.247313
 0.864  0.247668
 0.865  0.247941
 0.866  0.248239
 0.867  0.248652
 0.868  0.248846
 0.869  0.249222
 0.870  0.249520
 0.871  0.249824
 0.872  0.250247
 0.873  0.250479
 0.874  0.250850
 0.875  0.251305
 0.876  0.251503
 0.877  0.251912
 0.878  0.252289
 0.879  0.252573
 0.880  0.253007
 0.881  0.253365
 0.882  0.253683
 0.883  0.254130
 0.884  0.254528
 0.885  0.254832
 0.886  0.255282
 0.887  0.255794
 0.888  0.256032
 0.889  0.256470
 0.890  0.256976
 0.891  0.257314
 0.892  0.257708
 0.893  0.258194
 0.894  0.258730
 0.895  0.259044
 0.896  0.259475
 0.897  0.259981
 0.898  0.260531
 0.899  0.260933
 0.900  0.261338
 0.901  0.261839
 0.902  0.262382
 0.903  0.262957
 0.904  0.263464
 0.905  0.263835
 0.906  0.264341
 0.907  0.264886
 0.908  0.265458
 0.909  0.266049
 0.910  0.266653
 0.911  0.267268
 0.912  0.267789
 0.913  0.268249
 0.914  0.268797
 0.915  0.269373
 0.916  0.269969
 0.917  0.270574
 0.918  0.271196
 0.919  0.271828
 0.920  0.272474
 0.921  0.273149
 0.922  0.273879
 0.923  0.274742
 0.924  0.275343
 0.925  0.275949
 0.926  0.276569
 0.927  0.277225
 0.928  0.277976
 0.929  0.279005
 0.930  0.279556
 0.931  0.280197
 0.932  0.281257
 0.933  0.281888
 0.934  0.282564
 0.935  0.283623
 0.936  0.284199
 0.937  0.285261
 0.938  0.285995
 0.939  0.286799
 0.940  0.287877
 0.941  0.289005
 0.942  0.290082
 0.943  0.291015
 0.944  0.291754
 0.945  0.292368
 0.946  0.294255
 0.947  0.294237
 0.948  0.295217
 0.949  0.296974
 0.950  0.297409
 0.951  0.299568
 0.952  0.000000
 0.953  0.000000
 0.954  0.000000
 0.955  0.000000
 0.956  0.000000
 0.957  0.000000
 0.958  0.000000
 0.959  0.000000
 0.960  0.000000
 0.961  0.000000
 0.962  0.000000
 0.963  0.000000
 0.964  0.000000
 0.965  0.000000
 0.966  0.000000
 0.967  0.000000
 0.968  0.000000
 0.969  0.000000
 0.970  0.000000
 0.971  0.000000
 0.972  0.000000
 0.973  0.000000
 0.974  0.000000
 0.975  0.000000
 0.976  0.000000
 0.977  0.000000
 0.978  0.000000
 0.979  0.000000
 0.980  0.000000
 0.981  0.000000
 0.982  0.000000
 0.983  0.000000
 0.984  0.000000
 0.985  0.000000
 0.986  0.000000
 0.987  0.000000
 0.988  0.000000
 0.989  0.000000
 0.990  0.000000
 0.991  0.000000
 0.992  0.000000
 0.993  0.000000
 0.994  0.000000
 0.995  0.000000
 0.996  0.000000
 0.997  0.000000
 0.998  0.000000
 0.999  0.000000
 1.000  0.000000
