-0.0400  0.850654
-0.0399  0.851075
-0.0398  0.851472
-0.0397  0.851861
-0.0396  0.852248
-0.0395  0.852624
-0.0394  0.853131
-0.0393  0.853616
-0.0392  0.854282
-0.0391  0.855111
-0.0390  0.855635
-0.0389  0.856148
-0.0388  0.856604
-0.0387  0.857021
-0.0386  0.857434
-0.0385  0.857829
-0.0384  0.858207
-0.0383  0.858642
-0.0382  0.859036
-0.0381  0.859407
-0.0380  0.859768
-0.0379  0.860125
-0.0378  0.860681
-0.0377  0.861362
-0.0376  0.861890
-0.0375  0.862346
-0.0374  0.862954
-0.0373  0.863608
-0.0372  0.864305
-0.0371  0.864705
-0.0370  0.865097
-0.0369  0.865470
-0.0368  0.865835
-0.0367  0.866227
-0.0366  0.866636
-0.0365  0.867015
-0.0364  0.867786
-0.0363  0.868465
-0.0362  0.869029
-0.0361  0.869545
-0.0360  0.870048
-0.0359  0.870523
-0.0358  0.870969
-0.0357  0.871416
-0.0356  0.871860
-0.0355  0.872312
-0.0354  0.872985
-0.0353  0.873773
-0.0352  0.874137
-0.0351  0.874738
-0.0350  0.875510
-0.0349  0.876065
-0.0348  0.876587
-0.0347  0.877036
-0.0346  0.877471
-0.0345  0.877953
-0.0344  0.878403
-0.0343  0.878840
-0.0342  0.879277
-0.0341  0.879712
-0.0340  0.880140
-0.0339  0.880559
-0.0338  0.881204
-0.0337  0.882029
-0.0336  0.882729
-0.0335  0.883412
-0.0334  0.884468
-0.0333  0.885126
-0.0332  0.885634
-0.0331  0.886120
-0.0330  0.886597
-0.0329  0.887060
-0.0328  0.887507
-0.0327  0.887936
-0.0326  0.888355
-0.0325  0.889019
-0.0324  0.889835
-0.0323  0.890496
-0.0322  0.891075
-0.0321  0.891640
-0.0320  0.892166
-0.0319  0.892647
-0.0318  0.893149
-0.0317  0.893726
-0.0316  0.894328
-0.0315  0.895038
-0.0314  0.895887
-0.0313  0.896339
-0.0312  0.897166
-0.0311  0.898004
-0.0310  0.898656
-0.0309  0.899339
-0.0308  0.899931
-0.0307  0.900508
-0.0306  0.901084
-0.0305  0.901637
-0.0304  0.902160
-0.0303  0.902673
-0.0302  0.903184
-0.0301  0.903691
-0.0300  0.904353
-0.0299  0.905449
-0.0298  0.906304
-0.0297  0.907088
-0.0296  0.907859
-0.0295  0.908884
-0.0294  0.909478
-0.0293  0.910009
-0.0292  0.910537
-0.0291  0.911028
-0.0290  0.911509
-0.0289  0.912029
-0.0288  0.912541
-0.0287  0.913622
-0.0286  0.914503
-0.0285  0.915270
-0.0284  0.915958
-0.0283  0.916711
-0.0282  0.917448
-0.0281  0.918166
-0.0280  0.918851
-0.0279  0.919514
-0.0278  0.920182
-0.0277  0.920862
-0.0276  0.921599
-0.0275  0.923034
-0.0274  0.924002
-0.0273  0.924788
-0.0272  0.925548
-0.0271  0.926225
-0.0270  0.926886
-0.0269  0.927541
-0.0268  0.928173
-0.0267  0.928809
-0.0266  0.929483
-0.0265  0.930127
-0.0264  0.930735
-0.0263  0.932056
-0.0262  0.933060
-0.0261  0.933981
-0.0260  0.934846
-0.0259  0.935698
-0.0258  0.936523
-0.0257  0.937342
-0.0256  0.938237
-0.0255  0.939035
-0.0254  0.939757
-0.0253  0.940404
-0.0252  0.941489
-0.0251  0.942784
-0.0250  0.943825
-0.0249  0.944774
-0.0248  0.945654
-0.0247  0.946492
-0.0246  0.947314
-0.0245  0.948114
-0.0244  0.948900
-0.0243  0.949663
-0.0242  0.950424
-0.0241  0.951525
-0.0240  0.953010
-0.0239  0.954160
-0.0238  0.955238
-0.0237  0.956280
-0.0236  0.957348
-0.0235  0.958145
-0.0234  0.958913
-0.0233  0.959750
-0.0232  0.960588
-0.0231  0.961403
-0.0230  0.962635
-0.0229  0.964223
-0.0228  0.965490
-0.0227  0.966617
-0.0226  0.967713
-0.0225  0.968754
-0.0224  0.969726
-0.0223  0.970689
-0.0222  0.971647
-0.0221  0.972587
-0.0220  0.973496
-0.0219  0.975387
-0.0218  0.976967
-0.0217  0.978335
-0.0216  0.979686
-0.0215  0.980793
-0.0214  0.981847
-0.0213  0.982891
-0.0212  0.983880
-0.0211  0.984836
-0.0210  0.985789
-0.0209  0.987642
-0.0208  0.989363
-0.0207  0.990773
-0.0206  0.992031
-0.0205  0.993309
-0.0204  0.994538
-0.0203  0.995703
-0.0202  0.996849
-0.0201  0.997983
-0.0200  0.999155
-0.0199  1.001633
-0.0198  1.003618
-0.0197  1.005387
-0.0196  1.006877
-0.0195  1.008236
-0.0194  1.009539
-0.0193  1.010817
-0.0192  1.012047
-0.0191  1.013241
-0.0190  1.015196
-0.0189  1.017685
-0.0188  1.019534
-0.0187  1.021206
-0.0186  1.022787
-0.0185  1.024291
-0.0184  1.025756
-0.0183  1.027184
-0.0182  1.028641
-0.0181  1.031055
-0.0180  1.033805
-0.0179  1.035974
-0.0178  1.037927
-0.0177  1.039760
-0.0176  1.041425
-0.0175  1.043023
-0.0174  1.044577
-0.0173  1.046151
-0.0172  1.049931
-0.0171  1.052586
-0.0170  1.054838
-0.0169  1.056931
-0.0168  1.058879
-0.0167  1.060800
-0.0166  1.062705
-0.0165  1.064689
-0.0164  1.069048
-0.0163  1.072116
-0.0162  1.074769
-0.0161  1.077218
-0.0160  1.079570
-0.0159  1.081812
-0.0158  1.083935
-0.0157  1.087936
-0.0156  1.092061
-0.0155  1.095211
-0.0154  1.098118
-0.0153  1.100779
-0.0152  1.103267
-0.0151  1.105658
-0.0150  1.110917
-0.0149  1.115617
-0.0148  1.119528
-0.0147  1.122900
-0.0146  1.126131
-0.0145  1.129229
-0.0144  1.134000
-0.0143  1.140788
-0.0142  1.145544
-0.0141  1.149831
-0.0140  1.153721
-0.0139  1.157409
-0.0138  1.165337
-0.0137  1.172355
-0.0136  1.177886
-0.0135  1.182771
-0.0134  1.187221
-0.0133  1.196717
-0.0132  1.206128
-0.0131  1.213264
-0.0130  1.219282
-0.0129  1.225974
-0.0128  1.241854
-0.0127  1.251439
-0.0126  1.259834
-0.0125  1.271947
-0.0124  1.291077
-0.0123  1.303923
-0.0122  1.316825
-0.0121  1.347929
-0.0120  1.363773
-0.0119  1.405928
-0.0118  1.434243
-0.0117  2.220192
-0.0116  2.392152
-0.0115  3.235761
-0.0114  2.351127
-0.0113  2.138486
-0.0112  1.996882
-0.0111  1.915348
-0.0110  1.849057
-0.0109  1.802861
-0.0108  1.758787
-0.0107  1.727137
-0.0106  1.700813
-0.0105  1.672901
-0.0104  1.652578
-0.0103  1.634655
-0.0102  1.615506
-0.0101  1.601126
-0.0100  1.588848
-0.0099  1.574991
-0.0098  1.562063
-0.0097  1.552738
-0.0096  1.543170
-0.0095  1.531603
-0.0094  1.523564
-0.0093  1.516017
-0.0092  1.509374
-0.0091  1.500368
-0.0090  1.494113
-0.0089  1.487983
-0.0088  1.481680
-0.0087  1.475152
-0.0086  1.470093
-0.0085  1.466337
-0.0084  1.460777
-0.0083  1.455155
-0.0082  1.451228
-0.0081  1.446486
-0.0080  1.441931
-0.0079  1.437689
-0.0078  1.435739
-0.0077  1.432038
-0.0076  1.427235
-0.0075  1.422407
-0.0074  1.419233
-0.0073  1.416289
-0.0072  1.413700
-0.0071  1.411288
-0.0070  1.408030
-0.0069  1.404682
-0.0068  1.401274
-0.0067  1.397763
-0.0066  1.395590
-0.0065  1.393678
-0.0064  1.392888
-0.0063  1.389330
-0.0062  1.386359
-0.0061  1.383674
-0.0060  1.381181
-0.0059  1.378155
-0.0058  1.376668
-0.0057  1.376712
-0.0056  1.373937
-0.0055  1.370002
-0.0054  1.367590
-0.0053  1.365736
-0.0052  1.363918
-0.0051  1.363647
-0.0050  1.362574
-0.0049  1.359537
-0.0048  1.356735
-0.0047  1.353995
-0.0046  1.352664
-0.0045  1.352750
-0.0044  1.352164
-0.0043  1.348416
-0.0042  1.345559
-0.0041  1.343528
-0.0040  1.341951
-0.0039  1.343582
-0.0038  1.341065
-0.0037  1.337024
-0.0036  1.334544
-0.0035  1.333957
-0.0034  1.335844
-0.0033  1.333421
-0.0032  1.330003
-0.0031  1.326744
-0.0030  1.329363
-0.0029  1.328273
-0.0028  1.323241
-0.0027  1.321302
-0.0026  1.324966
-0.0025  1.321354
-0.0024  1.315742
-0.0023  1.321374
-0.0022  1.314542
-0.0021  1.313626
-0.0020  1.315639
-0.0019  1.323698
-0.0018  1.326744
-0.0017  1.117366
-0.0016  1.116619
-0.0015  1.115974
-0.0014  1.115322
-0.0013  1.114554
-0.0012  1.113672
-0.0011  1.112291
-0.0010  1.111803
-0.0009  1.111174
-0.0008  1.110310
-0.0007  1.109862
-0.0006  1.109319
-0.0005  1.108115
-0.0004  1.107587
-0.0003  1.107179
-0.0002  1.106692
-0.0001  1.106119
 0.0000  1.105017
 0.0001  1.103703
 0.0002  1.102754
 0.0003  1.102260
 0.0004  1.101671
 0.0005  1.101014
 0.0006  1.100218
 0.0007  1.099442
 0.0008  1.098373
 0.0009  1.098056
 0.0010  1.097647
 0.0011  1.097191
 0.0012  1.096517
 0.0013  1.095639
 0.0014  1.094106
 0.0015  1.093709
 0.0016  1.093241
 0.0017  1.092393
 0.0018  1.091628
 0.0019  1.090656
 0.0020  1.089062
 0.0021  1.088726
 0.0022  1.088786
 0.0023  1.088594
 0.0024  1.088230
 0.0025  1.087530
 0.0026  1.086427
 0.0027  1.085139
 0.0028  1.084816
 0.0029  1.084411
 0.0030  1.083962
 0.0031  1.083270
 0.0032  1.082437
 0.0033  1.080912
 0.0034  1.080458
 0.0035  1.080568
 0.0036  1.080428
 0.0037  1.080055
 0.0038  1.079540
 0.0039  1.078597
 0.0040  1.077448
 0.0041  1.077262
 0.0042  1.076966
 0.0043  1.076604
 0.0044  1.075754
 0.0045  1.074860
 0.0046  1.073290
 0.0047  1.073319
 0.0048  1.073795
 0.0049  1.073868
 0.0050  1.073686
 0.0051  1.073343
 0.0052  1.072714
 0.0053  1.071273
 0.0054  1.071090
 0.0055  1.070862
 0.0056  1.070578
 0.0057  1.070147
 0.0058  1.069634
 0.0059  1.069200
 0.0060  1.069015
 0.0061  1.069515
 0.0062  1.069781
 0.0063  1.069562
 0.0064  1.069406
 0.0065  1.069000
 0.0066  1.068179
 0.0067  1.067544
 0.0068  1.067540
 0.0069  1.067470
 0.0070  1.067501
 0.0071  1.068300
 0.0072  1.068695
 0.0073  1.068148
 0.0074  1.067954
 0.0075  1.068295
 0.0076  1.068544
 0.0077  1.068734
 0.0078  1.068737
 0.0079  1.068580
 0.0080  1.067937
 0.0081  1.068106
 0.0082  1.069795
 0.0083  1.070810
 0.0084  1.071598
 0.0085  1.072143
 0.0086  1.072404
 0.0087  1.072319
 0.0088  1.072021
 0.0089  1.072651
 0.0090  1.073219
 0.0091  1.074822
 0.0092  1.076884
 0.0093  1.078101
 0.0094  1.078891
 0.0095  1.078910
 0.0096  1.080158
 0.0097  1.081294
 0.0098  1.082353
 0.0099  1.083294
 0.0100  1.085754
 0.0101  1.088780
 0.0102  1.090450
 0.0103  1.092059
 0.0104  1.094157
 0.0105  1.096171
 0.0106  1.098088
 0.0107  1.099868
 0.0108  1.103717
 0.0109  1.108455
 0.0110  1.111623
 0.0111  1.115665
 0.0112  1.119552
 0.0113  1.123234
 0.0114  1.126903
 0.0115  1.134217
 0.0116  1.143100
 0.0117  1.150567
 0.0118  1.157883
 0.0119  1.166584
 0.0120  1.176268
 0.0121  1.195780
 0.0122  1.220354
 0.0123  1.250469
 0.0124  1.302545
 0.0125  1.337113
 0.0126  1.270692
 0.0127  1.231751
 0.0128  1.200858
 0.0129  1.187452
 0.0130  1.171175
 0.0131  1.159114
 0.0132  1.146546
 0.0133  1.137809
 0.0134  1.126362
 0.0135  1.119476
 0.0136  1.110072
 0.0137  1.104109
 0.0138  1.099215
 0.0139  1.091481
 0.0140  1.086070
 0.0141  1.080972
 0.0142  1.073401
 0.0143  1.069436
 0.0144  1.065704
 0.0145  1.059274
 0.0146  1.055166
 0.0147  1.051854
 0.0148  1.047522
 0.0149  1.041897
 0.0150  1.037482
 0.0151  1.034726
 0.0152  1.031198
 0.0153  1.026507
 0.0154  1.023297
 0.0155  1.020714
 0.0156  1.017588
 0.0157  1.012342
 0.0158  1.008401
 0.0159  1.005601
 0.0160  1.003172
 0.0161  1.000258
 0.0162  0.996099
 0.0163  0.993366
 0.0164  0.991147
 0.0165  0.988706
 0.0166  0.985661
 0.0167  0.980788
 0.0168  0.977885
 0.0169  0.975973
 0.0170  0.974006
 0.0171  0.971715
 0.0172  0.968975
 0.0173  0.965425
 0.0174  0.962906
 0.0175  0.960729
 0.0176  0.957955
 0.0177  0.956008
 0.0178  0.953733
 0.0179  0.950216
 0.0180  0.947862
 0.0181  0.946125
 0.0182  0.944246
 0.0183  0.942153
 0.0184  0.939726
 0.0185  0.936455
 0.0186  0.933611
 0.0187  0.931800
 0.0188  0.930395
 0.0189  0.928899
 0.0190  0.927146
 0.0191  0.924979
 0.0192  0.922607
 0.0193  0.919248
 0.0194  0.916362
 0.0195  0.915019
 0.0196  0.913644
 0.0197  0.912178
 0.0198  0.910582
 0.0199  0.908853
 0.0200  0.906802
 0.0201  0.903999
 0.0202  0.901824
 0.0203  0.899828
 0.0204  0.898033
 0.0205  0.896690
 0.0206  0.895257
 0.0207  0.893753
 0.0208  0.892031
 0.0209  0.889844
 0.0210  0.887482
 0.0211  0.885973
 0.0212  0.884420
 0.0213  0.882386
 0.0214  0.880871
 0.0215  0.879465
 0.0216  0.878016
 0.0217  0.876455
 0.0218  0.874605
 0.0219  0.872350
 0.0220  0.870818
 0.0221  0.869473
 0.0222  0.867918
 0.0223  0.866123
 0.0224  0.864988
 0.0225  0.863717
 0.0226  0.862201
 0.0227  0.860623
 0.0228  0.858837
 0.0229  0.856662
 0.0230  0.855231
 0.0231  0.853936
 0.0232  0.852422
 0.0233  0.850823
 0.0234  0.849809
 0.0235  0.848733
 0.0236  0.847600
 0.0237  0.846133
 0.0238  0.844494
 0.0239  0.842645
 0.0240  0.840616
 0.0241  0.839401
 0.0242  0.837998
 0.0243  0.836396
 0.0244  0.835438
 0.0245  0.834562
 0.0246  0.833555
 0.0247  0.832500
 0.0248  0.831355
 0.0249  0.829819
 0.0250  0.828108
 0.0251  0.825977
 0.0252  0.824378
 0.0253  0.822668
 0.0254  0.821828
 0.0255  0.820953
 0.0256  0.820070
 0.0257  0.819154
 0.0258  0.818205
 0.0259  0.817188
 0.0260  0.816084
 0.0261  0.814551
 0.0262  0.812850
 0.0263  0.810661
 0.0264  0.808858
 0.0265  0.808070
 0.0266  0.807248
 0.0267  0.806397
 0.0268  0.805534
 0.0269  0.804634
 0.0270  0.803703
 0.0271  0.802720
 0.0272  0.801686
 0.0273  0.800207
 0.0274  0.798296
 0.0275  0.797041
 0.0276  0.795708
 0.0277  0.794253
 0.0278  0.793463
 0.0279  0.792650
 0.0280  0.791806
 0.0281  0.790924
 0.0282  0.789986
 0.0283  0.789066
 0.0284  0.788080
 0.0285  0.786305
 0.0286  0.784956
 0.0287  0.784048
 0.0288  0.783095
 0.0289  0.782051
 0.0290  0.780811
 0.0291  0.779440
 0.0292  0.778635
 0.0293  0.777809
 0.0294  0.776961
 0.0295  0.776062
 0.0296  0.775033
 0.0297  0.773556
 0.0298  0.772460
 0.0299  0.771638
 0.0300  0.770800
 0.0301  0.770008
 0.0302  0.769119
 0.0303  0.768162
 0.0304  0.767129
 0.0305  0.765884
 0.0306  0.764545
 0.0307  0.763677
 0.0308  0.762681
 0.0309  0.761586
 0.0310  0.760470
 0.0311  0.759685
 0.0312  0.758927
 0.0313  0.758150
 0.0314  0.757349
 0.0315  0.756535
 0.0316  0.755678
 0.0317  0.754775
 0.0318  0.753810
 0.0319  0.752771
 0.0320  0.751624
 0.0321  0.750194
 0.0322  0.748956
 0.0323  0.748169
 0.0324  0.747477
 0.0325  0.746747
 0.0326  0.745995
 0.0327  0.745230
 0.0328  0.744447
 0.0329  0.743682
 0.0330  0.742890
 0.0331  0.742071
 0.0332  0.741193
 0.0333  0.740290
 0.0334  0.739331
 0.0335  0.738294
 0.0336  0.737421
 0.0337  0.736451
 0.0338  0.735239
 0.0339  0.734376
 0.0340  0.733583
 0.0341  0.732853
 0.0342  0.732102
 0.0343  0.731336
 0.0344  0.730564
 0.0345  0.729776
 0.0346  0.728967
 0.0347  0.728090
 0.0348  0.727285
 0.0349  0.726550
 0.0350  0.725795
 0.0351  0.725020
 0.0352  0.724212
 0.0353  0.723366
 0.0354  0.722460
 0.0355  0.721430
 0.0356  0.720302
 0.0357  0.719660
 0.0358  0.718950
 0.0359  0.718207
 0.0360  0.717384
 0.0361  0.716729
 0.0362  0.716060
 0.0363  0.715383
 0.0364  0.714689
 0.0365  0.713973
 0.0366  0.713246
 0.0367  0.712484
 0.0368  0.711701
 0.0369  0.710904
 0.0370  0.710095
 0.0371  0.709279
 0.0372  0.708397
 0.0373  0.707444
 0.0374  0.706401
 0.0375  0.705646
 0.0376  0.705006
 0.0377  0.704365
 0.0378  0.703724
 0.0379  0.703067
 0.0380  0.702400
 0.0381  0.701731
 0.0382  0.701049
 0.0383  0.700345
 0.0384  0.699627
 0.0385  0.698886
 0.0386  0.698227
 0.0387  0.697601
 0.0388  0.696938
 0.0389  0.696245
 0.0390  0.695527
 0.0391  0.694782
 0.0392  0.693982
 0.0393  0.693058
 0.0394  0.692166
 0.0395  0.691534
 0.0396  0.690890
 0.0397  0.690223
 0.0398  0.689450
 0.0399  0.688795
 0.0400  0.688198
