-0.0400  1.628223
-0.0399  1.627092
-0.0398  1.625580
-0.0397  1.622949
-0.0396  1.620787
-0.0395  1.618920
-0.0394  1.617113
-0.0393  1.616419
-0.0392  1.614377
-0.0391  1.614739
-0.0390  1.622138
-0.0389  1.630720
-0.0388  1.620974
-0.0387  1.613749
-0.0386  1.601104
-0.0385  1.565705
-0.0384  1.561868
-0.0383  1.562314
-0.0382  1.563884
-0.0381  1.564714
-0.0380  1.565358
-0.0379  1.565832
-0.0378  1.566433
-0.0377  1.567234
-0.0376  1.567789
-0.0375  1.568319
-0.0374  1.569700
-0.0373  1.571006
-0.0372  1.572099
-0.0371  1.572695
-0.0370  1.573502
-0.0369  1.574048
-0.0368  1.575496
-0.0367  1.577473
-0.0366  1.579202
-0.0365  1.580743
-0.0364  1.581492
-0.0363  1.582576
-0.0362  1.583540
-0.0361  1.584171
-0.0360  1.584777
-0.0359  1.584735
-0.0358  1.586303
-0.0357  1.588614
-0.0356  1.589813
-0.0355  1.590778
-0.0354  1.591752
-0.0353  1.593096
-0.0352  1.595611
-0.0351  1.597259
-0.0350  1.600166
-0.0349  1.603105
-0.0348  1.606437
-0.0347  1.608587
-0.0346  1.609768
-0.0345  1.610816
-0.0344  1.611718
-0.0343  1.618091
-0.0342  1.620827
-0.0341  1.623268
-0.0340  1.627113
-0.0339  1.636092
-0.0338  1.641736
-0.0337  1.659127
-0.0336  1.666825
-0.0335  1.673829
-0.0334  1.752621
-0.0333  1.738202
-0.0332  1.674933
-0.0331  1.663257
-0.0330  1.647577
-0.0329  1.631621
-0.0328  1.623816
-0.0327  1.621032
-0.0326  1.618296
-0.0325  1.614305
-0.0324  1.608661
-0.0323  1.603009
-0.0322  1.599839
-0.0321  1.597156
-0.0320  1.595154
-0.0319  1.591069
-0.0318  1.585382
-0.0317  1.581186
-0.0316  1.577995
-0.0315  1.575729
-0.0314  1.573588
-0.0313  1.571762
-0.0312  1.569536
-0.0311  1.565304
-0.0310  1.563037
-0.0309  1.561506
-0.0308  1.559947
-0.0307  1.557736
-0.0306  1.555028
-0.0305  1.551007
-0.0304  1.547172
-0.0303  1.545640
-0.0302  1.543960
-0.0301  1.542420
-0.0300  1.540765
-0.0299  1.538247
-0.0298  1.535113
-0.0297  1.532064
-0.0296  1.530340
-0.0295  1.528383
-0.0294  1.526290
-0.0293  1.524446
-0.0292  1.522474
-0.0291  1.520199
-0.0290  1.518629
-0.0289  1.516295
-0.0288  1.514703
-0.0287  1.513099
-0.0286  1.511440
-0.0285  1.509700
-0.0284  1.504977
-0.0283  1.502647
-0.0282  1.502119
-0.0281  1.501517
-0.0280  1.499752
-0.0279  1.497627
-0.0278  1.494640
-0.0277  1.491739
-0.0276  1.490136
-0.0275  1.488484
-0.0274  1.486824
-0.0273  1.485034
-0.0272  1.487925
-0.0271  1.519944
-0.0270  1.550230
-0.0269  1.531064
-0.0268  1.525650
-0.0267  1.527041
-0.0266  1.529234
-0.0265  1.531072
-0.0264  1.530731
-0.0263  1.532344
-0.0262  1.534118
-0.0261  1.531499
-0.0260  1.529603
-0.0259  1.527117
-0.0258  1.523848
-0.0257  1.521113
-0.0256  1.521848
-0.0255  1.522409
-0.0254  1.523003
-0.0253  1.523789
-0.0252  1.522596
-0.0251  1.520809
-0.0250  1.520390
-0.0249  1.520922
-0.0248  1.521404
-0.0247  1.520591
-0.0246  1.520637
-0.0245  1.520092
-0.0244  1.518758
-0.0243  1.516716
-0.0242  1.517299
-0.0241  1.516305
-0.0240  1.514999
-0.0239  1.512680
-0.0238  1.512466
-0.0237  1.509679
-0.0236  1.510200
-0.0235  1.512628
-0.0234  1.512082
-0.0233  1.511540
-0.0232  1.511355
-0.0231  1.509275
-0.0230  1.507539
-0.0229  1.507636
-0.0228  1.507008
-0.0227  1.510417
-0.0226  1.509905
-0.0225  1.507539
-0.0224  1.504940
-0.0223  1.502854
-0.0222  1.502904
-0.0221  1.502870
-0.0220  1.502653
-0.0219  1.503562
-0.0218  1.502615
-0.0217  1.499897
-0.0216  1.500385
-0.0215  1.499800
-0.0214  1.499134
-0.0213  1.498301
-0.0212  1.497395
-0.0211  1.496350
-0.0210  1.496752
-0.0209  1.497621
-0.0208  1.497329
-0.0207  1.496318
-0.0206  1.496879
-0.0205  1.493513
-0.0204  1.491562
-0.0203  1.491805
-0.0202  1.491514
-0.0201  1.491821
-0.0200  1.492809
-0.0199  1.491876
-0.0198  1.489818
-0.0197  1.488817
-0.0196  1.489969
-0.0195  1.489867
-0.0194  1.488288
-0.0193  1.488043
-0.0192  1.486969
-0.0191  1.485915
-0.0190  1.485406
-0.0189  1.484811
-0.0188  1.486386
-0.0187  1.485747
-0.0186  1.483924
-0.0185  1.484075
-0.0184  1.483475
-0.0183  1.483437
-0.0182  1.481195
-0.0181  1.479026
-0.0180  1.478072
-0.0179  1.476587
-0.0178  1.476308
-0.0177  1.477520
-0.0176  1.478794
-0.0175  1.479871
-0.0174  1.478827
-0.0173  1.476805
-0.0172  1.474019
-0.0171  1.474663
-0.0170  1.475038
-0.0169  1.474676
-0.0168  1.474133
-0.0167  1.473674
-0.0166  1.472071
-0.0165  1.471781
-0.0164  1.472352
-0.0163  1.472198
-0.0162  1.472777
-0.0161  1.471134
-0.0160  1.467382
-0.0159  1.467062
-0.0158  1.466638
-0.0157  1.466597
-0.0156  1.466130
-0.0155  1.465119
-0.0154  1.463951
-0.0153  1.464624
-0.0152  1.466413
-0.0151  1.465553
-0.0150  1.463541
-0.0149  1.462714
-0.0148  1.461694
-0.0147  1.461372
-0.0146  1.461620
-0.0145  1.461731
-0.0144  1.461960
-0.0143  1.461396
-0.0142  1.459854
-0.0141  1.460769
-0.0140  1.461856
-0.0139  1.459987
-0.0138  1.457154
-0.0137  1.455288
-0.0136  1.451641
-0.0135  1.452596
-0.0134  1.455280
-0.0133  1.456100
-0.0132  1.456047
-0.0131  1.455441
-0.0130  1.454480
-0.0129  1.453719
-0.0128  1.451214
-0.0127  1.451891
-0.0126  1.450851
-0.0125  1.449190
-0.0124  1.448024
-0.0123  1.448374
-0.0122  1.448922
-0.0121  1.449535
-0.0120  1.449401
-0.0119  1.448823
-0.0118  1.449780
-0.0117  1.448691
-0.0116  1.447481
-0.0115  1.445704
-0.0114  1.443897
-0.0113  1.440057
-0.0112  1.441229
-0.0111  1.442731
-0.0110  1.444262
-0.0109  1.445367
-0.0108  1.441377
-0.0107  1.439490
-0.0106  1.439877
-0.0105  1.440944
-0.0104  1.440695
-0.0103  1.440296
-0.0102  1.438408
-0.0101  1.436950
-0.0100  1.437455
-0.0099  1.437860
-0.0098  1.437099
-0.0097  1.436132
-0.0096  1.434261
-0.0095  1.436347
-0.0094  1.435457
-0.0093  1.435175
-0.0092  1.435242
-0.0091  1.432424
-0.0090  1.434258
-0.0089  1.434181
-0.0088  1.432650
-0.0087  1.432042
-0.0086  1.428890
-0.0085  1.426155
-0.0084  1.427700
-0.0083  1.428748
-0.0082  1.427747
-0.0081  1.428308
-0.0080  1.426929
-0.0079  1.426887
-0.0078  1.427802
-0.0077  1.428957
-0.0076  1.428284
-0.0075  1.426932
-0.0074  1.430039
-0.0073  1.426171
-0.0072  1.426223
-0.0071  1.423981
-0.0070  1.421714
-0.0069  1.417894
-0.0068  1.415813
-0.0067  1.420211
-0.0066  1.395689
-0.0065  1.390236
-0.0064  1.391526
-0.0063  1.392748
-0.0062  1.392286
-0.0061  1.391254
-0.0060  1.390676
-0.0059  1.392771
-0.0058  1.396007
-0.0057  1.397481
-0.0056  1.395911
-0.0055  1.393216
-0.0054  1.391708
-0.0053  1.392554
-0.0052  1.395130
-0.0051  1.397276
-0.0050  1.395577
-0.0049  1.394671
-0.0048  1.394795
-0.0047  1.394961
-0.0046  1.395003
-0.0045  1.393791
-0.0044  1.393846
-0.0043  1.394111
-0.0042  1.395352
-0.0041  1.396038
-0.0040  1.399035
-0.0039  1.399648
-0.0038  1.399185
-0.0037  1.398252
-0.0036  1.396955
-0.0035  1.399126
-0.0034  1.399889
-0.0033  1.396631
-0.0032  1.393471
-0.0031  1.395124
-0.0030  1.398827
-0.0029  1.401456
-0.0028  1.401415
-0.0027  1.405861
-0.0026  1.406294
-0.0025  1.404502
-0.0024  1.403009
-0.0023  1.402349
-0.0022  1.400133
-0.0021  1.399165
-0.0020  1.402067
-0.0019  1.401247
-0.0018  1.401528
-0.0017  1.410174
-0.0016  1.414247
-0.0015  1.407737
-0.0014  1.410571
-0.0013  1.404105
-0.0012  1.410634
-0.0011  1.407520
-0.0010  1.430658
-0.0009  1.349760
-0.0008  1.279062
-0.0007  1.280327
-0.0006  1.283689
-0.0005  1.287377
-0.0004  1.291044
-0.0003  1.296882
-0.0002  1.301641
-0.0001  1.306383
 0.0000  1.327499
 0.0001  1.355238
 0.0002  1.339581
 0.0003  1.309906
 0.0004  1.308961
 0.0005  1.306099
 0.0006  1.303170
 0.0007  1.299934
 0.0008  1.297473
 0.0009  1.296981
 0.0010  1.297387
 0.0011  1.297487
 0.0012  1.295533
 0.0013  1.294594
 0.0014  1.293698
 0.0015  1.291926
 0.0016  1.289819
 0.0017  1.289685
 0.0018  1.291325
 0.0019  1.292740
 0.0020  1.293477
 0.0021  1.292007
 0.0022  1.291578
 0.0023  1.290875
 0.0024  1.292685
 0.0025  1.293866
 0.0026  1.294195
 0.0027  1.294885
 0.0028  1.295150
 0.0029  1.295228
 0.0030  1.294956
 0.0031  1.294436
 0.0032  1.294862
 0.0033  1.295318
 0.0034  1.295766
 0.0035  1.296232
 0.0036  1.296685
 0.0037  1.298659
 0.0038  1.299207
 0.0039  1.298228
 0.0040  1.297746
 0.0041  1.297366
 0.0042  1.297361
 0.0043  1.298564
 0.0044  1.300664
 0.0045  1.302779
 0.0046  1.304580
 0.0047  1.305542
 0.0048  1.306966
 0.0049  1.308284
 0.0050  1.310029
 0.0051  1.306910
 0.0052  1.307401
 0.0053  1.307857
 0.0054  1.308471
 0.0055  1.311691
 0.0056  1.319025
 0.0057  1.328781
 0.0058  1.335461
 0.0059  1.336120
 0.0060  1.339073
 0.0061  1.341955
 0.0062  1.345744
 0.0063  1.367244
 0.0064  1.350844
 0.0065  1.348299
 0.0066  1.348264
 0.0067  1.349054
 0.0068  1.352748
 0.0069  1.359491
 0.0070  1.366489
 0.0071  1.361568
 0.0072  1.363220
 0.0073  1.364200
 0.0074  1.365438
 0.0075  1.370230
 0.0076  1.373079
 0.0077  1.375181
 0.0078  1.376562
 0.0079  1.388547
 0.0080  1.383700
 0.0081  1.382073
 0.0082  1.384822
 0.0083  1.387396
 0.0084  1.390030
 0.0085  1.392867
 0.0086  1.395745
 0.0087  1.400662
 0.0088  1.405670
 0.0089  1.409711
 0.0090  1.415155
 0.0091  1.420945
 0.0092  1.414731
 0.0093  1.421166
 0.0094  1.427017
 0.0095  1.432485
 0.0096  1.437453
 0.0097  1.439957
 0.0098  1.451240
 0.0099  1.460785
 0.0100  1.463347
 0.0101  1.467059
 0.0102  1.474726
 0.0103  1.485633
 0.0104  1.498354
 0.0105  1.511066
 0.0106  1.526572
 0.0107  1.546676
 0.0108  1.592253
 0.0109  1.691196
 0.0110  1.660101
 0.0111  1.613521
 0.0112  1.562918
 0.0113  1.521130
 0.0114  1.523165
 0.0115  1.486628
 0.0116  1.483555
 0.0117  1.473936
 0.0118  1.464483
 0.0119  1.455894
 0.0120  1.456428
 0.0121  1.448847
 0.0122  1.433913
 0.0123  1.431127
 0.0124  1.425958
 0.0125  1.410065
 0.0126  1.409829
 0.0127  1.409710
 0.0128  1.396285
 0.0129  1.394051
 0.0130  1.388801
 0.0131  1.386595
 0.0132  1.383748
 0.0133  1.381032
 0.0134  1.370053
 0.0135  1.370686
 0.0136  1.365124
 0.0137  1.359259
 0.0138  1.362444
 0.0139  1.358677
 0.0140  1.354569
 0.0141  1.360949
 0.0142  1.359348
 0.0143  1.343506
 0.0144  1.339912
 0.0145  1.339529
 0.0146  1.332871
 0.0147  1.330460
 0.0148  1.326581
 0.0149  1.324255
 0.0150  1.322865
 0.0151  1.319194
 0.0152  1.317244
 0.0153  1.320171
 0.0154  1.321098
 0.0155  1.308493
 0.0156  1.302942
 0.0157  1.307341
 0.0158  1.301787
 0.0159  1.295501
 0.0160  1.299631
 0.0161  1.307890
 0.0162  1.299560
 0.0163  1.297360
 0.0164  1.295168
 0.0165  1.284892
 0.0166  1.282927
 0.0167  1.279548
 0.0168  1.277427
 0.0169  1.272057
 0.0170  1.299433
 0.0171  1.304497
 0.0172  1.314998
 0.0173  1.321568
 0.0174  1.321836
 0.0175  1.322534
 0.0176  1.313244
 0.0177  1.307961
 0.0178  1.313607
 0.0179  1.323537
 0.0180  1.321070
 0.0181  1.320687
 0.0182  1.324132
 0.0183  1.319779
 0.0184  1.318994
 0.0185  1.316290
 0.0186  1.310063
 0.0187  1.304953
 0.0188  1.306132
 0.0189  1.306892
 0.0190  1.305045
 0.0191  1.303341
 0.0192  1.307742
 0.0193  1.310539
 0.0194  1.308684
 0.0195  1.315806
 0.0196  1.306414
 0.0197  1.304992
 0.0198  1.319615
 0.0199  1.315751
 0.0200  1.309021
 0.0201  1.311642
 0.0202  1.304251
 0.0203  1.313985
 0.0204  1.311689
 0.0205  1.305754
 0.0206  1.301566
 0.0207  1.297953
 0.0208  1.296629
 0.0209  1.297263
 0.0210  1.299074
 0.0211  1.299062
 0.0212  1.301509
 0.0213  1.310652
 0.0214  1.314651
 0.0215  1.312067
 0.0216  1.305863
 0.0217  1.296768
 0.0218  1.311275
 0.0219  1.294574
 0.0220  1.298173
 0.0221  1.286530
 0.0222  1.291217
 0.0223  1.295818
 0.0224  1.297195
 0.0225  1.296549
 0.0226  1.294171
 0.0227  1.308064
 0.0228  1.305798
 0.0229  1.301103
 0.0230  1.296171
 0.0231  1.285952
 0.0232  1.284321
 0.0233  1.301607
 0.0234  1.295813
 0.0235  1.321143
 0.0236  1.270209
 0.0237  1.159356
 0.0238  1.072663
 0.0239  1.075489
 0.0240  1.078493
 0.0241  1.081728
 0.0242  1.095559
 0.0243  1.095480
 0.0244  1.096375
 0.0245  1.097743
 0.0246  1.103192
 0.0247  1.112594
 0.0248  1.119051
 0.0249  1.124860
 0.0250  1.124649
 0.0251  1.131554
 0.0252  1.139046
 0.0253  1.146434
 0.0254  1.150109
 0.0255  1.155067
 0.0256  1.162319
 0.0257  1.169494
 0.0258  1.177124
 0.0259  1.190088
 0.0260  1.194347
 0.0261  1.203673
 0.0262  1.214192
 0.0263  1.227225
 0.0264  1.246232
 0.0265  1.259929
 0.0266  1.270944
 0.0267  1.284475
 0.0268  1.299222
 0.0269  1.318485
 0.0270  1.343348
 0.0271  1.373373
 0.0272  1.451473
 0.0273  1.775549
 0.0274  1.516541
 0.0275  1.454291
 0.0276  1.418543
 0.0277  1.384249
 0.0278  1.372599
 0.0279  1.397013
 0.0280  1.413157
 0.0281  1.365871
 0.0282  1.349752
 0.0283  1.306247
 0.0284  1.274860
 0.0285  1.269266
 0.0286  1.294365
 0.0287  1.368989
 0.0288  1.275705
 0.0289  1.218596
 0.0290  1.185374
 0.0291  1.166715
 0.0292  1.093500
 0.0293  1.007475
 0.0294  0.950812
 0.0295  0.937298
 0.0296  0.926384
 0.0297  0.913621
 0.0298  0.907296
 0.0299  0.912995
 0.0300  0.900443
 0.0301  0.875001
 0.0302  0.864448
 0.0303  0.866538
 0.0304  0.867394
 0.0305  0.870784
 0.0306  0.867878
 0.0307  0.870591
 0.0308  0.872950
 0.0309  0.875015
 0.0310  0.877047
 0.0311  0.876240
 0.0312  0.879214
 0.0313  0.881196
 0.0314  0.882407
 0.0315  0.885681
 0.0316  0.887044
 0.0317  0.887747
 0.0318  0.888271
 0.0319  0.895956
 0.0320  0.895079
 0.0321  0.893985
 0.0322  0.894744
 0.0323  0.901013
 0.0324  0.902191
 0.0325  0.899966
 0.0326  0.901200
 0.0327  0.905304
 0.0328  0.909406
 0.0329  0.906624
 0.0330  0.910425
 0.0331  0.913795
 0.0332  0.915916
 0.0333  0.914360
 0.0334  0.917131
 0.0335  0.919653
 0.0336  0.922001
 0.0337  0.923310
 0.0338  0.925578
 0.0339  0.927032
 0.0340  0.927930
 0.0341  0.934513
 0.0342  0.933991
 0.0343  0.933908
 0.0344  0.939657
 0.0345  0.942867
 0.0346  0.941574
 0.0347  0.943072
 0.0348  0.949521
 0.0349  0.950262
 0.0350  0.949461
 0.0351  0.954379
 0.0352  0.959066
 0.0353  0.956258
 0.0354  0.960494
 0.0355  0.964659
 0.0356  0.968778
 0.0357  0.968324
 0.0358  0.970890
 0.0359  0.973968
 0.0360  0.976115
 0.0361  0.977803
 0.0362  0.979711
 0.0363  0.980713
 0.0364  0.988006
 0.0365  0.987097
 0.0366  0.986439
 0.0367  0.997086
 0.0368  0.995169
 0.0369  0.995962
 0.0370  1.005415
 0.0371  1.004744
 0.0372  1.006601
 0.0373  1.013448
 0.0374  1.017280
 0.0375  1.017835
 0.0376  1.023984
 0.0377  1.029168
 0.0378  1.029923
 0.0379  1.035291
 0.0380  1.040226
 0.0381  1.044199
 0.0382  1.048119
 0.0383  1.052356
 0.0384  1.058694
 0.0385  1.056771
 0.0386  1.071131
 0.0387  1.066674
 0.0388  1.072011
 0.0389  1.083995
 0.0390  1.080295
 0.0391  1.113075
 0.0392  1.120765
 0.0393  1.138779
 0.0394  1.166261
 0.0395  1.272028
 0.0396  1.118908
 0.0397  1.103424
 0.0398  1.089949
 0.0399  1.078870
 0.0400  1.071799
