-0.400  0.000000
-0.399  0.000000
-0.398  0.000000
-0.397  0.000000
-0.396  0.000000
-0.395  0.000000
-0.394  0.000000
-0.393  0.000000
-0.392  0.000000
-0.391  0.000000
-0.390  0.000000
-0.389  0.000000
-0.388  0.000000
-0.387  0.000000
-0.386  0.000000
-0.385  0.000000
-0.384  0.000000
-0.383  0.000000
-0.382  0.000000
-0.381  0.000000
-0.380  0.000000
-0.379  0.000000
-0.378  0.000000
-0.377  0.000000
-0.376  0.000000
-0.375  0.000000
-0.374  0.000000
-0.373  0.000000
-0.372  0.000000
-0.371  0.000000
-0.370  0.000000
-0.369  0.000000
-0.368  0.000000
-0.367  0.000000
-0.366  0.000000
-0.365  0.000000
-0.364  0.000000
-0.363  0.000000
-0.362  0.000000
-0.361  0.000000
-0.360  0.000000
-0.359  0.000000
-0.358  0.000000
-0.357  0.000000
-0.356  0.000000
-0.355  0.000000
-0.354  0.000000
-0.353  0.000000
-0.352  0.000000
-0.351  0.000000
-0.350  0.000000
-0.349  0.000000
-0.348  0.000000
-0.347  0.000000
-0.346  0.000000
-0.345  0.000000
-0.344  0.000000
-0.343  0.000000
-0.342  0.000000
-0.341  0.000000
-0.340  0.000000
-0.339  0.000000
-0.338  0.000000
-0.337  0.000000
-0.336  0.000000
-0.335  0.000000
-0.334  0.000000
-0.333  0.000000
-0.332  0.000000
-0.331  0.000000
-0.330  0.000000
-0.329  0.000000
-0.328  0.000000
-0.327  0.000000
-0.326  0.000000
-0.325  0.000000
-0.324  0.000000
-0.323  0.000000
-0.322  0.000000
-0.321  0.000000
-0.320  0.000000
-0.319  0.000000
-0.318  0.000000
-0.317  0.000000
-0.316  0.000000
-0.315  0.000000
-0.314  0.000000
-0.313  0.000000
-0.312  0.000000
-0.311  0.000000
-0.310  0.000000
-0.309  0.000000
-0.308  0.000000
-0.307  0.000000
-0.306  0.000000
-0.305  0.000000
-0.304  0.000000
-0.303  0.000000
-0.302  0.000000
-0.301  0.000000
-0.300  0.000000
-0.299  0.000000
-0.298  0.000000
-0.297  0.000000
-0.296  0.000000
-0.295  0.000000
-0.294  0.000000
-0.293  0.000000
-0.292  0.000000
-0.291  0.000000
-0.290  0.000000
-0.289  0.000000
-0.288  0.000000
-0.287  0.000000
-0.286  0.000000
-0.285  0.000000
-0.284  0.000000
-0.283  0.000000
-0.282  0.000000
-0.281  0.000000
-0.280  0.000000
-0.279  0.000000
-0.278  0.000000
-0.277  0.000000
-0.276  0.000000
-0.275  0.000000
-0.274  0.000000
-0.273  0.000000
-0.272  0.000000
-0.271  0.000000
-0.270  0.000000
-0.269  0.000000
-0.268  0.000000
-0.267  0.000000
-0.266  0.000000
-0.265  0.000000
-0.264  0.000000
-0.263  0.000000
-0.262  0.000000
-0.261  0.000000
-0.260  0.000000
-0.259  0.000000
-0.258  0.000000
-0.257  0.000000
-0.256  1.388467
-0.255  1.014696
-0.254  0.699414
-0.253  1.227223
-0.252  1.243908
-0.251  1.253582
-0.250  1.261370
-0.249  1.272692
-0.248  1.269224
-0.247  1.319897
-0.246  1.327043
-0.245  1.205862
-0.244  1.150450
-0.243  1.117944
-0.242  1.230149
-0.241  1.309200
-0.240  1.315903
-0.239  1.319589
-0.238  1.328904
-0.237  1.335187
-0.236  1.341191
-0.235  1.351444
-0.234  1.355805
-0.233  1.369148
-0.232  1.374231
-0.231  1.385065
-0.230  1.394706
-0.229  1.401454
-0.228  1.411881
-0.227  1.421671
-0.226  1.430764
-0.225  1.440327
-0.224  1.451374
-0.223  1.459822
-0.222  1.471021
-0.221  1.482718
-0.220  1.493886
-0.219  1.506838
-0.218  1.516021
-0.217  1.528514
-0.216  1.539460
-0.215  1.550589
-0.214  1.562407
-0.213  1.573984
-0.212  1.588970
-0.211  1.602574
-0.210  1.615773
-0.209  1.628229
-0.208  1.643184
-0.207  1.659654
-0.206  1.672743
-0.205  1.688214
-0.204  1.705863
-0.203  1.722128
-0.202  1.738197
-0.201  1.756842
-0.200  1.773717
-0.199  1.792747
-0.198  1.813549
-0.197  1.831913
-0.196  1.853399
-0.195  1.874964
-0.194  1.896510
-0.193  1.921190
-0.192  1.943345
-0.191  1.968658
-0.190  1.994807
-0.189  2.020430
-0.188  2.051124
-0.187  2.079689
-0.186  2.111908
-0.185  2.144915
-0.184  2.180040
-0.183  2.217434
-0.182  2.256130
-0.181  2.299562
-0.180  2.341663
-0.179  2.392196
-0.178  2.441162
-0.177  2.498072
-0.176  2.557235
-0.175  2.624605
-0.174  2.695860
-0.173  2.778432
-0.172  2.869090
-0.171  2.973702
-0.170  3.098343
-0.169  3.246506
-0.168  3.432854
-0.167  3.677082
-0.166  4.051211
-0.165  4.820862
-0.164  4.914188
-0.163  4.128238
-0.162  3.778903
-0.161  3.553049
-0.160  3.385408
-0.159  3.248476
-0.158  3.141484
-0.157  3.047292
-0.156  2.968991
-0.155  2.903476
-0.154  2.835833
-0.153  2.782470
-0.152  2.729258
-0.151  2.685106
-0.150  2.640244
-0.149  2.601156
-0.148  2.563677
-0.147  2.529122
-0.146  2.496298
-0.145  2.469132
-0.144  2.438483
-0.143  2.412740
-0.142  2.391172
-0.141  2.365296
-0.140  2.343208
-0.139  2.319359
-0.138  2.300102
-0.137  2.281193
-0.136  2.263304
-0.135  2.245688
-0.134  2.228384
-0.133  2.212627
-0.132  2.197351
-0.131  2.181311
-0.130  2.166621
-0.129  2.152591
-0.128  2.143116
-0.127  2.128842
-0.126  2.118341
-0.125  2.107613
-0.124  2.096707
-0.123  2.085293
-0.122  2.075875
-0.121  2.066987
-0.120  2.058186
-0.119  2.047569
-0.118  2.038038
-0.117  2.033402
-0.116  2.024015
-0.115  2.014931
-0.114  2.009403
-0.113  2.005283
-0.112  1.996229
-0.111  1.990630
-0.110  2.075211
-0.109  1.984872
-0.108  1.974455
-0.107  1.970178
-0.106  1.971921
-0.105  1.962034
-0.104  1.956870
-0.103  1.955178
-0.102  1.955205
-0.101  1.948764
-0.100  1.947308
-0.099  1.950023
-0.098  1.943809
-0.097  1.949489
-0.096  1.943080
-0.095  1.944454
-0.094  1.943031
-0.093  1.948773
-0.092  1.943939
-0.091  1.947352
-0.090  1.951112
-0.089  1.951423
-0.088  1.958324
-0.087  1.892864
-0.086  1.914744
-0.085  1.942834
-0.084  1.991466
-0.083  2.036692
-0.082  2.012009
-0.081  2.018647
-0.080  2.034249
-0.079  2.051989
-0.078  2.070339
-0.077  2.096295
-0.076  2.139545
-0.075  2.199878
-0.074  2.290530
-0.073  2.543342
-0.072  2.364969
-0.071  2.200876
-0.070  2.128217
-0.069  2.075550
-0.068  2.033506
-0.067  1.997967
-0.066  1.970627
-0.065  1.943711
-0.064  1.920537
-0.063  1.905224
-0.062  1.880661
-0.061  1.875720
-0.060  1.845445
-0.059  1.831401
-0.058  1.814698
-0.057  1.800675
-0.056  1.786944
-0.055  1.775486
-0.054  1.761382
-0.053  1.749695
-0.052  1.744279
-0.051  1.727900
-0.050  1.716960
-0.049  1.705251
-0.048  1.696779
-0.047  1.687067
-0.046  1.679162
-0.045  1.668200
-0.044  1.662317
-0.043  1.651975
-0.042  1.645158
-0.041  1.637123
-0.040  1.622667
-0.039  1.559698
-0.038  1.568131
-0.037  1.578414
-0.036  1.587679
-0.035  1.604330
-0.034  1.633101
-0.033  1.677420
-0.032  1.604306
-0.031  1.571446
-0.030  1.546117
-0.029  1.522903
-0.028  1.501123
-0.027  1.483667
-0.026  1.530814
-0.025  1.522596
-0.024  1.515387
-0.023  1.514233
-0.022  1.503727
-0.021  1.500423
-0.020  1.491612
-0.019  1.485334
-0.018  1.478697
-0.017  1.475119
-0.016  1.470300
-0.015  1.472954
-0.014  1.457401
-0.013  1.455093
-0.012  1.450388
-0.011  1.442103
-0.010  1.444361
-0.009  1.432972
-0.008  1.427559
-0.007  1.421836
-0.006  1.395594
-0.005  1.398598
-0.004  1.400692
-0.003  1.403035
-0.002  1.405000
-0.001  1.287341
 0.000  1.302810
 0.001  1.294372
 0.002  1.293712
 0.003  1.298833
 0.004  1.304058
 0.005  1.314132
 0.006  1.323171
 0.007  1.370053
 0.008  1.399024
 0.009  1.432382
 0.010  1.500503
 0.011  1.594791
 0.012  1.466325
 0.013  1.405391
 0.014  1.375000
 0.015  1.333771
 0.016  1.312423
 0.017  1.280597
 0.018  1.257145
 0.019  1.311756
 0.020  1.309818
 0.021  1.313367
 0.022  1.299911
 0.023  1.296735
 0.024  1.125243
 0.025  1.194794
 0.026  1.382047
 0.027  1.357023
 0.028  1.217741
 0.029  0.852677
 0.030  0.851410
 0.031  0.867438
 0.032  0.885638
 0.033  0.904521
 0.034  0.922871
 0.035  0.944706
 0.036  0.968924
 0.037  1.002331
 0.038  1.046964
 0.039  1.115361
 0.040  1.073019
 0.041  1.027267
 0.042  0.989333
 0.043  0.968499
 0.044  1.248957
 0.045  1.317027
 0.046  1.442072
 0.047  1.581421
 0.048  1.421080
 0.049  1.351195
 0.050  1.310016
 0.051  1.288237
 0.052  1.272578
 0.053  1.249322
 0.054  1.241518
 0.055  1.227331
 0.056  1.217434
 0.057  1.209066
 0.058  1.197458
 0.059  1.195957
 0.060  1.191422
 0.061  1.180768
 0.062  1.175941
 0.063  1.167975
 0.064  1.164697
 0.065  1.160364
 0.066  1.158360
 0.067  1.149999
 0.068  1.154157
 0.069  1.138803
 0.070  1.136992
 0.071  1.134451
 0.072  1.129196
 0.073  1.160170
 0.074  1.136602
 0.075  1.128653
 0.076  1.110028
 0.077  1.101688
 0.078  1.093751
 0.079  1.078778
 0.080  1.077618
 0.081  1.096393
 0.082  1.087692
 0.083  1.083865
 0.084  1.085813
 0.085  1.081989
 0.086  1.076469
 0.087  1.064498
 0.088  1.064381
 0.089  1.058875
 0.090  1.090259
 0.091  0.919591
 0.092  0.939802
 0.093  0.973535
 0.094  0.998491
 0.095  1.046718
 0.096  1.202415
 0.097  1.087372
 0.098  1.067874
 0.099  1.055154
 0.100  1.045799
 0.101  1.042435
 0.102  1.035100
 0.103  1.032337
 0.104  1.025058
 0.105  1.022485
 0.106  1.021373
 0.107  1.013419
 0.108  1.012904
 0.109  1.008008
 0.110  1.005418
 0.111  1.001320
 0.112  0.997937
 0.113  0.996714
 0.114  0.991263
 0.115  0.990556
 0.116  0.985520
 0.117  0.983133
 0.118  0.980518
 0.119  0.975568
 0.120  0.975182
 0.121  0.969635
 0.122  0.967558
 0.123  0.963527
 0.124  0.962979
 0.125  0.961159
 0.126  0.955405
 0.127  0.953553
 0.128  0.949415
 0.129  0.948777
 0.130  0.943881
 0.131  0.941578
 0.132  0.939247
 0.133  0.936306
 0.134  0.924679
 0.135  0.924064
 0.136  0.927080
 0.137  0.928081
 0.138  0.935090
 0.139  0.954668
 0.140  0.932127
 0.141  0.919646
 0.142  0.915954
 0.143  0.903936
 0.144  0.899696
 0.145  0.890058
 0.146  0.882906
 0.147  0.902516
 0.148  0.899117
 0.149  0.893517
 0.150  0.891121
 0.151  0.887737
 0.152  0.889042
 0.153  0.883903
 0.154  0.885201
 0.155  0.878967
 0.156  0.874773
 0.157  0.873944
 0.158  0.873437
 0.159  0.869714
 0.160  0.869960
 0.161  0.862819
 0.162  0.861187
 0.163  0.859543
 0.164  0.859439
 0.165  0.855493
 0.166  0.857552
 0.167  0.848055
 0.168  0.848306
 0.169  0.845686
 0.170  0.847476
 0.171  0.840933
 0.172  0.846718
 0.173  0.834660
 0.174  0.838404
 0.175  0.831639
 0.176  0.826134
 0.177  0.826635
 0.178  0.824707
 0.179  0.823602
 0.180  0.821053
 0.181  0.824444
 0.182  0.816379
 0.183  0.824128
 0.184  0.808500
 0.185  0.811159
 0.186  0.805043
 0.187  0.800142
 0.188  0.805810
 0.189  0.797050
 0.190  0.798398
 0.191  0.801777
 0.192  0.789063
 0.193  0.793449
 0.194  0.787400
 0.195  0.783332
 0.196  0.790339
 0.197  0.778414
 0.198  0.788769
 0.199  0.785083
 0.200  0.777142
 0.201  0.776971
 0.202  0.776791
 0.203  0.763378
 0.204  0.768086
 0.205  0.779898
 0.206  0.767548
 0.207  0.776254
 0.208  0.747587
 0.209  0.763422
 0.210  0.754661
 0.211  0.754547
 0.212  0.749896
 0.213  0.754799
 0.214  0.750053
 0.215  0.759890
 0.216  0.749152
 0.217  0.747330
 0.218  0.747271
 0.219  0.736988
 0.220  0.736632
 0.221  0.717495
 0.222  0.717603
 0.223  0.726560
 0.224  0.739843
 0.225  0.761483
 0.226  0.748080
 0.227  0.720494
 0.228  0.710565
 0.229  0.722326
 0.230  0.707987
 0.231  0.703649
 0.232  0.737797
 0.233  0.737572
 0.234  0.620656
 0.235  0.581409
 0.236  0.627555
 0.237  0.676067
 0.238  0.777486
 0.239  0.771820
 0.240  0.734848
 0.241  0.722140
 0.242  0.715512
 0.243  0.710826
 0.244  0.707561
 0.245  0.704576
 0.246  0.702272
 0.247  0.699933
 0.248  0.697833
 0.249  0.695744
 0.250  0.693779
 0.251  0.692011
 0.252  0.691156
 0.253  0.688478
 0.254  0.686518
 0.255  0.684897
 0.256  0.683214
 0.257  0.681712
 0.258  0.679990
 0.259  0.678317
 0.260  0.676698
 0.261  0.675062
 0.262  0.673715
 0.263  0.672134
 0.264  0.670615
 0.265  0.668874
 0.266  0.667405
 0.267  0.665992
 0.268  0.665644
 0.269  0.663020
 0.270  0.661380
 0.271  0.659923
 0.272  0.658542
 0.273  0.657265
 0.274  0.655780
 0.275  0.654111
 0.276  0.652642
 0.277  0.651243
 0.278  0.650056
 0.279  0.648731
 0.280  0.647139
 0.281  0.645645
 0.282  0.644253
 0.283  0.643160
 0.284  0.641849
 0.285  0.640336
 0.286  0.638802
 0.287  0.637377
 0.288  0.636402
 0.289  0.636361
 0.290  0.633758
 0.291  0.632105
 0.292  0.630731
 0.293  0.629794
 0.294  0.628567
 0.295  0.627270
 0.296  0.625500
 0.297  0.624265
 0.298  0.623278
 0.299  0.622203
 0.300  0.620906
 0.301  0.619119
 0.302  0.617929
 0.303  0.616876
 0.304  0.615978
 0.305  0.614682
 0.306  0.612907
 0.307  0.611720
 0.308  0.610736
 0.309  0.609896
 0.310  0.608556
 0.311  0.606826
 0.312  0.605623
 0.313  0.604756
 0.314  0.603960
 0.315  0.602579
 0.316  0.600865
 0.317  0.599626
 0.318  0.598963
 0.319  0.596622
 0.320  0.596669
 0.321  0.595009
 0.322  0.593841
 0.323  0.593336
 0.324  0.592416
 0.325  0.590833
 0.326  0.589280
 0.327  0.588154
 0.328  0.587883
 0.329  0.586860
 0.330  0.585030
 0.331  0.583653
 0.332  0.582652
 0.333  0.582502
 0.334  0.581392
 0.335  0.579301
 0.336  0.578193
 0.337  0.577521
 0.338  0.577216
 0.339  0.575770
 0.340  0.573892
 0.341  0.572823
 0.342  0.572612
 0.343  0.572048
 0.344  0.570085
 0.345  0.568584
 0.346  0.567580
 0.347  0.567878
 0.348  0.566720
 0.349  0.564467
 0.350  0.563396
 0.351  0.563062
 0.352  0.560988
 0.353  0.561089
 0.354  0.559347
 0.355  0.558349
 0.356  0.558793
 0.357  0.557856
 0.358  0.555348
 0.359  0.554332
 0.360  0.554113
 0.361  0.552228
 0.362  0.552156
 0.363  0.550421
 0.364  0.549416
 0.365  0.550378
 0.366  0.549061
 0.367  0.546525
 0.368  0.545615
 0.369  0.545930
 0.370  0.543590
 0.371  0.543079
 0.372  0.541791
 0.373  0.541566
 0.374  0.540181
 0.375  0.540029
 0.376  0.538005
 0.377  0.537295
 0.378  0.536082
 0.379  0.536942
 0.380  0.534322
 0.381  0.533434
 0.382  0.535152
 0.383  0.533842
 0.384  0.530641
 0.385  0.529653
 0.386  0.528224
 0.387  0.531640
 0.388  0.529926
 0.389  0.527148
 0.390  0.525808
 0.391  0.523150
 0.392  0.525517
 0.393  0.522670
 0.394  0.523314
 0.395  0.521409
 0.396  0.521156
 0.397  0.519240
 0.398  0.520173
 0.399  0.517937
 0.400  0.517571
 0.401  0.515833
 0.402  0.517319
 0.403  0.514585
 0.404  0.513795
 0.405  0.512463
 0.406  0.514974
 0.407  0.511180
 0.408  0.509946
 0.409  0.509172
 0.410  0.508675
 0.411  0.507806
 0.412  0.506708
 0.413  0.506463
 0.414  0.505360
 0.415  0.507221
 0.416  0.503424
 0.417  0.505604
 0.418  0.502144
 0.419  0.502149
 0.420  0.500202
 0.421  0.499739
 0.422  0.498903
 0.423  0.497839
 0.424  0.499029
 0.425  0.496510
 0.426  0.498590
 0.427  0.494763
 0.428  0.494154
 0.429  0.493346
 0.430  0.492454
 0.431  0.494773
 0.432  0.491030
 0.433  0.493551
 0.434  0.489381
 0.435  0.488726
 0.436  0.487989
 0.437  0.487106
 0.438  0.486414
 0.439  0.485709
 0.440  0.484887
 0.441  0.490293
 0.442  0.483438
 0.443  0.487515
 0.444  0.482850
 0.445  0.481174
 0.446  0.480446
 0.447  0.479876
 0.448  0.478958
 0.449  0.478217
 0.450  0.477701
 0.451  0.476739
 0.452  0.476043
 0.453  0.475605
 0.454  0.474547
 0.455  0.473915
 0.456  0.473567
 0.457  0.472387
 0.458  0.471752
 0.459  0.471595
 0.460  0.470241
 0.461  0.469618
 0.462  0.468840
 0.463  0.468178
 0.464  0.467491
 0.465  0.466720
 0.466  0.466066
 0.467  0.466385
 0.468  0.464630
 0.469  0.463966
 0.470  0.475623
 0.471  0.462587
 0.472  0.462094
 0.473  0.461161
 0.474  0.460505
 0.475  0.493910
 0.476  0.459178
 0.477  0.458750
 0.478  0.457852
 0.479  0.457196
 0.480  0.456816
 0.481  0.455769
 0.482  0.462399
 0.483  0.454434
 0.484  0.454134
 0.485  0.453279
 0.486  0.452737
 0.487  0.452109
 0.488  0.451386
 0.489  0.461437
 0.490  0.449987
 0.491  0.451674
 0.492  0.448768
 0.493  0.447630
 0.494  0.447550
 0.495  0.446792
 0.496  0.446353
 0.497  0.447848
 0.498  0.453328
 0.499  0.450020
 0.500  0.445659
 0.501  0.452955
 0.502  0.440981
 0.503  0.448089
 0.504  0.440963
 0.505  0.439214
 0.506  0.452104
 0.507  0.437810
 0.508  0.437300
 0.509  0.444824
 0.510  0.441330
 0.511  0.435799
 0.512  0.441599
 0.513  0.436690
 0.514  0.434375
 0.515  0.432487
 0.516  0.431893
 0.517  0.443297
 0.518  0.439110
 0.519  0.436138
 0.520  0.437504
 0.521  0.432329
 0.522  0.432368
 0.523  0.422072
 0.524  0.405762
 0.525  0.419993
 0.526  0.435944
 0.527  0.451247
 0.528  0.433672
 0.529  0.430672
 0.530  0.429650
 0.531  0.428779
 0.532  0.427969
 0.533  0.427472
 0.534  0.426846
 0.535  0.426096
 0.536  0.425622
 0.537  0.425273
 0.538  0.424409
 0.539  0.423822
 0.540  0.423376
 0.541  0.423022
 0.542  0.422368
 0.543  0.421616
 0.544  0.421047
 0.545  0.420560
 0.546  0.420071
 0.547  0.419591
 0.548  0.419098
 0.549  0.418593
 0.550  0.418022
 0.551  0.417419
 0.552  0.416852
 0.553  0.416825
 0.554  0.415806
 0.555  0.415129
 0.556  0.415111
 0.557  0.414467
 0.558  0.413641
 0.559  0.414434
 0.560  0.413588
 0.561  0.319525
 0.562  0.320489
 0.563  0.318822
 0.564  0.226628
 0.565  0.226572
 0.566  0.226523
 0.567  0.226490
 0.568  0.226450
 0.569  0.226398
 0.570  0.226354
 0.571  0.226336
 0.572  0.226282
 0.573  0.226234
 0.574  0.226197
 0.575  0.226173
 0.576  0.226123
 0.577  0.226080
 0.578  0.226056
 0.579  0.226019
 0.580  0.225973
 0.581  0.225936
 0.582  0.225924
 0.583  0.225874
 0.584  0.225833
 0.585  0.225806
 0.586  0.225783
 0.587  0.225739
 0.588  0.225703
 0.589  0.225700
 0.590  0.225652
 0.591  0.225612
 0.592  0.225586
 0.593  0.225573
 0.594  0.225531
 0.595  0.225497
 0.596  0.225490
 0.597  0.225456
 0.598  0.225418
 0.599  0.225393
 0.600  0.225389
 0.601  0.225348
 0.602  0.225317
 0.603  0.225310
 0.604  0.225285
 0.605  0.225250
 0.606  0.225228
 0.607  0.225229
 0.608  0.225191
 0.609  0.225164
 0.610  0.225160
 0.611  0.225140
 0.612  0.225108
 0.613  0.225090
 0.614  0.225095
 0.615  0.225060
 0.616  0.225036
 0.617  0.225042
 0.618  0.225020
 0.619  0.224992
 0.620  0.224980
 0.621  0.224986
 0.622  0.224955
 0.623  0.224936
 0.624  0.224958
 0.625  0.224925
 0.626  0.224902
 0.627  0.224898
 0.628  0.224902
 0.629  0.224876
 0.630  0.224864
 0.631  0.224885
 0.632  0.224857
 0.633  0.224840
 0.634  0.224850
 0.635  0.224844
 0.636  0.224824
 0.637  0.224821
 0.638  0.224838
 0.639  0.224815
 0.640  0.224806
 0.641  0.224838
 0.642  0.224813
 0.643  0.224800
 0.644  0.224814
 0.645  0.224818
 0.646  0.224802
 0.647  0.224804
 0.648  0.224828
 0.649  0.224810
 0.650  0.224807
 0.651  0.224845
 0.652  0.224825
 0.653  0.224818
 0.654  0.224848
 0.655  0.224846
 0.656  0.224837
 0.657  0.224851
 0.658  0.224873
 0.659  0.224862
 0.660  0.224869
 0.661  0.224906
 0.662  0.224893
 0.663  0.224897
 0.664  0.224945
 0.665  0.224931
 0.666  0.224932
 0.667  0.224980
 0.668  0.224975
 0.669  0.224974
 0.670  0.225003
 0.671  0.225025
 0.672  0.225022
 0.673  0.225044
 0.674  0.225081
 0.675  0.225077
 0.676  0.225095
 0.677  0.225143
 0.678  0.225138
 0.679  0.225153
 0.680  0.225210
 0.681  0.225205
 0.682  0.225219
 0.683  0.225284
 0.684  0.225279
 0.685  0.225291
 0.686  0.225363
 0.687  0.225358
 0.688  0.225370
 0.689  0.225443
 0.690  0.225443
 0.691  0.225455
 0.692  0.225512
 0.693  0.225534
 0.694  0.225547
 0.695  0.225600
 0.696  0.225631
 0.697  0.225645
 0.698  0.225697
 0.699  0.225734
 0.700  0.225749
 0.701  0.225803
 0.702  0.225844
 0.703  0.225860
 0.704  0.225916
 0.705  0.225959
 0.706  0.225978
 0.707  0.226038
 0.708  0.226081
 0.709  0.226102
 0.710  0.226169
 0.711  0.226209
 0.712  0.226233
 0.713  0.226312
 0.714  0.226344
 0.715  0.226372
 0.716  0.226475
 0.717  0.226485
 0.718  0.226517
 0.719  0.226620
 0.720  0.226633
 0.721  0.226671
 0.722  0.226771
 0.723  0.226788
 0.724  0.226833
 0.725  0.226929
 0.726  0.226951
 0.727  0.227004
 0.728  0.227094
 0.729  0.227121
 0.730  0.227186
 0.731  0.227266
 0.732  0.227300
 0.733  0.227385
 0.734  0.227446
 0.735  0.227488
 0.736  0.227611
 0.737  0.227634
 0.738  0.227686
 0.739  0.227801
 0.740  0.227831
 0.741  0.227897
 0.742  0.227999
 0.743  0.228038
 0.744  0.228126
 0.745  0.228206
 0.746  0.228256
 0.747  0.228392
 0.748  0.228422
 0.749  0.228487
 0.750  0.228609
 0.751  0.228649
 0.752  0.228737
 0.753  0.228836
 0.754  0.228889
 0.755  0.229039
 0.756  0.229074
 0.757  0.229145
 0.758  0.229277
 0.759  0.229324
 0.760  0.229427
 0.761  0.229526
 0.762  0.229590
 0.763  0.229744
 0.764  0.229788
 0.765  0.229879
 0.766  0.230005
 0.767  0.230067
 0.768  0.230237
 0.769  0.230280
 0.770  0.230368
 0.771  0.230511
 0.772  0.230573
 0.773  0.230722
 0.774  0.230801
 0.775  0.230890
 0.776  0.231043
 0.777  0.231109
 0.778  0.231266
 0.779  0.231349
 0.780  0.231446
 0.781  0.231603
 0.782  0.231676
 0.783  0.231870
 0.784  0.231927
 0.785  0.232038
 0.786  0.232191
 0.787  0.232277
 0.788  0.232469
 0.789  0.232536
 0.790  0.232676
 0.791  0.232811
 0.792  0.232915
 0.793  0.233098
 0.794  0.233182
 0.795  0.233396
 0.796  0.233464
 0.797  0.233604
 0.798  0.233760
 0.799  0.233871
 0.800  0.234067
 0.801  0.234159
 0.802  0.234384
 0.803  0.234462
 0.804  0.234629
 0.805  0.234777
 0.806  0.234911
 0.807  0.235102
 0.808  0.235216
 0.809  0.235437
 0.810  0.235537
 0.811  0.235781
 0.812  0.235870
 0.813  0.236070
 0.814  0.236212
 0.815  0.236378
 0.816  0.236565
 0.817  0.236711
 0.818  0.236925
 0.819  0.237059
 0.820  0.237295
 0.821  0.237419
 0.822  0.237672
 0.823  0.237789
 0.824  0.238057
 0.825  0.238169
 0.826  0.238449
 0.827  0.238557
 0.828  0.238848
 0.829  0.238954
 0.830  0.239231
 0.831  0.239360
 0.832  0.239631
 0.833  0.239774
 0.834  0.240036
 0.835  0.240196
 0.836  0.240471
 0.837  0.240627
 0.838  0.240924
 0.839  0.241067
 0.840  0.241393
 0.841  0.241516
 0.842  0.241842
 0.843  0.241975
 0.844  0.242300
 0.845  0.242445
 0.846  0.242766
 0.847  0.242928
 0.848  0.243240
 0.849  0.243426
 0.850  0.243725
 0.851  0.243944
 0.852  0.244221
 0.853  0.244498
 0.854  0.244731
 0.855  0.245102
 0.856  0.245258
 0.857  0.245613
 0.858  0.245807
 0.859  0.246137
 0.860  0.246394
 0.861  0.246680
 0.862  0.247080
 0.863  0.247247
 0.864  0.247621
 0.865  0.247851
 0.866  0.248184
 0.867  0.248573
 0.868  0.248776
 0.869  0.249172
 0.870  0.249419
 0.871  0.249763
 0.872  0.250201
 0.873  0.250396
 0.874  0.250792
 0.875  0.251131
 0.876  0.251427
 0.877  0.251857
 0.878  0.252148
 0.879  0.252499
 0.880  0.252950
 0.881  0.253231
 0.882  0.253606
 0.883  0.254072
 0.884  0.254372
 0.885  0.254748
 0.886  0.255219
 0.887  0.255589
 0.888  0.255934
 0.889  0.256398
 0.890  0.256918
 0.891  0.257180
 0.892  0.257618
 0.893  0.258123
 0.894  0.258615
 0.895  0.258911
 0.896  0.259381
 0.897  0.259906
 0.898  0.260470
 0.899  0.260756
 0.900  0.261222
 0.901  0.261747
 0.902  0.262307
 0.903  0.262893
 0.904  0.263209
 0.905  0.263690
 0.906  0.264225
 0.907  0.264788
 0.908  0.265375
 0.909  0.265975
 0.910  0.266591
 0.911  0.266976
 0.912  0.267487
 0.913  0.268041
 0.914  0.268616
 0.915  0.269207
 0.916  0.269806
 0.917  0.270418
 0.918  0.271033
 0.919  0.271658
 0.920  0.272289
 0.921  0.272933
 0.922  0.273596
 0.923  0.274296
 0.924  0.275116
 0.925  0.275885
 0.926  0.276479
 0.927  0.277092
 0.928  0.277753
 0.929  0.278541
 0.930  0.279497
 0.931  0.280056
 0.932  0.280758
 0.933  0.281849
 0.934  0.282365
 0.935  0.283478
 0.936  0.284031
 0.937  0.285296
 0.938  0.285660
 0.939  0.286747
 0.940  0.287981
 0.941  0.288352
 0.942  0.289211
 0.943  0.290142
 0.944  0.291178
 0.945  0.292627
 0.946  0.293024
 0.947  0.294436
 0.948  0.295582
 0.949  0.295876
 0.950  0.296769
 0.951  0.300429
 0.952  0.000000
 0.953  0.000000
 0.954  0.000000
 0.955  0.000000
 0.956  0.000000
 0.957  0.000000
 0.958  0.000000
 0.959  0.000000
 0.960  0.000000
 0.961  0.000000
 0.962  0.000000
 0.963  0.000000
 0.964  0.000000
 0.965  0.000000
 0.966  0.000000
 0.967  0.000000
 0.968  0.000000
 0.969  0.000000
 0.970  0.000000
 0.971  0.000000
 0.972  0.000000
 0.973  0.000000
 0.974  0.000000
 0.975  0.000000
 0.976  0.000000
 0.977  0.000000
 0.978  0.000000
 0.979  0.000000
 0.980  0.000000
 0.981  0.000000
 0.982  0.000000
 0.983  0.000000
 0.984  0.000000
 0.985  0.000000
 0.986  0.000000
 0.987  0.000000
 0.988  0.000000
 0.989  0.000000
 0.990  0.000000
 0.991  0.000000
 0.992  0.000000
 0.993  0.000000
 0.994  0.000000
 0.995  0.000000
 0.996  0.000000
 0.997  0.000000
 0.998  0.000000
 0.999  0.000000
 1.000  0.000000
