-0.0400  1.621529
-0.0399  1.620699
-0.0398  1.624183
-0.0397  1.628595
-0.0396  1.630812
-0.0395  1.622635
-0.0394  1.613836
-0.0393  1.618585
-0.0392  1.558088
-0.0391  1.558621
-0.0390  1.558427
-0.0389  1.558110
-0.0388  1.560076
-0.0387  1.561176
-0.0386  1.562828
-0.0385  1.564905
-0.0384  1.565263
-0.0383  1.565552
-0.0382  1.565716
-0.0381  1.565762
-0.0380  1.566154
-0.0379  1.567322
-0.0378  1.567562
-0.0377  1.567976
-0.0376  1.568482
-0.0375  1.568854
-0.0374  1.569649
-0.0373  1.570819
-0.0372  1.571841
-0.0371  1.573606
-0.0370  1.575436
-0.0369  1.577206
-0.0368  1.578049
-0.0367  1.578596
-0.0366  1.579029
-0.0365  1.579584
-0.0364  1.580325
-0.0363  1.582594
-0.0362  1.583306
-0.0361  1.583914
-0.0360  1.585100
-0.0359  1.586137
-0.0358  1.586933
-0.0357  1.587598
-0.0356  1.588149
-0.0355  1.589933
-0.0354  1.592235
-0.0353  1.593552
-0.0352  1.595089
-0.0351  1.597638
-0.0350  1.599248
-0.0349  1.600330
-0.0348  1.601232
-0.0347  1.603742
-0.0346  1.606591
-0.0345  1.610164
-0.0344  1.611736
-0.0343  1.613217
-0.0342  1.615182
-0.0341  1.616525
-0.0340  1.621084
-0.0339  1.625142
-0.0338  1.628725
-0.0337  1.637763
-0.0336  1.643315
-0.0335  1.647376
-0.0334  1.661869
-0.0333  1.669272
-0.0332  1.677499
-0.0331  1.686056
-0.0330  1.694138
-0.0329  1.685122
-0.0328  1.670848
-0.0327  1.651758
-0.0326  1.644974
-0.0325  1.631945
-0.0324  1.626499
-0.0323  1.619871
-0.0322  1.613475
-0.0321  1.609798
-0.0320  1.605844
-0.0319  1.602513
-0.0318  1.598794
-0.0317  1.594698
-0.0316  1.592034
-0.0315  1.588809
-0.0314  1.584166
-0.0313  1.580841
-0.0312  1.577996
-0.0311  1.571974
-0.0310  1.570171
-0.0309  1.568501
-0.0308  1.566792
-0.0307  1.564115
-0.0306  1.560801
-0.0305  1.556318
-0.0304  1.553882
-0.0303  1.552801
-0.0302  1.551699
-0.0301  1.550209
-0.0300  1.547094
-0.0299  1.543812
-0.0298  1.540724
-0.0297  1.538637
-0.0296  1.536617
-0.0295  1.534489
-0.0294  1.532342
-0.0293  1.529572
-0.0292  1.525208
-0.0291  1.522851
-0.0290  1.522305
-0.0289  1.520866
-0.0288  1.519037
-0.0287  1.516957
-0.0286  1.514686
-0.0285  1.510549
-0.0284  1.509802
-0.0283  1.508969
-0.0282  1.508133
-0.0281  1.507319
-0.0280  1.505193
-0.0279  1.500843
-0.0278  1.495663
-0.0277  1.494016
-0.0276  1.492803
-0.0275  1.491824
-0.0274  1.490501
-0.0273  1.488412
-0.0272  1.511418
-0.0271  1.523722
-0.0270  1.528415
-0.0269  1.533058
-0.0268  1.528859
-0.0267  1.530480
-0.0266  1.532126
-0.0265  1.530752
-0.0264  1.540272
-0.0263  1.531640
-0.0262  1.527337
-0.0261  1.528136
-0.0260  1.528986
-0.0259  1.529095
-0.0258  1.527147
-0.0257  1.523520
-0.0256  1.523924
-0.0255  1.524570
-0.0254  1.524748
-0.0253  1.524409
-0.0252  1.522809
-0.0251  1.521411
-0.0250  1.523778
-0.0249  1.525244
-0.0248  1.520787
-0.0247  1.519167
-0.0246  1.518379
-0.0245  1.516913
-0.0244  1.516606
-0.0243  1.515923
-0.0242  1.515102
-0.0241  1.516005
-0.0240  1.516201
-0.0239  1.517376
-0.0238  1.517069
-0.0237  1.515754
-0.0236  1.510638
-0.0235  1.510552
-0.0234  1.510188
-0.0233  1.510709
-0.0232  1.513372
-0.0231  1.517881
-0.0230  1.513138
-0.0229  1.508964
-0.0228  1.507824
-0.0227  1.507169
-0.0226  1.506410
-0.0225  1.504906
-0.0224  1.504433
-0.0223  1.503749
-0.0222  1.502758
-0.0221  1.502151
-0.0220  1.501563
-0.0219  1.500174
-0.0218  1.501411
-0.0217  1.504710
-0.0216  1.508746
-0.0215  1.507893
-0.0214  1.499313
-0.0213  1.498410
-0.0212  1.495367
-0.0211  1.500073
-0.0210  1.504098
-0.0209  1.499447
-0.0208  1.496272
-0.0207  1.494214
-0.0206  1.492596
-0.0205  1.491662
-0.0204  1.491855
-0.0203  1.492039
-0.0202  1.492532
-0.0201  1.493242
-0.0200  1.492528
-0.0199  1.490609
-0.0198  1.489830
-0.0197  1.488948
-0.0196  1.487268
-0.0195  1.489000
-0.0194  1.495166
-0.0193  1.493908
-0.0192  1.486125
-0.0191  1.486194
-0.0190  1.490397
-0.0189  1.495752
-0.0188  1.488537
-0.0187  1.482227
-0.0186  1.482907
-0.0185  1.483088
-0.0184  1.482842
-0.0183  1.482568
-0.0182  1.480299
-0.0181  1.477767
-0.0180  1.475481
-0.0179  1.475965
-0.0178  1.477300
-0.0177  1.477994
-0.0176  1.478717
-0.0175  1.479002
-0.0174  1.477556
-0.0173  1.478811
-0.0172  1.483447
-0.0171  1.483011
-0.0170  1.474530
-0.0169  1.474472
-0.0168  1.475885
-0.0167  1.481709
-0.0166  1.476059
-0.0165  1.471208
-0.0164  1.469943
-0.0163  1.471698
-0.0162  1.470375
-0.0161  1.468124
-0.0160  1.468438
-0.0159  1.469547
-0.0158  1.468750
-0.0157  1.466289
-0.0156  1.464625
-0.0155  1.463963
-0.0154  1.463740
-0.0153  1.463530
-0.0152  1.464765
-0.0151  1.469703
-0.0150  1.472927
-0.0149  1.460998
-0.0148  1.460858
-0.0147  1.461459
-0.0146  1.462089
-0.0145  1.471996
-0.0144  1.467278
-0.0143  1.461591
-0.0142  1.459277
-0.0141  1.457911
-0.0140  1.458345
-0.0139  1.458262
-0.0138  1.456355
-0.0137  1.453587
-0.0136  1.454143
-0.0135  1.455480
-0.0134  1.454843
-0.0133  1.454408
-0.0132  1.453926
-0.0131  1.452684
-0.0130  1.455365
-0.0129  1.459401
-0.0128  1.458988
-0.0127  1.451746
-0.0126  1.449106
-0.0125  1.447869
-0.0124  1.448282
-0.0123  1.451045
-0.0122  1.455635
-0.0121  1.453151
-0.0120  1.449885
-0.0119  1.447193
-0.0118  1.447421
-0.0117  1.447258
-0.0116  1.446401
-0.0115  1.445489
-0.0114  1.441365
-0.0113  1.440228
-0.0112  1.441652
-0.0111  1.440825
-0.0110  1.443064
-0.0109  1.445402
-0.0108  1.448200
-0.0107  1.446610
-0.0106  1.441384
-0.0105  1.441060
-0.0104  1.440765
-0.0103  1.439569
-0.0102  1.438734
-0.0101  1.440471
-0.0100  1.443250
-0.0099  1.440962
-0.0098  1.438734
-0.0097  1.436782
-0.0096  1.433718
-0.0095  1.433346
-0.0094  1.433748
-0.0093  1.433663
-0.0092  1.433087
-0.0091  1.430170
-0.0090  1.435020
-0.0089  1.437571
-0.0088  1.438601
-0.0087  1.432495
-0.0086  1.431022
-0.0085  1.428254
-0.0084  1.428993
-0.0083  1.429459
-0.0082  1.428269
-0.0081  1.428664
-0.0080  1.427751
-0.0079  1.428132
-0.0078  1.430941
-0.0077  1.429413
-0.0076  1.428952
-0.0075  1.426891
-0.0074  1.430149
-0.0073  1.434157
-0.0072  1.424648
-0.0071  1.422719
-0.0070  1.420836
-0.0069  1.417393
-0.0068  1.417045
-0.0067  1.411408
-0.0066  1.401865
-0.0065  1.396124
-0.0064  1.393900
-0.0063  1.394219
-0.0062  1.396818
-0.0061  1.396081
-0.0060  1.395475
-0.0059  1.396907
-0.0058  1.395813
-0.0057  1.400493
-0.0056  1.401447
-0.0055  1.401544
-0.0054  1.398009
-0.0053  1.394841
-0.0052  1.396980
-0.0051  1.397693
-0.0050  1.398568
-0.0049  1.400697
-0.0048  1.397152
-0.0047  1.397374
-0.0046  1.398377
-0.0045  1.398750
-0.0044  1.398647
-0.0043  1.398822
-0.0042  1.401453
-0.0041  1.403454
-0.0040  1.402450
-0.0039  1.401773
-0.0038  1.401993
-0.0037  1.406366
-0.0036  1.408967
-0.0035  1.405559
-0.0034  1.402669
-0.0033  1.400428
-0.0032  1.401639
-0.0031  1.405648
-0.0030  1.405654
-0.0029  1.403592
-0.0028  1.406236
-0.0027  1.408698
-0.0026  1.409250
-0.0025  1.410624
-0.0024  1.412293
-0.0023  1.411855
-0.0022  1.411792
-0.0021  1.410220
-0.0020  1.410700
-0.0019  1.413852
-0.0018  1.415436
-0.0017  1.416911
-0.0016  1.417932
-0.0015  1.422232
-0.0014  1.423313
-0.0013  1.421173
-0.0012  1.422904
-0.0011  1.428974
-0.0010  1.434297
-0.0009  1.431246
-0.0008  1.439051
-0.0007  1.459081
-0.0006  1.468968
-0.0005  1.474807
-0.0004  1.457384
-0.0003  1.450101
-0.0002  1.430943
-0.0001  1.431128
 0.0000  1.363133
 0.0001  1.314169
 0.0002  1.311923
 0.0003  1.311206
 0.0004  1.310877
 0.0005  1.310516
 0.0006  1.310052
 0.0007  1.309689
 0.0008  1.310156
 0.0009  1.311391
 0.0010  1.311269
 0.0011  1.307495
 0.0012  1.306430
 0.0013  1.305794
 0.0014  1.306770
 0.0015  1.309034
 0.0016  1.310551
 0.0017  1.311822
 0.0018  1.312820
 0.0019  1.311753
 0.0020  1.310819
 0.0021  1.314208
 0.0022  1.314669
 0.0023  1.313025
 0.0024  1.313773
 0.0025  1.315157
 0.0026  1.316586
 0.0027  1.318888
 0.0028  1.318840
 0.0029  1.319026
 0.0030  1.319920
 0.0031  1.320404
 0.0032  1.321567
 0.0033  1.323832
 0.0034  1.325627
 0.0035  1.327100
 0.0036  1.324963
 0.0037  1.325014
 0.0038  1.326149
 0.0039  1.329919
 0.0040  1.331943
 0.0041  1.333724
 0.0042  1.335784
 0.0043  1.336880
 0.0044  1.335307
 0.0045  1.340518
 0.0046  1.341480
 0.0047  1.342410
 0.0048  1.343460
 0.0049  1.344283
 0.0050  1.348381
 0.0051  1.352020
 0.0052  1.351546
 0.0053  1.352131
 0.0054  1.352810
 0.0055  1.355437
 0.0056  1.359524
 0.0057  1.363482
 0.0058  1.366434
 0.0059  1.366427
 0.0060  1.366516
 0.0061  1.373223
 0.0062  1.375742
 0.0063  1.380918
 0.0064  1.395878
 0.0065  1.411183
 0.0066  1.418831
 0.0067  1.424507
 0.0068  1.430697
 0.0069  1.442881
 0.0070  1.444967
 0.0071  1.447578
 0.0072  1.452973
 0.0073  1.454062
 0.0074  1.457604
 0.0075  1.469392
 0.0076  1.477792
 0.0077  1.486190
 0.0078  1.495536
 0.0079  1.512258
 0.0080  1.521134
 0.0081  1.533584
 0.0082  1.559981
 0.0083  1.592722
 0.0084  1.607943
 0.0085  1.678136
 0.0086  1.791785
 0.0087  1.634876
 0.0088  1.597382
 0.0089  1.570240
 0.0090  1.548329
 0.0091  1.527332
 0.0092  1.524576
 0.0093  1.512765
 0.0094  1.499367
 0.0095  1.493916
 0.0096  1.491392
 0.0097  1.475499
 0.0098  1.470031
 0.0099  1.462127
 0.0100  1.455478
 0.0101  1.453109
 0.0102  1.447789
 0.0103  1.439595
 0.0104  1.436235
 0.0105  1.434948
 0.0106  1.426229
 0.0107  1.416776
 0.0108  1.417419
 0.0109  1.417780
 0.0110  1.407096
 0.0111  1.405890
 0.0112  1.404872
 0.0113  1.402236
 0.0114  1.399736
 0.0115  1.396196
 0.0116  1.390595
 0.0117  1.385000
 0.0118  1.385703
 0.0119  1.380870
 0.0120  1.375807
 0.0121  1.375522
 0.0122  1.375185
 0.0123  1.369392
 0.0124  1.363767
 0.0125  1.364361
 0.0126  1.364921
 0.0127  1.357418
 0.0128  1.351484
 0.0129  1.352113
 0.0130  1.353047
 0.0131  1.345314
 0.0132  1.344343
 0.0133  1.343498
 0.0134  1.342735
 0.0135  1.340807
 0.0136  1.337187
 0.0137  1.332829
 0.0138  1.332053
 0.0139  1.329608
 0.0140  1.323537
 0.0141  1.318979
 0.0142  1.321557
 0.0143  1.318734
 0.0144  1.313084
 0.0145  1.310203
 0.0146  1.312185
 0.0147  1.309138
 0.0148  1.302571
 0.0149  1.302758
 0.0150  1.304772
 0.0151  1.297929
 0.0152  1.297222
 0.0153  1.297745
 0.0154  1.297051
 0.0155  1.295533
 0.0156  1.291559
 0.0157  1.286566
 0.0158  1.286562
 0.0159  1.282110
 0.0160  1.277629
 0.0161  1.272353
 0.0162  1.277616
 0.0163  1.272340
 0.0164  1.267556
 0.0165  1.268622
 0.0166  1.265681
 0.0167  1.259994
 0.0168  1.260448
 0.0169  1.262022
 0.0170  1.252656
 0.0171  1.254420
 0.0172  1.256798
 0.0173  1.252562
 0.0174  1.252769
 0.0175  1.250765
 0.0176  1.248037
 0.0177  1.245365
 0.0178  1.241048
 0.0179  1.240215
 0.0180  1.237935
 0.0181  1.233027
 0.0182  1.227792
 0.0183  1.232616
 0.0184  1.227236
 0.0185  1.221613
 0.0186  1.226284
 0.0187  1.220269
 0.0188  1.213974
 0.0189  1.219236
 0.0190  1.213029
 0.0191  1.217374
 0.0192  1.220107
 0.0193  1.210278
 0.0194  1.210267
 0.0195  1.206836
 0.0196  1.202019
 0.0197  1.198521
 0.0198  1.196159
 0.0199  1.192378
 0.0200  1.188113
 0.0201  1.190151
 0.0202  1.188570
 0.0203  1.187025
 0.0204  1.192049
 0.0205  1.186819
 0.0206  1.183650
 0.0207  1.195456
 0.0208  1.298500
 0.0209  1.305655
 0.0210  1.295256
 0.0211  1.311003
 0.0212  1.304321
 0.0213  1.296919
 0.0214  1.296216
 0.0215  1.292138
 0.0216  1.296064
 0.0217  1.297846
 0.0218  1.304200
 0.0219  1.309070
 0.0220  1.317915
 0.0221  1.305648
 0.0222  1.306898
 0.0223  1.287665
 0.0224  1.287825
 0.0225  1.289231
 0.0226  1.278348
 0.0227  1.301903
 0.0228  1.344278
 0.0229  1.283527
 0.0230  1.205533
 0.0231  1.078988
 0.0232  1.081217
 0.0233  1.087567
 0.0234  1.088353
 0.0235  1.090921
 0.0236  1.095449
 0.0237  1.104773
 0.0238  1.108734
 0.0239  1.112988
 0.0240  1.120575
 0.0241  1.130167
 0.0242  1.135405
 0.0243  1.136951
 0.0244  1.140621
 0.0245  1.147945
 0.0246  1.155893
 0.0247  1.162998
 0.0248  1.166764
 0.0249  1.176281
 0.0250  1.187902
 0.0251  1.197973
 0.0252  1.209106
 0.0253  1.214980
 0.0254  1.230515
 0.0255  1.244896
 0.0256  1.258882
 0.0257  1.275117
 0.0258  1.293718
 0.0259  1.310583
 0.0260  1.328597
 0.0261  1.352725
 0.0262  1.389595
 0.0263  1.519848
 0.0264  1.633895
 0.0265  1.491295
 0.0266  1.437824
 0.0267  1.396173
 0.0268  1.393726
 0.0269  1.337944
 0.0270  1.328469
 0.0271  1.336096
 0.0272  1.355864
 0.0273  1.321917
 0.0274  1.293065
 0.0275  1.275212
 0.0276  1.262289
 0.0277  1.263191
 0.0278  1.233510
 0.0279  1.322928
 0.0280  1.242597
 0.0281  1.187807
 0.0282  1.146746
 0.0283  1.113419
 0.0284  1.055588
 0.0285  1.000428
 0.0286  0.963925
 0.0287  0.943681
 0.0288  0.938422
 0.0289  0.919894
 0.0290  0.912758
 0.0291  0.909895
 0.0292  0.908792
 0.0293  0.903662
 0.0294  0.896530
 0.0295  0.906653
 0.0296  0.883818
 0.0297  0.854896
 0.0298  0.853411
 0.0299  0.852014
 0.0300  0.855196
 0.0301  0.856614
 0.0302  0.857679
 0.0303  0.859972
 0.0304  0.861845
 0.0305  0.862786
 0.0306  0.863623
 0.0307  0.869020
 0.0308  0.870290
 0.0309  0.869629
 0.0310  0.869763
 0.0311  0.874521
 0.0312  0.878817
 0.0313  0.877767
 0.0314  0.877188
 0.0315  0.880179
 0.0316  0.883758
 0.0317  0.884474
 0.0318  0.883439
 0.0319  0.886331
 0.0320  0.889328
 0.0321  0.892169
 0.0322  0.890150
 0.0323  0.893141
 0.0324  0.895557
 0.0325  0.896493
 0.0326  0.898123
 0.0327  0.900411
 0.0328  0.901326
 0.0329  0.902206
 0.0330  0.909000
 0.0331  0.908251
 0.0332  0.907943
 0.0333  0.909960
 0.0334  0.917272
 0.0335  0.916947
 0.0336  0.915724
 0.0337  0.920123
 0.0338  0.925117
 0.0339  0.924376
 0.0340  0.924289
 0.0341  0.928003
 0.0342  0.931332
 0.0343  0.931015
 0.0344  0.933193
 0.0345  0.936522
 0.0346  0.939753
 0.0347  0.940576
 0.0348  0.942629
 0.0349  0.945194
 0.0350  0.946487
 0.0351  0.951995
 0.0352  0.951762
 0.0353  0.952203
 0.0354  0.957631
 0.0355  0.960926
 0.0356  0.959889
 0.0357  0.962158
 0.0358  0.970314
 0.0359  0.969230
 0.0360  0.969949
 0.0361  0.975518
 0.0362  0.980737
 0.0363  0.977782
 0.0364  0.981605
 0.0365  0.986066
 0.0366  0.986984
 0.0367  0.989957
 0.0368  0.994248
 0.0369  0.997617
 0.0370  0.999769
 0.0371  1.003421
 0.0372  1.005026
 0.0373  1.013084
 0.0374  1.012396
 0.0375  1.012100
 0.0376  1.023150
 0.0377  1.021129
 0.0378  1.023008
 0.0379  1.033849
 0.0380  1.029952
 0.0381  1.035465
 0.0382  1.043206
 0.0383  1.040590
 0.0384  1.047943
 0.0385  1.057832
 0.0386  1.064445
 0.0387  1.072699
 0.0388  1.080329
 0.0389  1.086335
 0.0390  1.090997
 0.0391  1.098751
 0.0392  1.102279
 0.0393  1.114875
 0.0394  1.124826
 0.0395  1.155491
 0.0396  1.168785
 0.0397  1.203859
 0.0398  1.246163
 0.0399  1.199582
 0.0400  1.155255
