-0.400  0.000000
-0.399  0.000000
-0.398  0.000000
-0.397  0.000000
-0.396  0.000000
-0.395  0.000000
-0.394  0.000000
-0.393  0.000000
-0.392  0.000000
-0.391  0.000000
-0.390  0.000000
-0.389  0.000000
-0.388  0.000000
-0.387  0.000000
-0.386  0.000000
-0.385  0.000000
-0.384  0.000000
-0.383  0.000000
-0.382  0.000000
-0.381  0.000000
-0.380  0.000000
-0.379  0.000000
-0.378  0.000000
-0.377  0.000000
-0.376  0.000000
-0.375  0.000000
-0.374  0.000000
-0.373  0.000000
-0.372  0.000000
-0.371  0.000000
-0.370  0.000000
-0.369  0.000000
-0.368  0.000000
-0.367  0.000000
-0.366  0.000000
-0.365  0.000000
-0.364  0.000000
-0.363  0.000000
-0.362  0.000000
-0.361  0.000000
-0.360  0.000000
-0.359  0.000000
-0.358  0.000000
-0.357  0.000000
-0.356  0.000000
-0.355  0.000000
-0.354  0.000000
-0.353  0.000000
-0.352  0.000000
-0.351  0.000000
-0.350  0.000000
-0.349  0.000000
-0.348  0.000000
-0.347  0.000000
-0.346  0.000000
-0.345  0.000000
-0.344  0.000000
-0.343  0.000000
-0.342  0.000000
-0.341  0.000000
-0.340  0.000000
-0.339  0.000000
-0.338  0.000000
-0.337  0.000000
-0.336  0.000000
-0.335  0.000000
-0.334  0.000000
-0.333  0.000000
-0.332  0.000000
-0.331  0.000000
-0.330  0.000000
-0.329  0.000000
-0.328  0.000000
-0.327  0.000000
-0.326  0.000000
-0.325  0.000000
-0.324  0.000000
-0.323  0.000000
-0.322  0.000000
-0.321  0.000000
-0.320  0.000000
-0.319  0.000000
-0.318  0.000000
-0.317  0.000000
-0.316  0.000000
-0.315  0.000000
-0.314  0.000000
-0.313  0.000000
-0.312  0.000000
-0.311  0.000000
-0.310  0.000000
-0.309  0.000000
-0.308  0.000000
-0.307  0.000000
-0.306  0.000000
-0.305  0.000000
-0.304  0.000000
-0.303  0.000000
-0.302  0.000000
-0.301  0.000000
-0.300  0.000000
-0.299  0.000000
-0.298  0.000000
-0.297  0.000000
-0.296  0.000000
-0.295  0.000000
-0.294  0.000000
-0.293  0.000000
-0.292  0.000000
-0.291  0.000000
-0.290  0.000000
-0.289  0.000000
-0.288  0.000000
-0.287  0.000000
-0.286  0.000000
-0.285  0.000000
-0.284  0.000000
-0.283  0.000000
-0.282  0.000000
-0.281  0.000000
-0.280  0.000000
-0.279  0.000000
-0.278  0.000000
-0.277  0.000000
-0.276  0.000000
-0.275  0.000000
-0.274  0.000000
-0.273  0.000000
-0.272  0.000000
-0.271  0.000000
-0.270  0.000000
-0.269  0.000000
-0.268  0.000000
-0.267  0.000000
-0.266  0.000000
-0.265  0.000000
-0.264  0.000000
-0.263  0.000000
-0.262  0.000000
-0.261  0.000000
-0.260  6.798354
-0.259  0.939512
-0.258  0.673988
-0.257  1.236797
-0.256  1.026038
-0.255  0.920509
-0.254  0.857382
-0.253  0.813429
-0.252  0.782665
-0.251  0.756811
-0.250  0.737739
-0.249  0.723127
-0.248  0.710732
-0.247  0.804884
-0.246  0.855299
-0.245  1.053876
-0.244  1.554651
-0.243  1.318448
-0.242  1.214079
-0.241  1.161082
-0.240  1.125843
-0.239  1.105215
-0.238  1.088059
-0.237  1.075510
-0.236  3.339248
-0.235  1.262787
-0.234  1.237650
-0.233  1.232475
-0.232  1.234935
-0.231  1.242711
-0.230  1.251361
-0.229  1.262711
-0.228  1.273590
-0.227  1.284165
-0.226  1.473304
-0.225  1.484595
-0.224  1.498433
-0.223  1.510059
-0.222  1.521005
-0.221  1.532087
-0.220  1.545679
-0.219  1.556242
-0.218  1.569764
-0.217  1.583037
-0.216  1.598103
-0.215  1.613087
-0.214  1.625706
-0.213  1.640166
-0.212  1.655453
-0.211  1.670788
-0.210  1.687262
-0.209  1.704301
-0.208  1.721380
-0.207  1.738530
-0.206  1.756522
-0.205  1.776060
-0.204  1.795983
-0.203  1.816221
-0.202  1.836759
-0.201  1.857957
-0.200  1.879819
-0.199  1.903608
-0.198  1.927208
-0.197  1.952927
-0.196  1.978395
-0.195  2.006270
-0.194  2.034641
-0.193  2.064459
-0.192  2.096135
-0.191  2.129227
-0.190  2.164149
-0.189  2.200981
-0.188  2.239784
-0.187  2.281670
-0.186  2.326860
-0.185  2.373674
-0.184  2.424920
-0.183  2.480515
-0.182  2.541027
-0.181  2.606821
-0.180  2.679879
-0.179  2.761134
-0.178  2.852738
-0.177  2.957580
-0.176  3.080505
-0.175  3.227321
-0.174  3.410921
-0.173  3.651993
-0.172  4.007896
-0.171  4.698968
-0.170  5.189112
-0.169  4.246093
-0.168  3.867308
-0.167  3.624848
-0.166  3.454802
-0.165  3.319282
-0.164  3.208800
-0.163  3.119553
-0.162  3.037598
-0.161  2.967730
-0.160  2.903974
-0.159  2.848387
-0.158  2.795325
-0.157  2.747477
-0.156  2.705165
-0.155  2.665725
-0.154  2.628860
-0.153  2.593634
-0.152  2.561538
-0.151  2.530608
-0.150  2.500764
-0.149  2.473376
-0.148  2.447882
-0.147  2.423308
-0.146  2.399930
-0.145  2.377929
-0.144  2.356793
-0.143  2.336280
-0.142  2.318534
-0.141  2.299156
-0.140  2.281129
-0.139  2.264591
-0.138  2.248883
-0.137  2.232489
-0.136  2.217692
-0.135  2.203847
-0.134  2.190354
-0.133  2.097581
-0.132  2.093076
-0.131  2.088245
-0.130  2.084274
-0.129  2.079944
-0.128  2.076594
-0.127  2.073776
-0.126  2.070361
-0.125  2.068381
-0.124  2.065305
-0.123  2.064115
-0.122  2.062511
-0.121  2.062420
-0.120  2.061887
-0.119  2.062277
-0.118  2.065343
-0.117  2.069008
-0.116  2.074793
-0.115  2.092543
-0.114  2.143094
-0.113  2.054512
-0.112  2.022790
-0.111  2.002443
-0.110  1.985676
-0.109  1.973950
-0.108  1.961979
-0.107  1.985504
-0.106  1.980763
-0.105  1.977480
-0.104  1.976006
-0.103  1.976737
-0.102  1.972565
-0.101  1.983471
-0.100  1.855349
-0.099  1.863978
-0.098  1.873647
-0.097  1.884980
-0.096  1.897750
-0.095  1.910797
-0.094  1.924939
-0.093  1.942991
-0.092  1.963215
-0.091  1.987811
-0.090  2.017370
-0.089  2.066003
-0.088  2.174094
-0.087  2.078962
-0.086  2.074477
-0.085  2.072924
-0.084  2.075879
-0.083  2.084972
-0.082  2.094216
-0.081  2.109215
-0.080  2.126065
-0.079  2.149909
-0.078  2.175337
-0.077  2.208058
-0.076  2.252387
-0.075  2.311099
-0.074  2.393606
-0.073  2.552368
-0.072  2.949394
-0.071  2.509811
-0.070  2.390047
-0.069  2.312160
-0.068  2.258532
-0.067  2.216896
-0.066  2.184256
-0.065  1.757449
-0.064  1.593726
-0.063  1.604324
-0.062  1.614987
-0.061  1.627496
-0.060  1.640533
-0.059  1.654914
-0.058  1.671335
-0.057  1.687480
-0.056  1.706932
-0.055  1.727855
-0.054  1.749129
-0.053  1.774967
-0.052  1.805862
-0.051  1.839037
-0.050  1.874014
-0.049  1.922810
-0.048  1.981295
-0.047  2.054334
-0.046  2.153659
-0.045  2.290017
-0.044  2.524176
-0.043  3.499756
-0.042  2.703772
-0.041  2.486323
-0.040  2.366232
-0.039  2.295782
-0.038  1.142800
-0.037  1.121458
-0.036  1.103935
-0.035  0.860416
-0.034  0.865053
-0.033  0.869727
-0.032  0.874442
-0.031  0.878772
-0.030  0.884187
-0.029  0.889548
-0.028  0.894722
-0.027  0.900087
-0.026  0.905945
-0.025  0.912467
-0.024  0.918803
-0.023  0.925151
-0.022  0.932574
-0.021  0.940014
-0.020  0.948726
-0.019  0.957082
-0.018  0.966824
-0.017  0.976576
-0.016  0.987315
-0.015  0.999947
-0.014  1.013340
-0.013  1.029105
-0.012  1.048347
-0.011  1.069390
-0.010  1.416952
-0.009  1.499167
-0.008  1.617359
-0.007  1.902309
-0.006  1.763606
-0.005  1.642681
-0.004  1.588437
-0.003  1.555537
-0.002  1.530685
-0.001  1.510142
 0.000  1.489693
 0.001  1.465276
 0.002  1.441067
 0.003  1.418689
 0.004  1.395183
 0.005  1.384649
 0.006  1.303526
 0.007  1.325203
 0.008  1.408323
 0.009  1.275163
 0.010  1.185319
 0.011  1.116116
 0.012  1.066530
 0.013  1.020537
 0.014  0.986416
 0.015  0.956216
 0.016  0.929348
 0.017  0.904220
 0.018  0.883717
 0.019  0.864869
 0.020  0.846755
 0.021  0.830664
 0.022  0.816476
 0.023  0.802002
 0.024  0.789582
 0.025  0.778471
 0.026  0.766337
 0.027  0.756400
 0.028  0.745447
 0.029  0.736623
 0.030  0.727114
 0.031  0.718913
 0.032  0.710278
 0.033  0.702740
 0.034  0.694887
 0.035  0.688234
 0.036  0.681000
 0.037  0.674619
 0.038  0.668476
 0.039  0.662161
 0.040  0.656823
 0.041  0.651029
 0.042  0.645953
 0.043  0.641487
 0.044  0.636955
 0.045  0.632954
 0.046  0.629574
 0.047  0.627056
 0.048  0.625632
 0.049  0.675276
 0.050  0.812835
 0.051  0.827131
 0.052  0.842794
 0.053  0.861853
 0.054  0.877540
 0.055  0.895255
 0.056  0.916164
 0.057  0.935848
 0.058  0.957868
 0.059  0.982390
 0.060  1.012172
 0.061  1.044134
 0.062  1.082657
 0.063  1.125809
 0.064  1.186534
 0.065  1.290668
 0.066  1.553421
 0.067  1.360850
 0.068  1.219449
 0.069  1.138355
 0.070  1.083403
 0.071  1.042148
 0.072  0.925223
 0.073  0.901651
 0.074  0.879199
 0.075  0.862516
 0.076  0.845702
 0.077  0.832805
 0.078  0.819911
 0.079  0.810312
 0.080  0.799289
 0.081  0.791111
 0.082  0.804439
 0.083  1.078318
 0.084  2.445215
 0.085  2.021101
 0.086  1.720635
 0.087  1.575736
 0.088  1.487844
 0.089  1.430480
 0.090  1.387660
 0.091  1.361839
 0.092  1.556897
 0.093  1.745682
 0.094  1.466268
 0.095  1.399451
 0.096  1.344189
 0.097  1.298960
 0.098  1.283932
 0.099  1.260177
 0.100  1.208906
 0.101  0.935558
 0.102  0.936717
 0.103  0.944828
 0.104  0.951112
 0.105  0.962550
 0.106  0.973590
 0.107  0.985507
 0.108  0.999073
 0.109  1.015145
 0.110  1.035371
 0.111  1.058930
 0.112  1.088634
 0.113  1.124923
 0.114  1.175954
 0.115  1.291412
 0.116  1.306821
 0.117  1.129788
 0.118  1.100304
 0.119  1.081910
 0.120  1.067738
 0.121  1.058180
 0.122  1.049490
 0.123  1.043642
 0.124  1.039766
 0.125  1.033924
 0.126  1.031029
 0.127  1.025730
 0.128  1.023951
 0.129  1.021807
 0.130  1.019425
 0.131  1.018878
 0.132  1.015880
 0.133  1.014585
 0.134  1.014177
 0.135  1.013471
 0.136  1.013964
 0.137  1.013282
 0.138  1.013098
 0.139  1.011916
 0.140  1.014371
 0.141  1.014362
 0.142  1.016367
 0.143  1.019276
 0.144  1.019774
 0.145  1.024306
 0.146  1.026556
 0.147  1.031811
 0.148  1.037692
 0.149  1.047620
 0.150  1.064136
 0.151  1.095058
 0.152  1.194017
 0.153  1.075308
 0.154  1.036748
 0.155  1.012353
 0.156  0.994442
 0.157  0.977582
 0.158  0.964153
 0.159  0.952238
 0.160  0.939087
 0.161  0.929315
 0.162  0.918122
 0.163  0.908544
 0.164  0.897478
 0.165  0.890002
 0.166  0.880264
 0.167  0.870812
 0.168  0.864220
 0.169  0.854166
 0.170  0.846966
 0.171  0.892481
 0.172  0.888612
 0.173  0.884441
 0.174  0.885264
 0.175  0.880569
 0.176  0.880897
 0.177  0.876931
 0.178  0.873492
 0.179  0.870925
 0.180  0.867071
 0.181  0.864614
 0.182  0.860142
 0.183  0.858015
 0.184  0.858384
 0.185  0.852522
 0.186  0.849232
 0.187  0.850619
 0.188  0.844223
 0.189  0.845231
 0.190  0.840467
 0.191  0.836817
 0.192  0.837562
 0.193  0.831706
 0.194  0.831483
 0.195  0.829455
 0.196  0.824066
 0.197  0.825483
 0.198  0.821253
 0.199  0.820261
 0.200  0.817666
 0.201  0.814652
 0.202  0.811396
 0.203  0.808853
 0.204  0.808013
 0.205  0.805158
 0.206  0.801436
 0.207  0.779447
 0.208  0.787587
 0.209  0.797645
 0.210  0.806494
 0.211  0.815771
 0.212  0.837060
 0.213  0.852704
 0.214  0.815852
 0.215  0.806150
 0.216  0.787735
 0.217  0.700028
 0.218  0.695961
 0.219  0.690917
 0.220  0.692545
 0.221  0.689957
 0.222  0.688908
 0.223  0.686426
 0.224  0.680578
 0.225  0.688211
 0.226  0.745008
 0.227  0.751653
 0.228  0.765480
 0.229  0.775840
 0.230  0.790357
 0.231  0.799090
 0.232  0.828082
 0.233  0.902089
 0.234  0.935605
 0.235  0.875193
 0.236  0.842534
 0.237  0.745015
 0.238  0.462688
 0.239  0.459762
 0.240  0.460116
 0.241  0.471709
 0.242  0.476368
 0.243  0.479599
 0.244  0.487141
 0.245  0.497338
 0.246  0.507442
 0.247  0.525089
 0.248  0.652815
 0.249  0.695156
 0.250  0.738605
 0.251  0.807287
 0.252  0.930586
 0.253  1.033008
 0.254  0.889735
 0.255  0.840940
 0.256  0.812918
 0.257  0.793756
 0.258  0.779593
 0.259  0.768402
 0.260  0.759360
 0.261  0.751795
 0.262  0.744672
 0.263  0.739413
 0.264  0.734087
 0.265  0.729265
 0.266  0.725193
 0.267  0.720997
 0.268  0.717420
 0.269  0.714112
 0.270  0.710550
 0.271  0.707745
 0.272  0.704627
 0.273  0.701978
 0.274  0.699288
 0.275  0.696247
 0.276  0.694278
 0.277  0.691599
 0.278  0.689315
 0.279  0.687081
 0.280  0.684404
 0.281  0.682604
 0.282  0.680540
 0.283  0.678290
 0.284  0.676397
 0.285  0.674280
 0.286  0.672402
 0.287  0.670536
 0.288  0.668115
 0.289  0.666750
 0.290  0.664787
 0.291  0.662967
 0.292  0.661311
 0.293  0.659045
 0.294  0.657682
 0.295  0.656017
 0.296  0.654174
 0.297  0.652719
 0.298  0.650541
 0.299  0.649344
 0.300  0.647701
 0.301  0.645864
 0.302  0.644614
 0.303  0.642432
 0.304  0.641371
 0.305  0.639700
 0.306  0.638079
 0.307  0.636813
 0.308  0.634762
 0.309  0.633753
 0.310  0.632174
 0.311  0.630607
 0.312  0.629313
 0.313  0.627409
 0.314  0.626370
 0.315  0.624936
 0.316  0.623432
 0.317  0.622116
 0.318  0.620314
 0.319  0.619378
 0.320  0.617537
 0.321  0.616498
 0.322  0.615168
 0.323  0.613392
 0.324  0.612589
 0.325  0.610784
 0.326  0.609908
 0.327  0.608393
 0.328  0.607205
 0.329  0.606007
 0.330  0.604176
 0.331  0.603545
 0.332  0.601769
 0.333  0.600852
 0.334  0.599583
 0.335  0.598000
 0.336  0.597168
 0.337  0.595356
 0.338  0.594640
 0.339  0.592842
 0.340  0.592049
 0.341  0.590848
 0.342  0.589249
 0.343  0.588590
 0.344  0.586881
 0.345  0.586233
 0.346  0.584585
 0.347  0.583826
 0.348  0.582650
 0.349  0.581206
 0.350  0.580361
 0.351  0.578698
 0.352  0.578090
 0.353  0.576423
 0.354  0.575755
 0.355  0.574310
 0.356  0.573541
 0.357  0.572452
 0.358  0.570976
 0.359  0.570158
 0.360  0.568626
 0.361  0.568092
 0.362  0.566500
 0.363  0.565729
 0.364  0.564379
 0.365  0.563773
 0.366  0.562178
 0.367  0.561325
 0.368  0.560320
 0.369  0.559136
 0.370  0.557854
 0.371  0.557042
 0.372  0.556129
 0.373  0.555080
 0.374  0.554281
 0.375  0.552989
 0.376  0.552086
 0.377  0.550992
 0.378  0.549595
 0.379  0.549246
 0.380  0.547681
 0.381  0.546814
 0.382  0.545455
 0.383  0.539139
 0.384  0.538941
 0.385  0.539065
 0.386  0.538263
 0.387  0.538857
 0.388  0.538928
 0.389  0.539121
 0.390  0.539743
 0.391  0.539892
 0.392  0.542669
 0.393  0.552471
 0.394  0.538445
 0.395  0.536651
 0.396  0.533164
 0.397  0.530228
 0.398  0.529268
 0.399  0.526618
 0.400  0.525052
 0.401  0.522959
 0.402  0.521669
 0.403  0.525279
 0.404  0.525673
 0.405  0.524304
 0.406  0.523272
 0.407  0.522615
 0.408  0.521098
 0.409  0.520907
 0.410  0.519916
 0.411  0.518767
 0.412  0.517889
 0.413  0.517437
 0.414  0.516235
 0.415  0.515103
 0.416  0.514815
 0.417  0.513763
 0.418  0.512830
 0.419  0.510654
 0.420  0.511663
 0.421  0.510224
 0.422  0.509458
 0.423  0.508838
 0.424  0.507633
 0.425  0.507031
 0.426  0.504875
 0.427  0.505829
 0.428  0.504031
 0.429  0.503823
 0.430  0.503415
 0.431  0.501689
 0.432  0.501457
 0.433  0.499544
 0.434  0.499862
 0.435  0.498137
 0.436  0.498680
 0.437  0.498044
 0.438  0.495473
 0.439  0.496161
 0.440  0.495229
 0.441  0.493577
 0.442  0.493100
 0.443  0.493070
 0.444  0.491690
 0.445  0.490117
 0.446  0.490689
 0.447  0.489764
 0.448  0.487470
 0.449  0.487650
 0.450  0.486512
 0.451  0.485192
 0.452  0.484963
 0.453  0.484865
 0.454  0.483018
 0.455  0.482657
 0.456  0.483380
 0.457  0.480942
 0.458  0.481190
 0.459  0.481332
 0.460  0.478976
 0.461  0.479545
 0.462  0.478795
 0.463  0.477205
 0.464  0.477069
 0.465  0.476311
 0.466  0.475631
 0.467  0.474579
 0.468  0.473836
 0.469  0.473528
 0.470  0.472078
 0.471  0.471082
 0.472  0.470413
 0.473  0.469617
 0.474  0.472360
 0.475  0.467890
 0.476  0.468619
 0.477  0.467643
 0.478  0.465462
 0.479  0.467967
 0.480  0.463750
 0.481  0.466211
 0.482  0.464318
 0.483  0.462291
 0.484  0.463643
 0.485  0.459669
 0.486  0.461852
 0.487  0.459779
 0.488  0.460100
 0.489  0.461448
 0.490  0.458354
 0.491  0.457543
 0.492  0.460411
 0.493  0.455775
 0.494  0.455902
 0.495  0.454029
 0.496  0.455668
 0.497  0.452294
 0.498  0.455243
 0.499  0.450602
 0.500  0.454920
 0.501  0.455261
 0.502  0.453334
 0.503  0.449089
 0.504  0.450822
 0.505  0.447114
 0.506  0.447103
 0.507  0.445989
 0.508  0.444110
 0.509  0.445143
 0.510  0.456990
 0.511  0.449723
 0.512  0.442222
 0.513  0.440565
 0.514  0.441149
 0.515  0.439567
 0.516  0.438636
 0.517  0.457107
 0.518  0.437329
 0.519  0.435925
 0.520  0.458051
 0.521  0.434476
 0.522  0.435479
 0.523  0.429769
 0.524  0.434508
 0.525  0.387182
 0.526  0.391213
 0.527  0.396472
 0.528  0.401390
 0.529  0.406547
 0.530  0.428887
 0.531  0.428763
 0.532  0.447679
 0.533  0.487656
 0.534  0.454702
 0.535  0.444829
 0.536  0.440441
 0.537  0.437663
 0.538  0.435618
 0.539  0.434157
 0.540  0.432655
 0.541  0.431538
 0.542  0.430701
 0.543  0.429705
 0.544  0.428674
 0.545  0.427954
 0.546  0.427367
 0.547  0.426482
 0.548  0.425756
 0.549  0.425115
 0.550  0.424497
 0.551  0.423884
 0.552  0.423250
 0.553  0.422502
 0.554  0.421782
 0.555  0.421165
 0.556  0.420678
 0.557  0.420300
 0.558  0.419794
 0.559  0.418987
 0.560  0.418206
 0.561  0.417699
 0.562  0.417167
 0.563  0.416605
 0.564  0.415748
 0.565  0.416157
 0.566  0.414904
 0.567  0.399255
 0.568  0.227879
 0.569  0.227799
 0.570  0.227728
 0.571  0.227676
 0.572  0.227612
 0.573  0.227541
 0.574  0.227480
 0.575  0.227442
 0.576  0.227372
 0.577  0.227309
 0.578  0.227259
 0.579  0.227217
 0.580  0.227154
 0.581  0.227099
 0.582  0.227075
 0.583  0.227012
 0.584  0.226955
 0.585  0.226909
 0.586  0.226881
 0.587  0.226823
 0.588  0.226773
 0.589  0.226741
 0.590  0.226703
 0.591  0.226650
 0.592  0.226608
 0.593  0.226592
 0.594  0.226538
 0.595  0.226492
 0.596  0.226462
 0.597  0.226435
 0.598  0.226387
 0.599  0.226349
 0.600  0.226342
 0.601  0.226292
 0.602  0.226250
 0.603  0.226223
 0.604  0.226205
 0.605  0.226161
 0.606  0.226127
 0.607  0.226127
 0.608  0.226080
 0.609  0.226043
 0.610  0.226021
 0.611  0.226008
 0.612  0.225968
 0.613  0.225939
 0.614  0.225944
 0.615  0.225902
 0.616  0.225868
 0.617  0.225852
 0.618  0.225843
 0.619  0.225807
 0.620  0.225783
 0.621  0.225792
 0.622  0.225754
 0.623  0.225726
 0.624  0.225719
 0.625  0.225708
 0.626  0.225677
 0.627  0.225660
 0.628  0.225670
 0.629  0.225636
 0.630  0.225614
 0.631  0.225624
 0.632  0.225603
 0.633  0.225577
 0.634  0.225570
 0.635  0.225576
 0.636  0.225549
 0.637  0.225534
 0.638  0.225557
 0.639  0.225527
 0.640  0.225509
 0.641  0.225516
 0.642  0.225513
 0.643  0.225491
 0.644  0.225488
 0.645  0.225505
 0.646  0.225481
 0.647  0.225472
 0.648  0.225503
 0.649  0.225478
 0.650  0.225465
 0.651  0.225483
 0.652  0.225482
 0.653  0.225466
 0.654  0.225472
 0.655  0.225492
 0.656  0.225474
 0.657  0.225474
 0.658  0.225508
 0.659  0.225489
 0.660  0.225485
 0.661  0.225531
 0.662  0.225511
 0.663  0.225504
 0.664  0.225527
 0.665  0.225539
 0.666  0.225530
 0.667  0.225544
 0.668  0.225572
 0.669  0.225562
 0.670  0.225571
 0.671  0.225613
 0.672  0.225601
 0.673  0.225608
 0.674  0.225659
 0.675  0.225647
 0.676  0.225651
 0.677  0.225711
 0.678  0.225699
 0.679  0.225701
 0.680  0.225743
 0.681  0.225757
 0.682  0.225758
 0.683  0.225791
 0.684  0.225820
 0.685  0.225822
 0.686  0.225850
 0.687  0.225891
 0.688  0.225892
 0.689  0.225918
 0.690  0.225967
 0.691  0.225968
 0.692  0.225993
 0.693  0.226049
 0.694  0.226051
 0.695  0.226076
 0.696  0.226137
 0.697  0.226140
 0.698  0.226166
 0.699  0.226232
 0.700  0.226235
 0.701  0.226262
 0.702  0.226332
 0.703  0.226337
 0.704  0.226365
 0.705  0.226439
 0.706  0.226445
 0.707  0.226476
 0.708  0.226551
 0.709  0.226560
 0.710  0.226594
 0.711  0.226670
 0.712  0.226681
 0.713  0.226719
 0.714  0.226796
 0.715  0.226809
 0.716  0.226851
 0.717  0.226927
 0.718  0.226944
 0.719  0.226993
 0.720  0.227066
 0.721  0.227087
 0.722  0.227143
 0.723  0.227211
 0.724  0.227236
 0.725  0.227305
 0.726  0.227363
 0.727  0.227394
 0.728  0.227484
 0.729  0.227523
 0.730  0.227560
 0.731  0.227672
 0.732  0.227690
 0.733  0.227735
 0.734  0.227842
 0.735  0.227866
 0.736  0.227921
 0.737  0.228019
 0.738  0.228049
 0.739  0.228120
 0.740  0.228204
 0.741  0.228243
 0.742  0.228343
 0.743  0.228398
 0.744  0.228447
 0.745  0.228572
 0.746  0.228600
 0.747  0.228663
 0.748  0.228776
 0.749  0.228813
 0.750  0.228898
 0.751  0.228989
 0.752  0.229038
 0.753  0.229181
 0.754  0.229212
 0.755  0.229278
 0.756  0.229405
 0.757  0.229447
 0.758  0.229538
 0.759  0.229639
 0.760  0.229696
 0.761  0.229848
 0.762  0.229885
 0.763  0.229963
 0.764  0.230093
 0.765  0.230146
 0.766  0.230262
 0.767  0.230352
 0.768  0.230424
 0.769  0.230574
 0.770  0.230625
 0.771  0.230730
 0.772  0.230845
 0.773  0.230917
 0.774  0.231081
 0.775  0.231132
 0.776  0.231237
 0.777  0.231367
 0.778  0.231441
 0.779  0.231614
 0.780  0.231670
 0.781  0.231782
 0.782  0.231916
 0.783  0.231996
 0.784  0.232175
 0.785  0.232237
 0.786  0.232365
 0.787  0.232493
 0.788  0.232586
 0.789  0.232763
 0.790  0.232836
 0.791  0.233005
 0.792  0.233102
 0.793  0.233216
 0.794  0.233382
 0.795  0.233472
 0.796  0.233674
 0.797  0.233746
 0.798  0.233901
 0.799  0.234035
 0.800  0.234152
 0.801  0.234335
 0.802  0.234431
 0.803  0.234646
 0.804  0.234727
 0.805  0.234908
 0.806  0.235035
 0.807  0.235173
 0.808  0.235354
 0.809  0.235471
 0.810  0.235683
 0.811  0.235784
 0.812  0.236021
 0.813  0.236110
 0.814  0.236315
 0.815  0.236447
 0.816  0.236611
 0.817  0.236794
 0.818  0.236937
 0.819  0.237149
 0.820  0.237279
 0.821  0.237514
 0.822  0.237633
 0.823  0.237886
 0.824  0.237998
 0.825  0.238265
 0.826  0.238372
 0.827  0.238653
 0.828  0.238755
 0.829  0.239011
 0.830  0.239146
 0.831  0.239374
 0.832  0.239546
 0.833  0.239764
 0.834  0.239954
 0.835  0.240170
 0.836  0.240371
 0.837  0.240588
 0.838  0.240795
 0.839  0.241021
 0.840  0.241228
 0.841  0.241468
 0.842  0.241670
 0.843  0.241935
 0.844  0.242120
 0.845  0.242435
 0.846  0.242581
 0.847  0.242916
 0.848  0.243053
 0.849  0.243383
 0.850  0.243536
 0.851  0.243859
 0.852  0.244034
 0.853  0.244346
 0.854  0.244551
 0.855  0.244844
 0.856  0.245096
 0.857  0.245354
 0.858  0.245733
 0.859  0.245882
 0.860  0.246246
 0.861  0.246431
 0.862  0.246771
 0.863  0.247014
 0.864  0.247315
 0.865  0.247722
 0.866  0.247883
 0.867  0.248264
 0.868  0.248486
 0.869  0.248828
 0.870  0.249190
 0.871  0.249422
 0.872  0.249825
 0.873  0.250066
 0.874  0.250417
 0.875  0.250860
 0.876  0.251053
 0.877  0.251453
 0.878  0.251786
 0.879  0.252091
 0.880  0.252524
 0.881  0.252815
 0.882  0.253170
 0.883  0.253624
 0.884  0.253909
 0.885  0.254285
 0.886  0.254752
 0.887  0.255059
 0.888  0.255435
 0.889  0.255906
 0.890  0.256297
 0.891  0.256630
 0.892  0.257093
 0.893  0.257613
 0.894  0.257891
 0.895  0.258324
 0.896  0.258827
 0.897  0.259376
 0.898  0.259635
 0.899  0.260099
 0.900  0.260621
 0.901  0.261183
 0.902  0.261506
 0.903  0.261958
 0.904  0.262478
 0.905  0.263034
 0.906  0.263619
 0.907  0.263993
 0.908  0.264453
 0.909  0.264979
 0.910  0.265539
 0.911  0.266120
 0.912  0.266718
 0.913  0.267332
 0.914  0.267895
 0.915  0.268331
 0.916  0.268865
 0.917  0.269432
 0.918  0.270019
 0.919  0.270620
 0.920  0.271232
 0.921  0.271855
 0.922  0.272487
 0.923  0.273134
 0.924  0.273801
 0.925  0.274509
 0.926  0.275361
 0.927  0.276054
 0.928  0.276657
 0.929  0.277276
 0.930  0.277926
 0.931  0.278660
 0.932  0.279729
 0.933  0.280275
 0.934  0.280908
 0.935  0.281887
 0.936  0.282614
 0.937  0.283283
 0.938  0.284355
 0.939  0.284928
 0.940  0.285995
 0.941  0.286740
 0.942  0.287538
 0.943  0.288612
 0.944  0.289731
 0.945  0.290800
 0.946  0.291726
 0.947  0.292461
 0.948  0.293112
 0.949  0.294895
 0.950  0.295080
 0.951  0.296176
 0.952  0.297459
 0.953  0.297809
 0.954  0.298585
 0.955  0.000000
 0.956  0.000000
 0.957  0.000000
 0.958  0.000000
 0.959  0.000000
 0.960  0.000000
 0.961  0.000000
 0.962  0.000000
 0.963  0.000000
 0.964  0.000000
 0.965  0.000000
 0.966  0.000000
 0.967  0.000000
 0.968  0.000000
 0.969  0.000000
 0.970  0.000000
 0.971  0.000000
 0.972  0.000000
 0.973  0.000000
 0.974  0.000000
 0.975  0.000000
 0.976  0.000000
 0.977  0.000000
 0.978  0.000000
 0.979  0.000000
 0.980  0.000000
 0.981  0.000000
 0.982  0.000000
 0.983  0.000000
 0.984  0.000000
 0.985  0.000000
 0.986  0.000000
 0.987  0.000000
 0.988  0.000000
 0.989  0.000000
 0.990  0.000000
 0.991  0.000000
 0.992  0.000000
 0.993  0.000000
 0.994  0.000000
 0.995  0.000000
 0.996  0.000000
 0.997  0.000000
 0.998  0.000000
 0.999  0.000000
 1.000  0.000000
