-0.0400  1.703134
-0.0399  1.705254
-0.0398  1.706688
-0.0397  1.709352
-0.0396  1.712090
-0.0395  1.716297
-0.0394  1.719345
-0.0393  1.722028
-0.0392  1.724457
-0.0391  1.726771
-0.0390  1.729004
-0.0389  1.732694
-0.0388  1.735913
-0.0387  1.738711
-0.0386  1.741275
-0.0385  1.743621
-0.0384  1.745595
-0.0383  1.748254
-0.0382  1.753265
-0.0381  1.759928
-0.0380  1.765337
-0.0379  1.769420
-0.0378  1.773376
-0.0377  1.777004
-0.0376  1.780105
-0.0375  1.783153
-0.0374  1.788559
-0.0373  1.793148
-0.0372  1.797018
-0.0371  1.801361
-0.0370  1.809710
-0.0369  1.816079
-0.0368  1.822007
-0.0367  1.831712
-0.0366  1.838718
-0.0365  1.845112
-0.0364  1.851073
-0.0363  1.856874
-0.0362  1.864234
-0.0361  1.884993
-0.0360  1.897229
-0.0359  1.907859
-0.0358  1.917274
-0.0357  1.927687
-0.0356  1.949229
-0.0355  1.978013
-0.0354  2.004796
-0.0353  2.032051
-0.0352  2.081922
-0.0351  2.173176
-0.0350  2.508061
-0.0349  2.171008
-0.0348  2.091832
-0.0347  2.024612
-0.0346  2.004255
-0.0345  1.980834
-0.0344  1.944405
-0.0343  1.934201
-0.0342  1.919462
-0.0341  1.905795
-0.0340  1.894600
-0.0339  1.874620
-0.0338  1.865825
-0.0337  1.860092
-0.0336  1.851032
-0.0335  1.839497
-0.0334  1.833030
-0.0333  1.825384
-0.0332  1.814493
-0.0331  1.806963
-0.0330  1.802181
-0.0329  1.796986
-0.0328  1.790106
-0.0327  1.786129
-0.0326  1.780848
-0.0325  1.775554
-0.0324  1.765309
-0.0323  1.762235
-0.0322  1.759388
-0.0321  1.753639
-0.0320  1.746062
-0.0319  1.742964
-0.0318  1.739819
-0.0317  1.736768
-0.0316  1.729348
-0.0315  1.725514
-0.0314  1.720857
-0.0313  1.717265
-0.0312  1.713358
-0.0311  1.710064
-0.0310  1.706676
-0.0309  1.703336
-0.0308  1.698629
-0.0307  1.695151
-0.0306  1.693640
-0.0305  1.689554
-0.0304  1.684781
-0.0303  1.678979
-0.0302  1.675890
-0.0301  1.674614
-0.0300  1.672131
-0.0299  1.666636
-0.0298  1.664027
-0.0297  1.661453
-0.0296  1.658509
-0.0295  1.655982
-0.0294  1.651385
-0.0293  1.648679
-0.0292  1.646025
-0.0291  1.643204
-0.0290  1.639607
-0.0289  1.637821
-0.0288  1.635272
-0.0287  1.632098
-0.0286  1.627053
-0.0285  1.624813
-0.0284  1.623793
-0.0283  1.620146
-0.0282  1.616047
-0.0281  1.612851
-0.0280  1.611066
-0.0279  1.609231
-0.0278  1.607499
-0.0277  1.602799
-0.0276  1.600277
-0.0275  1.598643
-0.0274  1.597219
-0.0273  1.593768
-0.0272  1.590986
-0.0271  1.587847
-0.0270  1.585091
-0.0269  1.580937
-0.0268  1.579676
-0.0267  1.578410
-0.0266  1.575205
-0.0265  1.570938
-0.0264  1.567820
-0.0263  1.566579
-0.0262  1.566364
-0.0261  1.563366
-0.0260  1.559506
-0.0259  1.558261
-0.0258  1.556751
-0.0257  1.555465
-0.0256  1.550479
-0.0255  1.547871
-0.0254  1.545109
-0.0253  1.541890
-0.0252  1.539480
-0.0251  1.537483
-0.0250  1.535104
-0.0249  1.532898
-0.0248  1.529567
-0.0247  1.529761
-0.0246  1.528295
-0.0245  1.525274
-0.0244  1.521933
-0.0243  1.520039
-0.0242  1.519057
-0.0241  1.515955
-0.0240  1.510938
-0.0239  1.508777
-0.0238  1.506904
-0.0237  1.506265
-0.0236  1.502168
-0.0235  1.500244
-0.0234  1.497908
-0.0233  1.495127
-0.0232  1.495029
-0.0231  1.493718
-0.0230  1.492076
-0.0229  1.487676
-0.0228  1.485251
-0.0227  1.484383
-0.0226  1.480394
-0.0225  1.475301
-0.0224  1.473713
-0.0223  1.474307
-0.0222  1.470944
-0.0221  1.466564
-0.0220  1.465908
-0.0219  1.465813
-0.0218  1.465585
-0.0217  1.461924
-0.0216  1.459501
-0.0215  1.456322
-0.0214  1.453552
-0.0213  1.450507
-0.0212  1.446906
-0.0211  1.443521
-0.0210  1.444822
-0.0209  1.441497
-0.0208  1.438750
-0.0207  1.439072
-0.0206  1.439197
-0.0205  1.435454
-0.0204  1.429681
-0.0203  1.427644
-0.0202  1.426153
-0.0201  1.420909
-0.0200  1.420645
-0.0199  1.422263
-0.0198  1.419043
-0.0197  1.416516
-0.0196  1.414573
-0.0195  1.438471
-0.0194  1.532445
-0.0193  1.526967
-0.0192  1.540887
-0.0191  1.531621
-0.0190  1.528986
-0.0189  1.604049
-0.0188  1.547673
-0.0187  1.534859
-0.0186  1.548024
-0.0185  1.542042
-0.0184  1.570351
-0.0183  1.526549
-0.0182  1.548551
-0.0181  1.510060
-0.0180  1.483141
-0.0179  1.484785
-0.0178  1.488763
-0.0177  1.498982
-0.0176  1.479579
-0.0175  1.465252
-0.0174  1.494358
-0.0173  1.447396
-0.0172  1.098134
-0.0171  1.100007
-0.0170  1.101845
-0.0169  1.103855
-0.0168  1.105935
-0.0167  1.107969
-0.0166  1.112636
-0.0165  1.118881
-0.0164  1.119583
-0.0163  1.120946
-0.0162  1.122258
-0.0161  1.124374
-0.0160  1.126717
-0.0159  1.129485
-0.0158  1.132161
-0.0157  1.134777
-0.0156  1.137344
-0.0155  1.139270
-0.0154  1.141362
-0.0153  1.143384
-0.0152  1.146738
-0.0151  1.150219
-0.0150  1.153342
-0.0149  1.157537
-0.0148  1.159702
-0.0147  1.161691
-0.0146  1.163705
-0.0145  1.166540
-0.0144  1.168930
-0.0143  1.171253
-0.0142  1.173926
-0.0141  1.176921
-0.0140  1.180092
-0.0139  1.183069
-0.0138  1.186685
-0.0137  1.190001
-0.0136  1.193113
-0.0135  1.195698
-0.0134  1.198111
-0.0133  1.200422
-0.0132  1.202587
-0.0131  1.206502
-0.0130  1.210487
-0.0129  1.213746
-0.0128  1.216910
-0.0127  1.219894
-0.0126  1.222682
-0.0125  1.225280
-0.0124  1.228185
-0.0123  1.231631
-0.0122  1.235098
-0.0121  1.238587
-0.0120  1.242575
-0.0119  1.246615
-0.0118  1.249849
-0.0117  1.253033
-0.0116  1.256896
-0.0115  1.259888
-0.0114  1.262970
-0.0113  1.266436
-0.0112  1.269341
-0.0111  1.272098
-0.0110  1.276735
-0.0109  1.282293
-0.0108  1.286886
-0.0107  1.290822
-0.0106  1.294468
-0.0105  1.297758
-0.0104  1.301432
-0.0103  1.305026
-0.0102  1.309208
-0.0101  1.314614
-0.0100  1.319707
-0.0099  1.323986
-0.0098  1.329059
-0.0097  1.333553
-0.0096  1.337271
-0.0095  1.341911
-0.0094  1.346670
-0.0093  1.352236
-0.0092  1.358280
-0.0091  1.363472
-0.0090  1.368363
-0.0089  1.373371
-0.0088  1.380199
-0.0087  1.387180
-0.0086  1.393130
-0.0085  1.402078
-0.0084  1.409529
-0.0083  1.414861
-0.0082  1.420106
-0.0081  1.425893
-0.0080  1.437337
-0.0079  1.451269
-0.0078  1.460946
-0.0077  1.470383
-0.0076  1.478758
-0.0075  1.485774
-0.0074  1.511440
-0.0073  1.533288
-0.0072  1.547095
-0.0071  1.564067
-0.0070  1.647229
-0.0069  1.828786
-0.0068  1.642168
-0.0067  1.614790
-0.0066  1.582802
-0.0065  1.551327
-0.0064  1.544473
-0.0063  1.537669
-0.0062  1.531048
-0.0061  1.523265
-0.0060  1.512514
-0.0059  1.507734
-0.0058  1.506361
-0.0057  1.504678
-0.0056  1.502642
-0.0055  1.500060
-0.0054  1.496624
-0.0053  1.492675
-0.0052  1.492839
-0.0051  1.492197
-0.0050  1.491422
-0.0049  1.491585
-0.0048  1.491335
-0.0047  1.490854
-0.0046  1.489056
-0.0045  1.489855
-0.0044  1.490917
-0.0043  1.490953
-0.0042  1.491055
-0.0041  1.491219
-0.0040  1.491353
-0.0039  1.491534
-0.0038  1.492793
-0.0037  1.493626
-0.0036  1.495060
-0.0035  1.496593
-0.0034  1.498151
-0.0033  1.500103
-0.0032  1.500958
-0.0031  1.502927
-0.0030  1.503947
-0.0029  1.504263
-0.0028  1.506292
-0.0027  1.507655
-0.0026  1.509072
-0.0025  1.512446
-0.0024  1.515101
-0.0023  1.517426
-0.0022  1.519548
-0.0021  1.520091
-0.0020  1.521299
-0.0019  1.525213
-0.0018  1.529200
-0.0017  1.532035
-0.0016  1.535074
-0.0015  1.536863
-0.0014  1.538274
-0.0013  1.540847
-0.0012  1.544855
-0.0011  1.548078
-0.0010  1.550268
-0.0009  1.553035
-0.0008  1.556950
-0.0007  1.559699
-0.0006  1.565331
-0.0005  1.570965
-0.0004  1.575191
-0.0003  1.577950
-0.0002  1.580955
-0.0001  1.584015
 0.0000  1.589317
 0.0001  1.592075
 0.0002  1.595617
 0.0003  1.599673
 0.0004  1.603849
 0.0005  1.609360
 0.0006  1.617447
 0.0007  1.624390
 0.0008  1.630536
 0.0009  1.635884
 0.0010  1.640158
 0.0011  1.645238
 0.0012  1.650687
 0.0013  1.655654
 0.0014  1.660367
 0.0015  1.666569
 0.0016  1.673325
 0.0017  1.684857
 0.0018  1.695312
 0.0019  1.702916
 0.0020  1.710634
 0.0021  1.715012
 0.0022  1.724235
 0.0023  1.733030
 0.0024  1.741401
 0.0025  1.749883
 0.0026  1.758838
 0.0027  1.772551
 0.0028  1.786764
 0.0029  1.799946
 0.0030  1.809791
 0.0031  1.822103
 0.0032  1.836820
 0.0033  1.849708
 0.0034  1.863318
 0.0035  1.878385
 0.0036  1.898865
 0.0037  1.917903
 0.0038  1.937617
 0.0039  1.957168
 0.0040  1.980734
 0.0041  2.009832
 0.0042  2.036784
 0.0043  2.063058
 0.0044  2.097807
 0.0045  2.136970
 0.0046  2.178919
 0.0047  2.227615
 0.0048  2.300032
 0.0049  2.369206
 0.0050  2.469038
 0.0051  2.622297
 0.0052  2.897425
 0.0053  3.106825
 0.0054  2.770658
 0.0055  2.572943
 0.0056  2.454595
 0.0057  2.359145
 0.0058  2.359144
 0.0059  2.268755
 0.0060  2.231569
 0.0061  2.192417
 0.0062  2.159344
 0.0063  2.118354
 0.0064  2.093748
 0.0065  2.104188
 0.0066  2.070209
 0.0067  1.998461
 0.0068  1.724829
 0.0069  1.114942
 0.0070  1.109263
 0.0071  1.109669
 0.0072  1.099656
 0.0073  1.090488
 0.0074  1.085157
 0.0075  1.084802
 0.0076  1.081238
 0.0077  1.072906
 0.0078  1.068391
 0.0079  1.075421
 0.0080  1.059502
 0.0081  1.075206
 0.0082  1.041034
 0.0083  0.923673
 0.0084  0.915749
 0.0085  0.912847
 0.0086  0.910025
 0.0087  0.907223
 0.0088  0.904571
 0.0089  0.901897
 0.0090  0.899441
 0.0091  0.897051
 0.0092  0.895638
 0.0093  0.894171
 0.0094  0.892541
 0.0095  0.890883
 0.0096  0.889203
 0.0097  0.887708
 0.0098  0.886144
 0.0099  0.884545
 0.0100  0.882972
 0.0101  0.881331
 0.0102  0.879760
 0.0103  0.878238
 0.0104  0.876904
 0.0105  0.875597
 0.0106  0.874315
 0.0107  0.873747
 0.0108  0.873719
 0.0109  0.873171
 0.0110  0.872514
 0.0111  0.871816
 0.0112  0.871085
 0.0113  0.870324
 0.0114  0.869426
 0.0115  0.868592
 0.0116  0.867920
 0.0117  0.867285
 0.0118  0.866626
 0.0119  0.865979
 0.0120  0.865325
 0.0121  0.865154
 0.0122  0.866278
 0.0123  0.866666
 0.0124  0.866794
 0.0125  0.866848
 0.0126  0.866797
 0.0127  0.866608
 0.0128  0.866499
 0.0129  0.866468
 0.0130  0.866422
 0.0131  0.866362
 0.0132  0.866148
 0.0133  0.866037
 0.0134  0.866286
 0.0135  0.869025
 0.0136  0.870412
 0.0137  0.871428
 0.0138  0.872281
 0.0139  0.872954
 0.0140  0.873387
 0.0141  0.874067
 0.0142  0.874705
 0.0143  0.875291
 0.0144  0.875849
 0.0145  0.876335
 0.0146  0.879342
 0.0147  0.883203
 0.0148  0.885718
 0.0149  0.887822
 0.0150  0.889679
 0.0151  0.891350
 0.0152  0.892771
 0.0153  0.894164
 0.0154  0.895659
 0.0155  0.897045
 0.0156  0.903257
 0.0157  0.909845
 0.0158  0.914489
 0.0159  1.122788
 0.0160  1.142783
 0.0161  1.162092
 0.0162  1.165123
 0.0163  1.185996
 0.0164  1.196686
 0.0165  1.216607
 0.0166  1.238509
 0.0167  1.257816
 0.0168  1.276370
 0.0169  1.291416
 0.0170  1.337620
 0.0171  1.381270
 0.0172  1.416454
 0.0173  1.481503
 0.0174  1.592611
 0.0175  1.797052
 0.0176  1.891756
 0.0177  1.591505
 0.0178  1.475385
 0.0179  1.388531
 0.0180  1.327644
 0.0181  1.282964
 0.0182  1.245444
 0.0183  1.203059
 0.0184  1.180911
 0.0185  1.155350
 0.0186  1.126451
 0.0187  1.110539
 0.0188  1.094547
 0.0189  1.072154
 0.0190  1.057070
 0.0191  1.045755
 0.0192  1.032310
 0.0193  1.018616
 0.0194  1.001027
 0.0195  0.992728
 0.0196  0.985189
 0.0197  0.975641
 0.0198  0.966755
 0.0199  0.957189
 0.0200  0.946664
 0.0201  0.939403
 0.0202  0.932567
 0.0203  0.927521
 0.0204  0.920860
 0.0205  0.909955
 0.0206  0.904177
 0.0207  0.898365
 0.0208  0.888849
 0.0209  0.883623
 0.0210  0.883591
 0.0211  0.873916
 0.0212  0.871991
 0.0213  0.861167
 0.0214  0.732141
 0.0215  0.726591
 0.0216  0.724110
 0.0217  0.721943
 0.0218  0.720149
 0.0219  0.718357
 0.0220  0.716486
 0.0221  0.714691
 0.0222  0.712853
 0.0223  0.710716
 0.0224  0.708273
 0.0225  0.704849
 0.0226  0.701561
 0.0227  0.700588
 0.0228  0.699596
 0.0229  0.698634
 0.0230  0.697631
 0.0231  0.696618
 0.0232  0.694309
 0.0233  0.692442
 0.0234  0.690657
 0.0235  0.688868
 0.0236  0.686816
 0.0237  0.684427
 0.0238  0.680746
 0.0239  0.679894
 0.0240  0.678987
 0.0241  0.678148
 0.0242  0.677338
 0.0243  0.676514
 0.0244  0.675658
 0.0245  0.674716
 0.0246  0.673725
 0.0247  0.672689
 0.0248  0.671654
 0.0249  0.669539
 0.0250  0.667735
 0.0251  0.665740
 0.0252  0.662994
 0.0253  0.661017
 0.0254  0.660301
 0.0255  0.659583
 0.0256  0.658856
 0.0257  0.658117
 0.0258  0.657340
 0.0259  0.656531
 0.0260  0.655664
 0.0261  0.654873
 0.0262  0.654054
 0.0263  0.653188
 0.0264  0.652315
 0.0265  0.651358
 0.0266  0.650409
 0.0267  0.649440
 0.0268  0.647135
 0.0269  0.644100
 0.0270  0.643236
 0.0271  0.642586
 0.0272  0.641921
 0.0273  0.641185
 0.0274  0.640447
 0.0275  0.639736
 0.0276  0.639009
 0.0277  0.638256
 0.0278  0.637486
 0.0279  0.636805
 0.0280  0.636122
 0.0281  0.635417
 0.0282  0.634674
 0.0283  0.633917
 0.0284  0.633124
 0.0285  0.632284
 0.0286  0.631384
 0.0287  0.630377
 0.0288  0.628380
 0.0289  0.626472
 0.0290  0.625778
 0.0291  0.625203
 0.0292  0.624620
 0.0293  0.624029
 0.0294  0.623427
 0.0295  0.622809
 0.0296  0.622181
 0.0297  0.621540
 0.0298  0.620933
 0.0299  0.620290
 0.0300  0.619608
 0.0301  0.618942
 0.0302  0.618225
 0.0303  0.617521
 0.0304  0.616859
 0.0305  0.616048
 0.0306  0.615357
 0.0307  0.614613
 0.0308  0.613817
 0.0309  0.612887
 0.0310  0.610892
 0.0311  0.610345
 0.0312  0.609777
 0.0313  0.609181
 0.0314  0.608532
 0.0315  0.607929
 0.0316  0.607402
 0.0317  0.606869
 0.0318  0.606320
 0.0319  0.605757
 0.0320  0.605188
 0.0321  0.604614
 0.0322  0.604023
 0.0323  0.603422
 0.0324  0.602814
 0.0325  0.602169
 0.0326  0.601496
 0.0327  0.600782
 0.0328  0.600254
 0.0329  0.599643
 0.0330  0.599005
 0.0331  0.598287
 0.0332  0.597468
 0.0333  0.596242
 0.0334  0.595459
 0.0335  0.594933
 0.0336  0.594434
 0.0337  0.593912
 0.0338  0.593353
 0.0339  0.592761
 0.0340  0.592250
 0.0341  0.591728
 0.0342  0.591230
 0.0343  0.590726
 0.0344  0.590223
 0.0345  0.589715
 0.0346  0.589192
 0.0347  0.588657
 0.0348  0.588120
 0.0349  0.587552
 0.0350  0.586967
 0.0351  0.586338
 0.0352  0.585777
 0.0353  0.585199
 0.0354  0.584578
 0.0355  0.583963
 0.0356  0.583346
 0.0357  0.582621
 0.0358  0.581730
 0.0359  0.581290
 0.0360  0.580821
 0.0361  0.580329
 0.0362  0.579796
 0.0363  0.579152
 0.0364  0.578711
 0.0365  0.578266
 0.0366  0.577811
 0.0367  0.577342
 0.0368  0.576879
 0.0369  0.576428
 0.0370  0.575963
 0.0371  0.575490
 0.0372  0.575004
 0.0373  0.574491
 0.0374  0.573919
 0.0375  0.573431
 0.0376  0.572951
 0.0377  0.572453
 0.0378  0.571949
 0.0379  0.571422
 0.0380  0.570873
 0.0381  0.570298
 0.0382  0.569695
 0.0383  0.568865
 0.0384  0.568358
 0.0385  0.567876
 0.0386  0.567498
 0.0387  0.567104
 0.0388  0.566709
 0.0389  0.566279
 0.0390  0.565838
 0.0391  0.565393
 0.0392  0.564941
 0.0393  0.564495
 0.0394  0.564074
 0.0395  0.563639
 0.0396  0.563185
 0.0397  0.562668
 0.0398  0.562242
 0.0399  0.561829
 0.0400  0.561414
