-0.0400  1.623910
-0.0399  1.621502
-0.0398  1.620483
-0.0397  1.619410
-0.0396  1.619563
-0.0395  1.621874
-0.0394  1.625826
-0.0393  1.626431
-0.0392  1.617988
-0.0391  1.611895
-0.0390  1.619182
-0.0389  1.560231
-0.0388  1.560792
-0.0387  1.560351
-0.0386  1.560785
-0.0385  1.562772
-0.0384  1.563055
-0.0383  1.563236
-0.0382  1.563308
-0.0381  1.564706
-0.0380  1.565277
-0.0379  1.565468
-0.0378  1.565882
-0.0377  1.566786
-0.0376  1.567609
-0.0375  1.568236
-0.0374  1.568567
-0.0373  1.569528
-0.0372  1.571001
-0.0371  1.572635
-0.0370  1.573589
-0.0369  1.574455
-0.0368  1.575747
-0.0367  1.576263
-0.0366  1.576580
-0.0365  1.576808
-0.0364  1.579793
-0.0363  1.582035
-0.0362  1.583177
-0.0361  1.584223
-0.0360  1.584950
-0.0359  1.584519
-0.0358  1.584768
-0.0357  1.585373
-0.0356  1.587811
-0.0355  1.588881
-0.0354  1.590089
-0.0353  1.591342
-0.0352  1.592640
-0.0351  1.594133
-0.0350  1.596536
-0.0349  1.598959
-0.0348  1.602701
-0.0347  1.605471
-0.0346  1.607141
-0.0345  1.608283
-0.0344  1.609270
-0.0343  1.610813
-0.0342  1.613266
-0.0341  1.618786
-0.0340  1.621770
-0.0339  1.624235
-0.0338  1.626646
-0.0337  1.635751
-0.0336  1.641703
-0.0335  1.657405
-0.0334  1.665381
-0.0333  1.673071
-0.0332  1.680228
-0.0331  1.730308
-0.0330  1.681063
-0.0329  1.671867
-0.0328  1.657830
-0.0327  1.639705
-0.0326  1.628143
-0.0325  1.625800
-0.0324  1.620275
-0.0323  1.613978
-0.0322  1.607721
-0.0321  1.604836
-0.0320  1.602725
-0.0319  1.599944
-0.0318  1.595819
-0.0317  1.591311
-0.0316  1.586323
-0.0315  1.582109
-0.0314  1.579418
-0.0313  1.576856
-0.0312  1.574550
-0.0311  1.570382
-0.0310  1.566844
-0.0309  1.565222
-0.0308  1.563862
-0.0307  1.561795
-0.0306  1.559585
-0.0305  1.556217
-0.0304  1.552100
-0.0303  1.550491
-0.0302  1.548830
-0.0301  1.545711
-0.0300  1.544138
-0.0299  1.541712
-0.0298  1.538439
-0.0297  1.535596
-0.0296  1.533878
-0.0295  1.531834
-0.0294  1.529752
-0.0293  1.527758
-0.0292  1.525480
-0.0291  1.522685
-0.0290  1.521210
-0.0289  1.518598
-0.0288  1.516569
-0.0287  1.514718
-0.0286  1.513175
-0.0285  1.511610
-0.0284  1.508124
-0.0283  1.507243
-0.0282  1.506484
-0.0281  1.504865
-0.0280  1.501196
-0.0279  1.498900
-0.0278  1.495985
-0.0277  1.494032
-0.0276  1.492556
-0.0275  1.490916
-0.0274  1.489070
-0.0273  1.487756
-0.0272  1.527994
-0.0271  1.533378
-0.0270  1.531925
-0.0269  1.529089
-0.0268  1.527756
-0.0267  1.529319
-0.0266  1.530742
-0.0265  1.531401
-0.0264  1.531812
-0.0263  1.538183
-0.0262  1.533275
-0.0261  1.529782
-0.0260  1.528504
-0.0259  1.525987
-0.0258  1.522169
-0.0257  1.521964
-0.0256  1.523087
-0.0255  1.523640
-0.0254  1.524430
-0.0253  1.524276
-0.0252  1.522711
-0.0251  1.520944
-0.0250  1.520998
-0.0249  1.522041
-0.0248  1.526039
-0.0247  1.522825
-0.0246  1.520102
-0.0245  1.517371
-0.0244  1.514921
-0.0243  1.513951
-0.0242  1.515585
-0.0241  1.516669
-0.0240  1.516784
-0.0239  1.517023
-0.0238  1.513169
-0.0237  1.510765
-0.0236  1.511508
-0.0235  1.511592
-0.0234  1.511979
-0.0233  1.511526
-0.0232  1.510488
-0.0231  1.508540
-0.0230  1.508437
-0.0229  1.512609
-0.0228  1.510617
-0.0227  1.509604
-0.0226  1.507439
-0.0225  1.504955
-0.0224  1.503574
-0.0223  1.503114
-0.0222  1.502703
-0.0221  1.502628
-0.0220  1.501828
-0.0219  1.502391
-0.0218  1.503681
-0.0217  1.504861
-0.0216  1.503911
-0.0215  1.500280
-0.0214  1.499455
-0.0213  1.498546
-0.0212  1.495315
-0.0211  1.497100
-0.0210  1.497831
-0.0209  1.499990
-0.0208  1.501521
-0.0207  1.498695
-0.0206  1.494980
-0.0205  1.491427
-0.0204  1.490322
-0.0203  1.491372
-0.0202  1.492229
-0.0201  1.492785
-0.0200  1.492092
-0.0199  1.490296
-0.0198  1.489227
-0.0197  1.489396
-0.0196  1.489979
-0.0195  1.491541
-0.0194  1.491314
-0.0193  1.487351
-0.0192  1.487012
-0.0191  1.486503
-0.0190  1.485765
-0.0189  1.485056
-0.0188  1.484262
-0.0187  1.487075
-0.0186  1.486345
-0.0185  1.485115
-0.0184  1.484742
-0.0183  1.482747
-0.0182  1.480283
-0.0181  1.477558
-0.0180  1.476047
-0.0179  1.476957
-0.0178  1.477406
-0.0177  1.477652
-0.0176  1.479038
-0.0175  1.480097
-0.0174  1.478561
-0.0173  1.477652
-0.0172  1.477314
-0.0171  1.474782
-0.0170  1.475346
-0.0169  1.475339
-0.0168  1.474228
-0.0167  1.473550
-0.0166  1.472469
-0.0165  1.472693
-0.0164  1.475605
-0.0163  1.475374
-0.0162  1.471682
-0.0161  1.468760
-0.0160  1.468261
-0.0159  1.468670
-0.0158  1.467210
-0.0157  1.465174
-0.0156  1.464798
-0.0155  1.463326
-0.0154  1.464397
-0.0153  1.465781
-0.0152  1.467471
-0.0151  1.469429
-0.0150  1.466071
-0.0149  1.460897
-0.0148  1.461345
-0.0147  1.462078
-0.0146  1.462424
-0.0145  1.462721
-0.0144  1.462220
-0.0143  1.460815
-0.0142  1.460832
-0.0141  1.462943
-0.0140  1.461877
-0.0139  1.459965
-0.0138  1.455862
-0.0137  1.453281
-0.0136  1.454255
-0.0135  1.454502
-0.0134  1.453597
-0.0133  1.454782
-0.0132  1.454687
-0.0131  1.454699
-0.0130  1.456335
-0.0129  1.456439
-0.0128  1.454205
-0.0127  1.451289
-0.0126  1.448832
-0.0125  1.448020
-0.0124  1.448618
-0.0123  1.449718
-0.0122  1.450148
-0.0121  1.450472
-0.0120  1.448338
-0.0119  1.448113
-0.0118  1.450258
-0.0117  1.448642
-0.0116  1.447440
-0.0115  1.445870
-0.0114  1.442288
-0.0113  1.443324
-0.0112  1.441935
-0.0111  1.441514
-0.0110  1.443268
-0.0109  1.443982
-0.0108  1.443905
-0.0107  1.442762
-0.0106  1.443650
-0.0105  1.442019
-0.0104  1.439600
-0.0103  1.437627
-0.0102  1.438377
-0.0101  1.438981
-0.0100  1.439273
-0.0099  1.439881
-0.0098  1.437014
-0.0097  1.433984
-0.0096  1.436765
-0.0095  1.436399
-0.0094  1.435643
-0.0093  1.435610
-0.0092  1.434381
-0.0091  1.435315
-0.0090  1.435240
-0.0089  1.434394
-0.0088  1.431657
-0.0087  1.429285
-0.0086  1.430056
-0.0085  1.431133
-0.0084  1.429998
-0.0083  1.428200
-0.0082  1.427065
-0.0081  1.425237
-0.0080  1.428943
-0.0079  1.429053
-0.0078  1.430480
-0.0077  1.427642
-0.0076  1.426632
-0.0075  1.428416
-0.0074  1.430060
-0.0073  1.428325
-0.0072  1.427014
-0.0071  1.422685
-0.0070  1.420080
-0.0069  1.418115
-0.0068  1.421851
-0.0067  1.410767
-0.0066  1.389464
-0.0065  1.393695
-0.0064  1.393447
-0.0063  1.393038
-0.0062  1.391772
-0.0061  1.390919
-0.0060  1.393002
-0.0059  1.395207
-0.0058  1.395551
-0.0057  1.394239
-0.0056  1.392665
-0.0055  1.394020
-0.0054  1.394261
-0.0053  1.396492
-0.0052  1.392638
-0.0051  1.393792
-0.0050  1.395240
-0.0049  1.395604
-0.0048  1.395994
-0.0047  1.395574
-0.0046  1.395223
-0.0045  1.394631
-0.0044  1.394583
-0.0043  1.395411
-0.0042  1.396757
-0.0041  1.399438
-0.0040  1.398418
-0.0039  1.396513
-0.0038  1.394256
-0.0037  1.397588
-0.0036  1.401332
-0.0035  1.399000
-0.0034  1.395571
-0.0033  1.395830
-0.0032  1.397155
-0.0031  1.398916
-0.0030  1.396280
-0.0029  1.402513
-0.0028  1.406179
-0.0027  1.405581
-0.0026  1.404696
-0.0025  1.401966
-0.0024  1.398452
-0.0023  1.397757
-0.0022  1.401597
-0.0021  1.400482
-0.0020  1.400977
-0.0019  1.408265
-0.0018  1.411084
-0.0017  1.403114
-0.0016  1.407358
-0.0015  1.399687
-0.0014  1.410994
-0.0013  1.406770
-0.0012  1.423836
-0.0011  1.305717
-0.0010  1.270043
-0.0009  1.273066
-0.0008  1.276460
-0.0007  1.280147
-0.0006  1.282525
-0.0005  1.285836
-0.0004  1.289432
-0.0003  1.292989
-0.0002  1.298100
-0.0001  1.302718
 0.0000  1.311397
 0.0001  1.334741
 0.0002  1.358350
 0.0003  1.327219
 0.0004  1.309560
 0.0005  1.308099
 0.0006  1.305583
 0.0007  1.302589
 0.0008  1.299357
 0.0009  1.298028
 0.0010  1.297614
 0.0011  1.297660
 0.0012  1.297979
 0.0013  1.295953
 0.0014  1.294916
 0.0015  1.293902
 0.0016  1.291864
 0.0017  1.289778
 0.0018  1.290214
 0.0019  1.291933
 0.0020  1.293445
 0.0021  1.294573
 0.0022  1.293400
 0.0023  1.292922
 0.0024  1.292250
 0.0025  1.293148
 0.0026  1.294314
 0.0027  1.294835
 0.0028  1.295667
 0.0029  1.296126
 0.0030  1.297109
 0.0031  1.296531
 0.0032  1.295030
 0.0033  1.295573
 0.0034  1.296113
 0.0035  1.296645
 0.0036  1.297153
 0.0037  1.297624
 0.0038  1.299221
 0.0039  1.300096
 0.0040  1.299135
 0.0041  1.298340
 0.0042  1.298736
 0.0043  1.299196
 0.0044  1.300023
 0.0045  1.302172
 0.0046  1.304282
 0.0047  1.305985
 0.0048  1.306246
 0.0049  1.309203
 0.0050  1.312857
 0.0051  1.313443
 0.0052  1.307507
 0.0053  1.312771
 0.0054  1.319036
 0.0055  1.325824
 0.0056  1.332840
 0.0057  1.331935
 0.0058  1.336909
 0.0059  1.339911
 0.0060  1.342856
 0.0061  1.344231
 0.0062  1.345188
 0.0063  1.346108
 0.0064  1.348646
 0.0065  1.349922
 0.0066  1.350093
 0.0067  1.351182
 0.0068  1.352879
 0.0069  1.354672
 0.0070  1.362274
 0.0071  1.378914
 0.0072  1.364495
 0.0073  1.367395
 0.0074  1.367637
 0.0075  1.368914
 0.0076  1.372194
 0.0077  1.375933
 0.0078  1.377103
 0.0079  1.378689
 0.0080  1.381076
 0.0081  1.383527
 0.0082  1.385347
 0.0083  1.388787
 0.0084  1.391240
 0.0085  1.394417
 0.0086  1.397237
 0.0087  1.399883
 0.0088  1.404551
 0.0089  1.409701
 0.0090  1.412479
 0.0091  1.421155
 0.0092  1.416304
 0.0093  1.418951
 0.0094  1.425887
 0.0095  1.432328
 0.0096  1.447462
 0.0097  1.447838
 0.0098  1.446426
 0.0099  1.450944
 0.0100  1.460075
 0.0101  1.467079
 0.0102  1.474959
 0.0103  1.483426
 0.0104  1.493733
 0.0105  1.510350
 0.0106  1.525922
 0.0107  1.544698
 0.0108  1.571892
 0.0109  1.630978
 0.0110  1.794143
 0.0111  1.604430
 0.0112  1.580323
 0.0113  1.528851
 0.0114  1.539830
 0.0115  1.501419
 0.0116  1.490387
 0.0117  1.485957
 0.0118  1.481620
 0.0119  1.463839
 0.0120  1.458278
 0.0121  1.448910
 0.0122  1.437004
 0.0123  1.442827
 0.0124  1.426316
 0.0125  1.418898
 0.0126  1.419439
 0.0127  1.404799
 0.0128  1.402433
 0.0129  1.397936
 0.0130  1.394609
 0.0131  1.389615
 0.0132  1.388016
 0.0133  1.390779
 0.0134  1.379392
 0.0135  1.373367
 0.0136  1.367227
 0.0137  1.365879
 0.0138  1.367057
 0.0139  1.369994
 0.0140  1.363722
 0.0141  1.361677
 0.0142  1.350300
 0.0143  1.347621
 0.0144  1.347071
 0.0145  1.340866
 0.0146  1.336740
 0.0147  1.333656
 0.0148  1.330289
 0.0149  1.329388
 0.0150  1.325419
 0.0151  1.320897
 0.0152  1.317180
 0.0153  1.325537
 0.0154  1.326420
 0.0155  1.307930
 0.0156  1.311296
 0.0157  1.307824
 0.0158  1.300693
 0.0159  1.303451
 0.0160  1.319545
 0.0161  1.303643
 0.0162  1.299211
 0.0163  1.299023
 0.0164  1.291092
 0.0165  1.289008
 0.0166  1.285713
 0.0167  1.283756
 0.0168  1.280337
 0.0169  1.276461
 0.0170  1.312951
 0.0171  1.302312
 0.0172  1.307224
 0.0173  1.315772
 0.0174  1.332356
 0.0175  1.318210
 0.0176  1.312894
 0.0177  1.314045
 0.0178  1.316341
 0.0179  1.312600
 0.0180  1.322433
 0.0181  1.334454
 0.0182  1.318673
 0.0183  1.315259
 0.0184  1.315141
 0.0185  1.312907
 0.0186  1.312150
 0.0187  1.311044
 0.0188  1.305768
 0.0189  1.305477
 0.0190  1.305136
 0.0191  1.308506
 0.0192  1.307419
 0.0193  1.308125
 0.0194  1.323378
 0.0195  1.307188
 0.0196  1.303217
 0.0197  1.314216
 0.0198  1.311062
 0.0199  1.311415
 0.0200  1.317625
 0.0201  1.314880
 0.0202  1.311803
 0.0203  1.307436
 0.0204  1.302593
 0.0205  1.305093
 0.0206  1.304738
 0.0207  1.300720
 0.0208  1.296448
 0.0209  1.298744
 0.0210  1.298176
 0.0211  1.300893
 0.0212  1.309905
 0.0213  1.313564
 0.0214  1.315125
 0.0215  1.311035
 0.0216  1.299993
 0.0217  1.306707
 0.0218  1.291616
 0.0219  1.300087
 0.0220  1.291544
 0.0221  1.299833
 0.0222  1.297069
 0.0223  1.292847
 0.0224  1.293109
 0.0225  1.296490
 0.0226  1.302235
 0.0227  1.310799
 0.0228  1.300832
 0.0229  1.300056
 0.0230  1.291665
 0.0231  1.305063
 0.0232  1.282150
 0.0233  1.291970
 0.0234  1.287409
 0.0235  1.319300
 0.0236  1.311354
 0.0237  1.237055
 0.0238  1.121055
 0.0239  1.095643
 0.0240  1.096338
 0.0241  1.097639
 0.0242  1.098848
 0.0243  1.105162
 0.0244  1.109535
 0.0245  1.113264
 0.0246  1.119267
 0.0247  1.127300
 0.0248  1.139904
 0.0249  1.142274
 0.0250  1.146029
 0.0251  1.149725
 0.0252  1.156335
 0.0253  1.164122
 0.0254  1.171908
 0.0255  1.178316
 0.0256  1.183523
 0.0257  1.198252
 0.0258  1.206543
 0.0259  1.222706
 0.0260  1.235764
 0.0261  1.249368
 0.0262  1.269007
 0.0263  1.291194
 0.0264  1.299148
 0.0265  1.314560
 0.0266  1.333247
 0.0267  1.356763
 0.0268  1.415390
 0.0269  1.790565
 0.0270  1.487243
 0.0271  1.422798
 0.0272  1.398256
 0.0273  1.387102
 0.0274  1.363914
 0.0275  1.347273
 0.0276  1.367149
 0.0277  1.399759
 0.0278  1.368923
 0.0279  1.337720
 0.0280  1.319289
 0.0281  1.333305
 0.0282  1.280167
 0.0283  1.261135
 0.0284  1.350983
 0.0285  1.305598
 0.0286  1.241671
 0.0287  1.204315
 0.0288  1.187324
 0.0289  1.190303
 0.0290  1.026433
 0.0291  0.953002
 0.0292  0.932990
 0.0293  0.914538
 0.0294  0.907820
 0.0295  0.907135
 0.0296  0.882677
 0.0297  0.859513
 0.0298  0.854502
 0.0299  0.853697
 0.0300  0.856108
 0.0301  0.860889
 0.0302  0.863602
 0.0303  0.861913
 0.0304  0.863551
 0.0305  0.866753
 0.0306  0.870275
 0.0307  0.870952
 0.0308  0.869938
 0.0309  0.872236
 0.0310  0.874690
 0.0311  0.877065
 0.0312  0.876094
 0.0313  0.878563
 0.0314  0.881237
 0.0315  0.882445
 0.0316  0.884247
 0.0317  0.887396
 0.0318  0.887607
 0.0319  0.888143
 0.0320  0.891784
 0.0321  0.894898
 0.0322  0.893558
 0.0323  0.892647
 0.0324  0.898118
 0.0325  0.902253
 0.0326  0.900651
 0.0327  0.901543
 0.0328  0.905727
 0.0329  0.910395
 0.0330  0.908517
 0.0331  0.910762
 0.0332  0.914097
 0.0333  0.916776
 0.0334  0.916537
 0.0335  0.917879
 0.0336  0.920866
 0.0337  0.923694
 0.0338  0.925106
 0.0339  0.926801
 0.0340  0.929025
 0.0341  0.930041
 0.0342  0.935709
 0.0343  0.936703
 0.0344  0.936492
 0.0345  0.938166
 0.0346  0.945829
 0.0347  0.944496
 0.0348  0.944124
 0.0349  0.950975
 0.0350  0.954184
 0.0351  0.951531
 0.0352  0.956614
 0.0353  0.961571
 0.0354  0.962321
 0.0355  0.963532
 0.0356  0.967887
 0.0357  0.972212
 0.0358  0.971733
 0.0359  0.974337
 0.0360  0.977294
 0.0361  0.979685
 0.0362  0.981963
 0.0363  0.984019
 0.0364  0.985106
 0.0365  0.993110
 0.0366  0.992807
 0.0367  0.993017
 0.0368  1.004932
 0.0369  1.003269
 0.0370  1.005167
 0.0371  1.015372
 0.0372  1.012981
 0.0373  1.016561
 0.0374  1.023703
 0.0375  1.023042
 0.0376  1.028194
 0.0377  1.034374
 0.0378  1.037997
 0.0379  1.040462
 0.0380  1.045602
 0.0381  1.050923
 0.0382  1.054708
 0.0383  1.057643
 0.0384  1.077099
 0.0385  1.079174
 0.0386  1.097629
 0.0387  1.096227
 0.0388  1.107664
 0.0389  1.113072
 0.0390  1.129372
 0.0391  1.183040
 0.0392  1.257168
 0.0393  1.193658
 0.0394  1.142574
 0.0395  1.100372
 0.0396  1.090609
 0.0397  1.081126
 0.0398  1.072156
 0.0399  1.062764
 0.0400  1.056132
