-0.400  0.000000
-0.399  0.000000
-0.398  0.000000
-0.397  0.000000
-0.396  0.000000
-0.395  0.000000
-0.394  0.000000
-0.393  0.000000
-0.392  0.000000
-0.391  0.000000
-0.390  0.000000
-0.389  0.000000
-0.388  0.000000
-0.387  0.000000
-0.386  0.000000
-0.385  0.000000
-0.384  0.000000
-0.383  0.000000
-0.382  0.000000
-0.381  0.000000
-0.380  0.000000
-0.379  0.000000
-0.378  0.000000
-0.377  0.000000
-0.376  0.000000
-0.375  0.000000
-0.374  0.000000
-0.373  0.000000
-0.372  0.000000
-0.371  0.000000
-0.370  0.000000
-0.369  0.000000
-0.368  0.000000
-0.367  0.000000
-0.366  0.000000
-0.365  0.000000
-0.364  0.000000
-0.363  0.000000
-0.362  0.000000
-0.361  0.000000
-0.360  0.000000
-0.359  0.000000
-0.358  0.000000
-0.357  0.000000
-0.356  0.000000
-0.355  0.000000
-0.354  0.000000
-0.353  0.000000
-0.352  0.000000
-0.351  0.000000
-0.350  0.000000
-0.349  0.000000
-0.348  0.000000
-0.347  0.000000
-0.346  0.000000
-0.345  0.000000
-0.344  0.000000
-0.343  0.000000
-0.342  0.000000
-0.341  0.000000
-0.340  0.000000
-0.339  0.000000
-0.338  0.000000
-0.337  0.000000
-0.336  0.000000
-0.335  0.000000
-0.334  0.000000
-0.333  0.000000
-0.332  0.000000
-0.331  0.000000
-0.330  0.000000
-0.329  0.000000
-0.328  0.000000
-0.327  0.000000
-0.326  0.000000
-0.325  0.000000
-0.324  0.000000
-0.323  0.000000
-0.322  0.000000
-0.321  0.000000
-0.320  0.000000
-0.319  0.000000
-0.318  0.000000
-0.317  0.000000
-0.316  0.000000
-0.315  0.000000
-0.314  0.000000
-0.313  0.000000
-0.312  0.000000
-0.311  0.000000
-0.310  0.000000
-0.309  0.000000
-0.308  0.000000
-0.307  0.000000
-0.306  0.000000
-0.305  0.000000
-0.304  0.000000
-0.303  0.000000
-0.302  0.000000
-0.301  0.000000
-0.300  0.000000
-0.299  0.000000
-0.298  0.000000
-0.297  0.000000
-0.296  0.000000
-0.295  0.000000
-0.294  0.000000
-0.293  0.000000
-0.292  0.000000
-0.291  0.000000
-0.290  0.000000
-0.289  0.000000
-0.288  0.000000
-0.287  0.000000
-0.286  0.000000
-0.285  0.000000
-0.284  0.000000
-0.283  0.000000
-0.282  0.000000
-0.281  0.000000
-0.280  0.000000
-0.279  0.000000
-0.278  0.000000
-0.277  0.000000
-0.276  0.000000
-0.275  0.000000
-0.274  0.000000
-0.273  0.000000
-0.272  0.000000
-0.271  0.000000
-0.270  0.000000
-0.269  0.000000
-0.268  0.000000
-0.267  0.000000
-0.266  0.000000
-0.265  0.000000
-0.264  0.000000
-0.263  0.661584
-0.262  0.519605
-0.261  0.461514
-0.260  0.427166
-0.259  0.406001
-0.258  0.390617
-0.257  0.380675
-0.256  0.371421
-0.255  0.365121
-0.254  0.360197
-0.253  0.356251
-0.252  0.353152
-0.251  2.201526
-0.250  1.439228
-0.249  2.489975
-0.248  1.431693
-0.247  1.295574
-0.246  1.226701
-0.245  1.180815
-0.244  1.149588
-0.243  1.126291
-0.242  1.108879
-0.241  1.095085
-0.240  1.083229
-0.239  1.074185
-0.238  1.068315
-0.237  1.062992
-0.236  1.057977
-0.235  1.055113
-0.234  1.052012
-0.233  1.194007
-0.232  1.200465
-0.231  1.213105
-0.230  1.223858
-0.229  1.240548
-0.228  1.257619
-0.227  1.273129
-0.226  1.291323
-0.225  1.308403
-0.224  1.325317
-0.223  1.339057
-0.222  1.536129
-0.221  1.550234
-0.220  1.565299
-0.219  1.577035
-0.218  1.590094
-0.217  1.608092
-0.216  1.620808
-0.215  1.637914
-0.214  1.649890
-0.213  1.666330
-0.212  1.682185
-0.211  1.699357
-0.210  1.718345
-0.209  1.736503
-0.208  1.753837
-0.207  1.772183
-0.206  1.792289
-0.205  1.813019
-0.204  1.833915
-0.203  1.856558
-0.202  1.879154
-0.201  1.903343
-0.200  1.927629
-0.199  1.954038
-0.198  1.981399
-0.197  2.009296
-0.196  2.038991
-0.195  2.070086
-0.194  2.103540
-0.193  2.138108
-0.192  2.175058
-0.191  2.214052
-0.190  2.255026
-0.189  2.300358
-0.188  2.348019
-0.187  2.399201
-0.186  2.453949
-0.185  2.514726
-0.184  2.580063
-0.183  2.653029
-0.182  2.732649
-0.181  2.823471
-0.180  2.926668
-0.179  3.045621
-0.178  3.186099
-0.177  3.354370
-0.176  3.572394
-0.175  3.863722
-0.174  4.313901
-0.173  5.349519
-0.172  5.094964
-0.171  4.333781
-0.170  3.966891
-0.169  3.723480
-0.168  3.546301
-0.167  3.405286
-0.166  3.286928
-0.165  3.191378
-0.164  3.100473
-0.163  3.029331
-0.162  2.959628
-0.161  2.898712
-0.160  2.844778
-0.159  2.794130
-0.158  2.746178
-0.157  2.704170
-0.156  2.664245
-0.155  2.627496
-0.154  2.593599
-0.153  2.561082
-0.152  2.529965
-0.151  2.500565
-0.150  2.472480
-0.149  2.446054
-0.148  2.421841
-0.147  2.399654
-0.146  2.378127
-0.145  2.356019
-0.144  2.334855
-0.143  2.316156
-0.142  2.298564
-0.141  2.280658
-0.140  2.264249
-0.139  2.248724
-0.138  2.232362
-0.137  2.218624
-0.136  2.204683
-0.135  2.192689
-0.134  2.115842
-0.133  2.110856
-0.132  2.108772
-0.131  2.105512
-0.130  2.102060
-0.129  2.098979
-0.128  2.099558
-0.127  2.097255
-0.126  2.096163
-0.125  2.096541
-0.124  2.099907
-0.123  2.104863
-0.122  2.114648
-0.121  2.159588
-0.120  2.080410
-0.119  2.054949
-0.118  2.036293
-0.117  2.020230
-0.116  2.005811
-0.115  2.024419
-0.114  2.019496
-0.113  2.016451
-0.112  2.012045
-0.111  2.009657
-0.110  2.005818
-0.109  2.004444
-0.108  2.002679
-0.107  1.999727
-0.106  1.997678
-0.105  1.993872
-0.104  1.869318
-0.103  1.877460
-0.102  1.887709
-0.101  1.899234
-0.100  1.910709
-0.099  1.924526
-0.098  1.939185
-0.097  1.955306
-0.096  1.973369
-0.095  1.997533
-0.094  2.025780
-0.093  2.064224
-0.092  2.157374
-0.091  2.120576
-0.090  2.101702
-0.089  2.096200
-0.088  2.098479
-0.087  2.107378
-0.086  2.118567
-0.085  2.132493
-0.084  2.147829
-0.083  2.165304
-0.082  2.187774
-0.081  2.214826
-0.080  2.246326
-0.079  2.288514
-0.078  2.332176
-0.077  2.389399
-0.076  2.468786
-0.075  2.565935
-0.074  2.685591
-0.073  2.798333
-0.072  2.051343
-0.071  1.881942
-0.070  1.793701
-0.069  1.763375
-0.068  1.755347
-0.067  1.758983
-0.066  1.769254
-0.065  1.783763
-0.064  1.803828
-0.063  1.824248
-0.062  1.851026
-0.061  1.883828
-0.060  1.921241
-0.059  1.966896
-0.058  2.021609
-0.057  2.089147
-0.056  2.171010
-0.055  2.274139
-0.054  2.452560
-0.053  2.687002
-0.052  3.238529
-0.051  8.641146
-0.050  1.727857
-0.049  1.499003
-0.048  1.388153
-0.047  1.317488
-0.046  1.266717
-0.045  1.228087
-0.044  1.196334
-0.043  1.171412
-0.042  1.149017
-0.041  1.131503
-0.040  1.115748
-0.039  1.100528
-0.038  1.087198
-0.037  1.076971
-0.036  1.067504
-0.035  0.937527
-0.034  0.947081
-0.033  0.957669
-0.032  0.969259
-0.031  0.982128
-0.030  0.995891
-0.029  1.011598
-0.028  1.028538
-0.027  1.051821
-0.026  1.076458
-0.025  1.110829
-0.024  1.343786
-0.023  1.501213
-0.022  2.375990
-0.021  1.582060
-0.020  1.477855
-0.019  1.425989
-0.018  1.395122
-0.017  1.375114
-0.016  1.359381
-0.015  1.353201
-0.014  1.069322
-0.013  1.070299
-0.012  1.071787
-0.011  1.072779
-0.010  1.074417
-0.009  1.075534
-0.008  1.075997
-0.007  1.076023
-0.006  1.076204
-0.005  1.075062
-0.004  1.073697
-0.003  1.072525
-0.002  1.070590
-0.001  1.068011
 0.000  1.066441
 0.001  1.064687
 0.002  1.061819
 0.003  1.061379
 0.004  1.061167
 0.005  1.061707
 0.006  1.064236
 0.007  1.068644
 0.008  1.075347
 0.009  1.088186
 0.010  1.111339
 0.011  1.157227
 0.012  1.361647
 0.013  1.119471
 0.014  1.055251
 0.015  1.015146
 0.016  0.984559
 0.017  0.958378
 0.018  0.938469
 0.019  0.919353
 0.020  0.901525
 0.021  0.886328
 0.022  0.872037
 0.023  0.858662
 0.024  0.846608
 0.025  0.835294
 0.026  0.825086
 0.027  0.814393
 0.028  0.803955
 0.029  0.795279
 0.030  0.785887
 0.031  0.776805
 0.032  0.769282
 0.033  0.760953
 0.034  0.753297
 0.035  0.745718
 0.036  0.738400
 0.037  0.731562
 0.038  0.724227
 0.039  0.717911
 0.040  0.710980
 0.041  0.705139
 0.042  0.698460
 0.043  0.692564
 0.044  0.686186
 0.045  0.680491
 0.046  0.674577
 0.047  0.668765
 0.048  0.663038
 0.049  0.657064
 0.050  0.651519
 0.051  0.645657
 0.052  0.640083
 0.053  0.634197
 0.054  0.628876
 0.055  0.623341
 0.056  0.617752
 0.057  0.612404
 0.058  0.607189
 0.059  0.602473
 0.060  0.597830
 0.061  0.593390
 0.062  0.589351
 0.063  0.585226
 0.064  0.581993
 0.065  0.579259
 0.066  0.576918
 0.067  0.575357
 0.068  0.976629
 0.069  0.998448
 0.070  1.031654
 0.071  1.060032
 0.072  1.102675
 0.073  1.151096
 0.074  1.216579
 0.075  1.307167
 0.076  1.482559
 0.077  1.714032
 0.078  1.363810
 0.079  1.235327
 0.080  1.100472
 0.081  1.048301
 0.082  1.011171
 0.083  0.981710
 0.084  0.957121
 0.085  0.939854
 0.086  0.927258
 0.087  0.920378
 0.088  0.920457
 0.089  0.939066
 0.090  1.212016
 0.091  0.990321
 0.092  0.926760
 0.093  0.885026
 0.094  0.852131
 0.095  0.822748
 0.096  0.798821
 0.097  0.772987
 0.098  0.750165
 0.099  0.729398
 0.100  0.707957
 0.101  0.687110
 0.102  0.667247
 0.103  2.308658
 0.104  2.537857
 0.105  2.107040
 0.106  1.722545
 0.107  1.675436
 0.108  1.236441
 0.109  1.127964
 0.110  1.061606
 0.111  1.028313
 0.112  1.005671
 0.113  0.988447
 0.114  0.976146
 0.115  0.965132
 0.116  0.957651
 0.117  0.953234
 0.118  0.946984
 0.119  0.859762
 0.120  0.863019
 0.121  0.868155
 0.122  0.875845
 0.123  0.884602
 0.124  1.057074
 0.125  1.082705
 0.126  1.116994
 0.127  1.153431
 0.128  1.205447
 0.129  1.270749
 0.130  1.431252
 0.131  1.430439
 0.132  1.314888
 0.133  1.267713
 0.134  1.239651
 0.135  1.217565
 0.136  1.204273
 0.137  1.191627
 0.138  1.184949
 0.139  1.178254
 0.140  1.172988
 0.141  1.169763
 0.142  1.166804
 0.143  1.167132
 0.144  1.166410
 0.145  1.168780
 0.146  1.170162
 0.147  1.177226
 0.148  1.184473
 0.149  1.200307
 0.150  1.217591
 0.151  1.262192
 0.152  1.560164
 0.153  1.249036
 0.154  1.193031
 0.155  1.155501
 0.156  1.128798
 0.157  1.106485
 0.158  1.087480
 0.159  1.069181
 0.160  1.054295
 0.161  1.038730
 0.162  1.025033
 0.163  1.011067
 0.164  0.999761
 0.165  0.985924
 0.166  0.976163
 0.167  0.964970
 0.168  0.954170
 0.169  0.943228
 0.170  0.934011
 0.171  0.922639
 0.172  0.913099
 0.173  0.904329
 0.174  0.893733
 0.175  0.884688
 0.176  0.876356
 0.177  0.867684
 0.178  0.857813
 0.179  0.851200
 0.180  0.840472
 0.181  0.833823
 0.182  0.825258
 0.183  0.815193
 0.184  0.809564
 0.185  0.800231
 0.186  0.792386
 0.187  0.782735
 0.188  0.776826
 0.189  0.769710
 0.190  0.759272
 0.191  0.753962
 0.192  0.877895
 0.193  0.870657
 0.194  0.869753
 0.195  0.865581
 0.196  0.864881
 0.197  0.864736
 0.198  0.857823
 0.199  0.855315
 0.200  0.853114
 0.201  0.854318
 0.202  0.844585
 0.203  0.843737
 0.204  0.841311
 0.205  0.772221
 0.206  0.771563
 0.207  0.777239
 0.208  0.780593
 0.209  0.783906
 0.210  0.792927
 0.211  0.792730
 0.212  0.798482
 0.213  0.800714
 0.214  0.808790
 0.215  0.801308
 0.216  0.706032
 0.217  0.724234
 0.218  0.740404
 0.219  0.767845
 0.220  0.802527
 0.221  0.899526
 0.222  0.836929
 0.223  0.791588
 0.224  0.769249
 0.225  0.760263
 0.226  0.747170
 0.227  0.743213
 0.228  0.737544
 0.229  0.730884
 0.230  0.728952
 0.231  0.726840
 0.232  0.729546
 0.233  0.726840
 0.234  0.728412
 0.235  0.729951
 0.236  0.735710
 0.237  0.738262
 0.238  0.805772
 0.239  0.877027
 0.240  0.941444
 0.241  1.182154
 0.242  0.758924
 0.243  0.502024
 0.244  0.496116
 0.245  0.483908
 0.246  0.487101
 0.247  0.492669
 0.248  0.490983
 0.249  0.495731
 0.250  0.501437
 0.251  0.509904
 0.252  0.517832
 0.253  0.524528
 0.254  0.532973
 0.255  0.542136
 0.256  0.558932
 0.257  0.606670
 0.258  0.730928
 0.259  0.763905
 0.260  0.827037
 0.261  0.899162
 0.262  1.095077
 0.263  1.075629
 0.264  0.953426
 0.265  0.899780
 0.266  0.865539
 0.267  0.842487
 0.268  0.824312
 0.269  0.809728
 0.270  0.797833
 0.271  0.787661
 0.272  0.778843
 0.273  0.771181
 0.274  0.764056
 0.275  0.758055
 0.276  0.752049
 0.277  0.746985
 0.278  0.742085
 0.279  0.737407
 0.280  0.733304
 0.281  0.729089
 0.282  0.725343
 0.283  0.721778
 0.284  0.718225
 0.285  0.714919
 0.286  0.711662
 0.287  0.708680
 0.288  0.705719
 0.289  0.702780
 0.290  0.700141
 0.291  0.697226
 0.292  0.694761
 0.293  0.692157
 0.294  0.689769
 0.295  0.687245
 0.296  0.684838
 0.297  0.682491
 0.298  0.680308
 0.299  0.678164
 0.300  0.675946
 0.301  0.673851
 0.302  0.671629
 0.303  0.669601
 0.304  0.667597
 0.305  0.665564
 0.306  0.663681
 0.307  0.661618
 0.308  0.659627
 0.309  0.657899
 0.310  0.655896
 0.311  0.654270
 0.312  0.652275
 0.313  0.650438
 0.314  0.648748
 0.315  0.646972
 0.316  0.645433
 0.317  0.643482
 0.318  0.641857
 0.319  0.640092
 0.320  0.638470
 0.321  0.636969
 0.322  0.635233
 0.323  0.633716
 0.324  0.631967
 0.325  0.630377
 0.326  0.629033
 0.327  0.627311
 0.328  0.625956
 0.329  0.624249
 0.330  0.622572
 0.331  0.621158
 0.332  0.619660
 0.333  0.618459
 0.334  0.616813
 0.335  0.615574
 0.336  0.613902
 0.337  0.612482
 0.338  0.611112
 0.339  0.609573
 0.340  0.608501
 0.341  0.606827
 0.342  0.605706
 0.343  0.604105
 0.344  0.602654
 0.345  0.601347
 0.346  0.600023
 0.347  0.598950
 0.348  0.597392
 0.349  0.596406
 0.350  0.594772
 0.351  0.593669
 0.352  0.592225
 0.353  0.590872
 0.354  0.589572
 0.355  0.588389
 0.356  0.587389
 0.357  0.585881
 0.358  0.584950
 0.359  0.583436
 0.360  0.582400
 0.361  0.581051
 0.362  0.579668
 0.363  0.578531
 0.364  0.577467
 0.365  0.576331
 0.366  0.574943
 0.367  0.574150
 0.368  0.572842
 0.369  0.571577
 0.370  0.570393
 0.371  0.569575
 0.372  0.568192
 0.373  0.566840
 0.374  0.565924
 0.375  0.564711
 0.376  0.563626
 0.377  0.562279
 0.378  0.561855
 0.379  0.559618
 0.380  0.559301
 0.381  0.557946
 0.382  0.556736
 0.383  0.554419
 0.384  0.548143
 0.385  0.547649
 0.386  0.547910
 0.387  0.547252
 0.388  0.547700
 0.389  0.547568
 0.390  0.547825
 0.391  0.548402
 0.392  0.548341
 0.393  0.549919
 0.394  0.552029
 0.395  0.558523
 0.396  0.558722
 0.397  0.550453
 0.398  0.545826
 0.399  0.543155
 0.400  0.540326
 0.401  0.537533
 0.402  0.535899
 0.403  0.533236
 0.404  0.531399
 0.405  0.529735
 0.406  0.527649
 0.407  0.525528
 0.408  0.523507
 0.409  0.522011
 0.410  0.519475
 0.411  0.527622
 0.412  0.526268
 0.413  0.526253
 0.414  0.524791
 0.415  0.524132
 0.416  0.523789
 0.417  0.522329
 0.418  0.521017
 0.419  0.520903
 0.420  0.519515
 0.421  0.518100
 0.422  0.518070
 0.423  0.516856
 0.424  0.516000
 0.425  0.514625
 0.426  0.514976
 0.427  0.513160
 0.428  0.511811
 0.429  0.512017
 0.430  0.510591
 0.431  0.509809
 0.432  0.508600
 0.433  0.508517
 0.434  0.507049
 0.435  0.505916
 0.436  0.506393
 0.437  0.504799
 0.438  0.503046
 0.439  0.502843
 0.440  0.502118
 0.441  0.501371
 0.442  0.500447
 0.443  0.499734
 0.444  0.498889
 0.445  0.497951
 0.446  0.497486
 0.447  0.496254
 0.448  0.495510
 0.449  0.494448
 0.450  0.493673
 0.451  0.493395
 0.452  0.492438
 0.453  0.491190
 0.454  0.490552
 0.455  0.490338
 0.456  0.488833
 0.457  0.487966
 0.458  0.488134
 0.459  0.486517
 0.460  0.485746
 0.461  0.485813
 0.462  0.484370
 0.463  0.484818
 0.464  0.483554
 0.465  0.482320
 0.466  0.482018
 0.467  0.481273
 0.468  0.480401
 0.469  0.479237
 0.470  0.479229
 0.471  0.478637
 0.472  0.476469
 0.473  0.476816
 0.474  0.475992
 0.475  0.474052
 0.476  0.474062
 0.477  0.472524
 0.478  0.473342
 0.479  0.472825
 0.480  0.469508
 0.481  0.472961
 0.482  0.468868
 0.483  0.470082
 0.484  0.468030
 0.485  0.466901
 0.486  0.467997
 0.487  0.465533
 0.488  0.465954
 0.489  0.463833
 0.490  0.464020
 0.491  0.463055
 0.492  0.463681
 0.493  0.460918
 0.494  0.463353
 0.495  0.458786
 0.496  0.462311
 0.497  0.456666
 0.498  0.460017
 0.499  0.455438
 0.500  0.457703
 0.501  0.456682
 0.502  0.455338
 0.503  0.461827
 0.504  0.453180
 0.505  0.454066
 0.506  0.454790
 0.507  0.451394
 0.508  0.451859
 0.509  0.452601
 0.510  0.449435
 0.511  0.447595
 0.512  0.450110
 0.513  0.447777
 0.514  0.450368
 0.515  0.444933
 0.516  0.443210
 0.517  0.444661
 0.518  0.442524
 0.519  0.441716
 0.520  0.442411
 0.521  0.440467
 0.522  0.438247
 0.523  0.448427
 0.524  0.436890
 0.525  0.445684
 0.526  0.406566
 0.527  0.384113
 0.528  0.387870
 0.529  0.391744
 0.530  0.396002
 0.531  0.400193
 0.532  0.405006
 0.533  0.410395
 0.534  0.417590
 0.535  0.437591
 0.536  0.452764
 0.537  0.467956
 0.538  0.474490
 0.539  0.455866
 0.540  0.448720
 0.541  0.444693
 0.542  0.441707
 0.543  0.439368
 0.544  0.437553
 0.545  0.436072
 0.546  0.434814
 0.547  0.433794
 0.548  0.432449
 0.549  0.431402
 0.550  0.430500
 0.551  0.429725
 0.552  0.428823
 0.553  0.428014
 0.554  0.427259
 0.555  0.426552
 0.556  0.425895
 0.557  0.425016
 0.558  0.424789
 0.559  0.423796
 0.560  0.422915
 0.561  0.422650
 0.562  0.421821
 0.563  0.420937
 0.564  0.421408
 0.565  0.421588
 0.566  0.325403
 0.567  0.325021
 0.568  0.324881
 0.569  0.324506
 0.570  0.323883
 0.571  0.323979
 0.572  0.323282
 0.573  0.322732
 0.574  0.323754
 0.575  0.322487
 0.576  0.315071
 0.577  0.228441
 0.578  0.228391
 0.579  0.228304
 0.580  0.228225
 0.581  0.228157
 0.582  0.228107
 0.583  0.228030
 0.584  0.227961
 0.585  0.227908
 0.586  0.227852
 0.587  0.227783
 0.588  0.227724
 0.589  0.227691
 0.590  0.227622
 0.591  0.227561
 0.592  0.227514
 0.593  0.227474
 0.594  0.227412
 0.595  0.227360
 0.596  0.227339
 0.597  0.227277
 0.598  0.227222
 0.599  0.227180
 0.600  0.227152
 0.601  0.227097
 0.602  0.227050
 0.603  0.227036
 0.604  0.226982
 0.605  0.226933
 0.606  0.226897
 0.607  0.226878
 0.608  0.226827
 0.609  0.226786
 0.610  0.226775
 0.611  0.226731
 0.612  0.226687
 0.613  0.226657
 0.614  0.226644
 0.615  0.226599
 0.616  0.226563
 0.617  0.226566
 0.618  0.226519
 0.619  0.226480
 0.620  0.226457
 0.621  0.226448
 0.622  0.226407
 0.623  0.226378
 0.624  0.226385
 0.625  0.226343
 0.626  0.226310
 0.627  0.226296
 0.628  0.226286
 0.629  0.226251
 0.630  0.226229
 0.631  0.226238
 0.632  0.226200
 0.633  0.226174
 0.634  0.226175
 0.635  0.226158
 0.636  0.226129
 0.637  0.226116
 0.638  0.226122
 0.639  0.226091
 0.640  0.226073
 0.641  0.226094
 0.642  0.226061
 0.643  0.226040
 0.644  0.226043
 0.645  0.226039
 0.646  0.226015
 0.647  0.226008
 0.648  0.226024
 0.649  0.225998
 0.650  0.225986
 0.651  0.226015
 0.652  0.225987
 0.653  0.225972
 0.654  0.225986
 0.655  0.225984
 0.656  0.225967
 0.657  0.225970
 0.658  0.225988
 0.659  0.225969
 0.660  0.225966
 0.661  0.225998
 0.662  0.225977
 0.663  0.225971
 0.664  0.226015
 0.665  0.225993
 0.666  0.225985
 0.667  0.226007
 0.668  0.226015
 0.669  0.226005
 0.670  0.226018
 0.671  0.226044
 0.672  0.226032
 0.673  0.226041
 0.674  0.226079
 0.675  0.226066
 0.676  0.226072
 0.677  0.226120
 0.678  0.226107
 0.679  0.226111
 0.680  0.226167
 0.681  0.226154
 0.682  0.226156
 0.683  0.226203
 0.684  0.226207
 0.685  0.226209
 0.686  0.226244
 0.687  0.226267
 0.688  0.226268
 0.689  0.226299
 0.690  0.226333
 0.691  0.226334
 0.692  0.226363
 0.693  0.226405
 0.694  0.226407
 0.695  0.226434
 0.696  0.226483
 0.697  0.226485
 0.698  0.226513
 0.699  0.226568
 0.700  0.226571
 0.701  0.226599
 0.702  0.226659
 0.703  0.226663
 0.704  0.226692
 0.705  0.226755
 0.706  0.226761
 0.707  0.226792
 0.708  0.226859
 0.709  0.226867
 0.710  0.226900
 0.711  0.226969
 0.712  0.226978
 0.713  0.227015
 0.714  0.227085
 0.715  0.227097
 0.716  0.227139
 0.717  0.227207
 0.718  0.227223
 0.719  0.227270
 0.720  0.227336
 0.721  0.227355
 0.722  0.227411
 0.723  0.227472
 0.724  0.227495
 0.725  0.227562
 0.726  0.227615
 0.727  0.227643
 0.728  0.227731
 0.729  0.227765
 0.730  0.227800
 0.731  0.227908
 0.732  0.227923
 0.733  0.227965
 0.734  0.228068
 0.735  0.228088
 0.736  0.228140
 0.737  0.228236
 0.738  0.228263
 0.739  0.228327
 0.740  0.228412
 0.741  0.228446
 0.742  0.228532
 0.743  0.228595
 0.744  0.228639
 0.745  0.228764
 0.746  0.228788
 0.747  0.228844
 0.748  0.228958
 0.749  0.228990
 0.750  0.229064
 0.751  0.229160
 0.752  0.229203
 0.753  0.229312
 0.754  0.229373
 0.755  0.229430
 0.756  0.229561
 0.757  0.229597
 0.758  0.229673
 0.759  0.229784
 0.760  0.229832
 0.761  0.229949
 0.762  0.230019
 0.763  0.230084
 0.764  0.230222
 0.765  0.230266
 0.766  0.230358
 0.767  0.230469
 0.768  0.230529
 0.769  0.230687
 0.770  0.230728
 0.771  0.230812
 0.772  0.230945
 0.773  0.231004
 0.774  0.231148
 0.775  0.231218
 0.776  0.231301
 0.777  0.231449
 0.778  0.231509
 0.779  0.231645
 0.780  0.231737
 0.781  0.231823
 0.782  0.231979
 0.783  0.232044
 0.784  0.232192
 0.785  0.232283
 0.786  0.232379
 0.787  0.232538
 0.788  0.232610
 0.789  0.232804
 0.790  0.232860
 0.791  0.232971
 0.792  0.233124
 0.793  0.233210
 0.794  0.233401
 0.795  0.233469
 0.796  0.233613
 0.797  0.233743
 0.798  0.233850
 0.799  0.234029
 0.800  0.234115
 0.801  0.234326
 0.802  0.234397
 0.803  0.234544
 0.804  0.234692
 0.805  0.234808
 0.806  0.234998
 0.807  0.235094
 0.808  0.235314
 0.809  0.235397
 0.810  0.235583
 0.811  0.235710
 0.812  0.235853
 0.813  0.236034
 0.814  0.236156
 0.815  0.236367
 0.816  0.236475
 0.817  0.236710
 0.818  0.236806
 0.819  0.237061
 0.820  0.237148
 0.821  0.237338
 0.822  0.237499
 0.823  0.237663
 0.824  0.237858
 0.825  0.238008
 0.826  0.238227
 0.827  0.238366
 0.828  0.238603
 0.829  0.238734
 0.830  0.238987
 0.831  0.239113
 0.832  0.239379
 0.833  0.239502
 0.834  0.239778
 0.835  0.239898
 0.836  0.240184
 0.837  0.240305
 0.838  0.240597
 0.839  0.240719
 0.840  0.241018
 0.841  0.241143
 0.842  0.241445
 0.843  0.241576
 0.844  0.241881
 0.845  0.242018
 0.846  0.242324
 0.847  0.242471
 0.848  0.242774
 0.849  0.242935
 0.850  0.243233
 0.851  0.243412
 0.852  0.243702
 0.853  0.243905
 0.854  0.244181
 0.855  0.244422
 0.856  0.244670
 0.857  0.244999
 0.858  0.245174
 0.859  0.245531
 0.860  0.245694
 0.861  0.246035
 0.862  0.246237
 0.863  0.246553
 0.864  0.246819
 0.865  0.247088
 0.866  0.247477
 0.867  0.247645
 0.868  0.248011
 0.869  0.248239
 0.870  0.248565
 0.871  0.248941
 0.872  0.249146
 0.873  0.249538
 0.874  0.249773
 0.875  0.250117
 0.876  0.250552
 0.877  0.250734
 0.878  0.251131
 0.879  0.251429
 0.880  0.251748
 0.881  0.252180
 0.882  0.252433
 0.883  0.252802
 0.884  0.253259
 0.885  0.253495
 0.886  0.253890
 0.887  0.254364
 0.888  0.254604
 0.889  0.255010
 0.890  0.255492
 0.891  0.255766
 0.892  0.256166
 0.893  0.256647
 0.894  0.257005
 0.895  0.257365
 0.896  0.257833
 0.897  0.258356
 0.898  0.258638
 0.899  0.259069
 0.900  0.259570
 0.901  0.260115
 0.902  0.260404
 0.903  0.260852
 0.904  0.261363
 0.905  0.261915
 0.906  0.262352
 0.907  0.262738
 0.908  0.263233
 0.909  0.263771
 0.910  0.264338
 0.911  0.264927
 0.912  0.265319
 0.913  0.265781
 0.914  0.266304
 0.915  0.266858
 0.916  0.267432
 0.917  0.268021
 0.918  0.268620
 0.919  0.269224
 0.920  0.269838
 0.921  0.270451
 0.922  0.271067
 0.923  0.271681
 0.924  0.272298
 0.925  0.272909
 0.926  0.273518
 0.927  0.274129
 0.928  0.274742
 0.929  0.275359
 0.930  0.275992
 0.931  0.276653
 0.932  0.277399
 0.933  0.278379
 0.934  0.278933
 0.935  0.279538
 0.936  0.280272
 0.937  0.281299
 0.938  0.281825
 0.939  0.282617
 0.940  0.283517
 0.941  0.284154
 0.942  0.285153
 0.943  0.285885
 0.944  0.286687
 0.945  0.287809
 0.946  0.288898
 0.947  0.289338
 0.948  0.290198
 0.949  0.291230
 0.950  0.292653
 0.951  0.293070
 0.952  0.294845
 0.953  0.294993
 0.954  0.297063
 0.955  0.296698
 0.956  0.297848
 0.957  0.297010
 0.958  0.000000
 0.959  0.000000
 0.960  0.000000
 0.961  0.000000
 0.962  0.000000
 0.963  0.000000
 0.964  0.000000
 0.965  0.000000
 0.966  0.000000
 0.967  0.000000
 0.968  0.000000
 0.969  0.000000
 0.970  0.000000
 0.971  0.000000
 0.972  0.000000
 0.973  0.000000
 0.974  0.000000
 0.975  0.000000
 0.976  0.000000
 0.977  0.000000
 0.978  0.000000
 0.979  0.000000
 0.980  0.000000
 0.981  0.000000
 0.982  0.000000
 0.983  0.000000
 0.984  0.000000
 0.985  0.000000
 0.986  0.000000
 0.987  0.000000
 0.988  0.000000
 0.989  0.000000
 0.990  0.000000
 0.991  0.000000
 0.992  0.000000
 0.993  0.000000
 0.994  0.000000
 0.995  0.000000
 0.996  0.000000
 0.997  0.000000
 0.998  0.000000
 0.999  0.000000
 1.000  0.000000
