-0.0400  1.341900
-0.0399  1.360345
-0.0398  1.372952
-0.0397  1.384503
-0.0396  1.407106
-0.0395  1.423385
-0.0394  1.437823
-0.0393  1.466018
-0.0392  1.486678
-0.0391  1.511522
-0.0390  1.544073
-0.0389  1.568375
-0.0388  1.614951
-0.0387  1.648101
-0.0386  1.709372
-0.0385  1.764288
-0.0384  1.843765
-0.0383  1.957647
-0.0382  2.121998
-0.0381  2.444137
-0.0380  2.487748
-0.0379  2.183987
-0.0378  2.066578
-0.0377  1.971718
-0.0376  1.920247
-0.0375  1.872248
-0.0374  1.847449
-0.0373  1.788412
-0.0372  1.780489
-0.0371  1.155308
-0.0370  1.151771
-0.0369  1.118213
-0.0368  1.117705
-0.0367  1.117051
-0.0366  1.116205
-0.0365  1.114683
-0.0364  1.094543
-0.0363  1.086663
-0.0362  1.086269
-0.0361  1.085888
-0.0360  1.085383
-0.0359  1.080688
-0.0358  1.072291
-0.0357  1.063459
-0.0356  1.062390
-0.0355  1.062163
-0.0354  1.061893
-0.0353  1.061614
-0.0352  1.055978
-0.0351  1.052418
-0.0350  1.049248
-0.0349  1.044290
-0.0348  1.044128
-0.0347  1.043945
-0.0346  1.043791
-0.0345  1.041453
-0.0344  1.038669
-0.0343  1.036681
-0.0342  1.034826
-0.0341  1.032643
-0.0340  1.030061
-0.0339  1.029972
-0.0338  1.029877
-0.0337  1.029514
-0.0336  1.026743
-0.0335  1.025367
-0.0334  1.024207
-0.0333  1.023095
-0.0332  1.021874
-0.0331  1.019540
-0.0330  1.019521
-0.0329  1.019453
-0.0328  1.019080
-0.0327  1.017203
-0.0326  1.016232
-0.0325  1.015368
-0.0324  1.014579
-0.0323  1.013739
-0.0322  1.012661
-0.0321  1.011349
-0.0320  1.011324
-0.0319  1.011303
-0.0318  1.010364
-0.0317  1.009550
-0.0316  1.009009
-0.0315  1.008613
-0.0314  1.008068
-0.0313  1.007452
-0.0312  1.006656
-0.0311  1.005592
-0.0310  1.005554
-0.0309  1.005507
-0.0308  1.004906
-0.0307  1.004221
-0.0306  1.003737
-0.0305  1.003302
-0.0304  1.002889
-0.0303  1.002452
-0.0302  1.001926
-0.0301  1.000934
-0.0300  1.000983
-0.0299  1.001212
-0.0298  1.001227
-0.0297  1.000567
-0.0296  1.000172
-0.0295  0.999843
-0.0294  0.999534
-0.0293  0.999208
-0.0292  0.998844
-0.0291  0.998334
-0.0290  0.997855
-0.0289  0.997840
-0.0288  0.997828
-0.0287  0.997810
-0.0286  0.997305
-0.0285  0.997054
-0.0284  0.996932
-0.0283  0.996836
-0.0282  0.996785
-0.0281  0.996473
-0.0280  0.995884
-0.0279  0.995805
-0.0278  0.995766
-0.0277  0.995721
-0.0276  0.995677
-0.0275  0.995308
-0.0274  0.995090
-0.0273  0.994919
-0.0272  0.994735
-0.0271  0.994510
-0.0270  0.994286
-0.0269  0.993942
-0.0268  0.994074
-0.0267  0.994171
-0.0266  0.994342
-0.0265  0.994384
-0.0264  0.994177
-0.0263  0.994016
-0.0262  0.993872
-0.0261  0.993724
-0.0260  0.993558
-0.0259  0.993334
-0.0258  0.993106
-0.0257  0.993078
-0.0256  0.993053
-0.0255  0.993032
-0.0254  0.993011
-0.0253  0.993016
-0.0252  0.992986
-0.0251  0.992967
-0.0250  0.992984
-0.0249  0.993001
-0.0248  0.992779
-0.0247  0.992640
-0.0246  0.992618
-0.0245  0.992569
-0.0244  0.992489
-0.0243  0.992458
-0.0242  0.992429
-0.0241  0.992366
-0.0240  0.992306
-0.0239  0.992239
-0.0238  0.992157
-0.0237  0.992119
-0.0236  0.992166
-0.0235  0.992216
-0.0234  0.992290
-0.0233  0.992429
-0.0232  0.992374
-0.0231  0.992317
-0.0230  0.992275
-0.0229  0.992225
-0.0228  0.992157
-0.0227  0.992073
-0.0226  0.991955
-0.0225  0.991900
-0.0224  0.991847
-0.0223  0.991794
-0.0222  0.991812
-0.0221  0.991838
-0.0220  0.991852
-0.0219  0.991896
-0.0218  0.992011
-0.0217  0.992118
-0.0216  0.992069
-0.0215  0.991999
-0.0214  0.991936
-0.0213  0.991872
-0.0212  0.991810
-0.0211  0.991748
-0.0210  0.991685
-0.0209  0.991623
-0.0208  0.991563
-0.0207  0.991587
-0.0206  0.991709
-0.0205  0.991753
-0.0204  0.991767
-0.0203  0.991770
-0.0202  0.991802
-0.0201  0.991891
-0.0200  0.991799
-0.0199  0.991705
-0.0198  0.991607
-0.0197  0.991511
-0.0196  0.991417
-0.0195  0.991488
-0.0194  0.991483
-0.0193  0.991390
-0.0192  0.991331
-0.0191  0.991319
-0.0190  0.991278
-0.0189  0.991243
-0.0188  0.991230
-0.0187  0.991225
-0.0186  0.991260
-0.0185  0.991300
-0.0184  0.991350
-0.0183  0.991396
-0.0182  0.991287
-0.0181  0.991178
-0.0180  0.991067
-0.0179  0.990955
-0.0178  0.990843
-0.0177  0.990734
-0.0176  0.990625
-0.0175  0.990624
-0.0174  0.990583
-0.0173  0.990627
-0.0172  0.990789
-0.0171  0.990747
-0.0170  0.990787
-0.0169  0.990691
-0.0168  0.990541
-0.0167  0.990392
-0.0166  0.990242
-0.0165  0.990130
-0.0164  0.989986
-0.0163  0.989840
-0.0162  0.989687
-0.0161  0.989850
-0.0160  0.989778
-0.0159  0.989740
-0.0158  0.989669
-0.0157  0.989596
-0.0156  0.989526
-0.0155  0.989483
-0.0154  0.989486
-0.0153  0.989325
-0.0152  0.989165
-0.0151  0.989018
-0.0150  0.989107
-0.0149  0.988939
-0.0148  0.988770
-0.0147  0.988601
-0.0146  0.988432
-0.0145  0.988261
-0.0144  0.988197
-0.0143  0.988092
-0.0142  0.987979
-0.0141  0.987867
-0.0140  0.987786
-0.0139  0.987980
-0.0138  0.987828
-0.0137  0.987641
-0.0136  0.987435
-0.0135  0.987198
-0.0134  0.987012
-0.0133  0.986826
-0.0132  0.986639
-0.0131  0.986451
-0.0130  0.986265
-0.0129  0.986133
-0.0128  0.986205
-0.0127  0.986096
-0.0126  0.985961
-0.0125  0.985838
-0.0124  0.985773
-0.0123  0.985623
-0.0122  0.985402
-0.0121  0.985174
-0.0120  0.984946
-0.0119  0.984720
-0.0118  0.984505
-0.0117  0.984342
-0.0116  0.984177
-0.0115  0.983946
-0.0114  0.983712
-0.0113  0.983581
-0.0112  0.983418
-0.0111  0.983262
-0.0110  0.983122
-0.0109  0.982992
-0.0108  0.982829
-0.0107  0.982580
-0.0106  0.982375
-0.0105  0.982189
-0.0104  0.981945
-0.0103  0.981699
-0.0102  0.981452
-0.0101  0.981200
-0.0100  0.980947
-0.0099  0.980695
-0.0098  0.980468
-0.0097  0.980340
-0.0096  0.980164
-0.0095  0.980008
-0.0094  0.979908
-0.0093  0.979731
-0.0092  0.979456
-0.0091  0.979175
-0.0090  0.978890
-0.0089  0.978601
-0.0088  0.978311
-0.0087  0.978019
-0.0086  0.977728
-0.0085  0.977437
-0.0084  0.977150
-0.0083  0.976925
-0.0082  0.976769
-0.0081  0.976555
-0.0080  0.976334
-0.0079  0.976200
-0.0078  0.975971
-0.0077  0.975684
-0.0076  0.975385
-0.0075  0.975083
-0.0074  0.974784
-0.0073  0.974483
-0.0072  0.974189
-0.0071  0.973894
-0.0070  0.973598
-0.0069  0.973298
-0.0068  0.973000
-0.0067  0.972739
-0.0066  0.972567
-0.0065  0.972353
-0.0064  0.972200
-0.0063  0.971880
-0.0062  0.971554
-0.0061  0.971222
-0.0060  0.970900
-0.0059  0.970573
-0.0058  0.970242
-0.0057  0.969908
-0.0056  0.969601
-0.0055  0.969287
-0.0054  0.968950
-0.0053  0.968585
-0.0052  0.968278
-0.0051  0.968097
-0.0050  0.967884
-0.0049  0.967691
-0.0048  0.967383
-0.0047  0.967068
-0.0046  0.966745
-0.0045  0.966415
-0.0044  0.966077
-0.0043  0.965735
-0.0042  0.965392
-0.0041  0.965044
-0.0040  0.964689
-0.0039  0.964316
-0.0038  0.963996
-0.0037  0.963679
-0.0036  0.963448
-0.0035  0.963318
-0.0034  0.962999
-0.0033  0.962658
-0.0032  0.962311
-0.0031  0.961953
-0.0030  0.961583
-0.0029  0.961198
-0.0028  0.960827
-0.0027  0.960497
-0.0026  0.960129
-0.0025  0.959780
-0.0024  0.959456
-0.0023  0.959133
-0.0022  0.958818
-0.0021  0.958545
-0.0020  0.958363
-0.0019  0.958041
-0.0018  0.957689
-0.0017  0.957290
-0.0016  0.956960
-0.0015  0.956626
-0.0014  0.956284
-0.0013  0.955938
-0.0012  0.955588
-0.0011  0.955235
-0.0010  0.954879
-0.0009  0.954523
-0.0008  0.954172
-0.0007  0.953837
-0.0006  0.953458
-0.0005  0.953200
-0.0004  0.952902
-0.0003  0.952573
-0.0002  0.952228
-0.0001  0.951893
 0.0000  0.951558
 0.0001  0.951191
 0.0002  0.950798
 0.0003  0.950448
 0.0004  0.950080
 0.0005  0.949665
 0.0006  0.949350
 0.0007  0.949058
 0.0008  0.948778
 0.0009  0.948402
 0.0010  0.948123
 0.0011  0.947847
 0.0012  0.947524
 0.0013  0.947185
 0.0014  0.946829
 0.0015  0.946459
 0.0016  0.946033
 0.0017  0.945698
 0.0018  0.945367
 0.0019  0.945029
 0.0020  0.944696
 0.0021  0.944383
 0.0022  0.944076
 0.0023  0.943681
 0.0024  0.943281
 0.0025  0.942927
 0.0026  0.942647
 0.0027  0.942281
 0.0028  0.941970
 0.0029  0.941626
 0.0030  0.941305
 0.0031  0.940990
 0.0032  0.940671
 0.0033  0.940351
 0.0034  0.940030
 0.0035  0.939729
 0.0036  0.939406
 0.0037  0.939006
 0.0038  0.938549
 0.0039  0.938179
 0.0040  0.937857
 0.0041  0.937676
 0.0042  0.937399
 0.0043  0.937097
 0.0044  0.936785
 0.0045  0.936461
 0.0046  0.936130
 0.0047  0.935795
 0.0048  0.935453
 0.0049  0.935097
 0.0050  0.934743
 0.0051  0.934389
 0.0052  0.934029
 0.0053  0.933666
 0.0054  0.933298
 0.0055  0.932987
 0.0056  0.932814
 0.0057  0.932512
 0.0058  0.932223
 0.0059  0.931918
 0.0060  0.931561
 0.0061  0.931240
 0.0062  0.930977
 0.0063  0.930742
 0.0064  0.930418
 0.0065  0.930088
 0.0066  0.929749
 0.0067  0.929404
 0.0068  0.929053
 0.0069  0.928695
 0.0070  0.928399
 0.0071  0.928175
 0.0072  0.927885
 0.0073  0.927634
 0.0074  0.927374
 0.0075  0.927107
 0.0076  0.926866
 0.0077  0.926578
 0.0078  0.926252
 0.0079  0.925919
 0.0080  0.925567
 0.0081  0.925202
 0.0082  0.924811
 0.0083  0.924449
 0.0084  0.924113
 0.0085  0.923960
 0.0086  0.923814
 0.0087  0.923610
 0.0088  0.923390
 0.0089  0.923164
 0.0090  0.922950
 0.0091  0.922652
 0.0092  0.922339
 0.0093  0.922004
 0.0094  0.921636
 0.0095  0.921355
 0.0096  0.921072
 0.0097  0.920782
 0.0098  0.920487
 0.0099  0.920191
 0.0100  0.920125
 0.0101  0.919955
 0.0102  0.919750
 0.0103  0.919555
 0.0104  0.919262
 0.0105  0.918910
 0.0106  0.918652
 0.0107  0.918389
 0.0108  0.918121
 0.0109  0.917838
 0.0110  0.917551
 0.0111  0.917301
 0.0112  0.916998
 0.0113  0.916732
 0.0114  0.916601
 0.0115  0.916510
 0.0116  0.916307
 0.0117  0.916149
 0.0118  0.915955
 0.0119  0.915750
 0.0120  0.915534
 0.0121  0.915306
 0.0122  0.915072
 0.0123  0.914828
 0.0124  0.914578
 0.0125  0.914321
 0.0126  0.914049
 0.0127  0.913722
 0.0128  0.913489
 0.0129  0.913594
 0.0130  0.913509
 0.0131  0.913355
 0.0132  0.913179
 0.0133  0.912990
 0.0134  0.912786
 0.0135  0.912565
 0.0136  0.912334
 0.0137  0.912086
 0.0138  0.911797
 0.0139  0.911551
 0.0140  0.911381
 0.0141  0.911208
 0.0142  0.911039
 0.0143  0.911184
 0.0144  0.911128
 0.0145  0.911028
 0.0146  0.910898
 0.0147  0.910750
 0.0148  0.910580
 0.0149  0.910377
 0.0150  0.910166
 0.0151  0.910019
 0.0152  0.909867
 0.0153  0.909714
 0.0154  0.909557
 0.0155  0.909412
 0.0156  0.909246
 0.0157  0.909426
 0.0158  0.909390
 0.0159  0.909300
 0.0160  0.909169
 0.0161  0.908998
 0.0162  0.908901
 0.0163  0.908791
 0.0164  0.908668
 0.0165  0.908533
 0.0166  0.908388
 0.0167  0.908296
 0.0168  0.908213
 0.0169  0.908087
 0.0170  0.908170
 0.0171  0.908280
 0.0172  0.908227
 0.0173  0.908240
 0.0174  0.908229
 0.0175  0.908205
 0.0176  0.908164
 0.0177  0.908118
 0.0178  0.908059
 0.0179  0.907993
 0.0180  0.907929
 0.0181  0.907874
 0.0182  0.907750
 0.0183  0.907580
 0.0184  0.907960
 0.0185  0.908094
 0.0186  0.908172
 0.0187  0.908217
 0.0188  0.908250
 0.0189  0.908256
 0.0190  0.908249
 0.0191  0.908234
 0.0192  0.908205
 0.0193  0.908156
 0.0194  0.908059
 0.0195  0.908058
 0.0196  0.908065
 0.0197  0.908585
 0.0198  0.908828
 0.0199  0.909007
 0.0200  0.909144
 0.0201  0.909270
 0.0202  0.909367
 0.0203  0.909450
 0.0204  0.909517
 0.0205  0.909555
 0.0206  0.909613
 0.0207  0.909692
 0.0208  0.909753
 0.0209  0.910033
 0.0210  0.910544
 0.0211  0.910855
 0.0212  0.911112
 0.0213  0.911323
 0.0214  0.911516
 0.0215  0.911680
 0.0216  0.911820
 0.0217  0.911935
 0.0218  0.912120
 0.0219  0.912291
 0.0220  0.912428
 0.0221  0.912527
 0.0222  0.913333
 0.0223  0.913866
 0.0224  0.914294
 0.0225  0.914664
 0.0226  0.915000
 0.0227  0.915311
 0.0228  0.915565
 0.0229  0.915892
 0.0230  0.916209
 0.0231  0.916537
 0.0232  0.916827
 0.0233  0.917110
 0.0234  0.918224
 0.0235  0.918882
 0.0236  0.919438
 0.0237  0.919952
 0.0238  0.920424
 0.0239  0.920850
 0.0240  0.921328
 0.0241  0.921806
 0.0242  0.922275
 0.0243  0.922750
 0.0244  0.923197
 0.0245  0.924349
 0.0246  0.925345
 0.0247  0.926159
 0.0248  0.926874
 0.0249  0.927573
 0.0250  0.928233
 0.0251  0.928984
 0.0252  0.929714
 0.0253  0.930448
 0.0254  0.931168
 0.0255  0.931892
 0.0256  0.933607
 0.0257  0.934948
 0.0258  0.936125
 0.0259  0.937224
 0.0260  0.938285
 0.0261  0.939272
 0.0262  0.940319
 0.0263  0.941375
 0.0264  0.942431
 0.0265  0.943495
 0.0266  0.945529
 0.0267  0.947557
 0.0268  0.949293
 0.0269  0.950907
 0.0270  0.952477
 0.0271  0.954052
 0.0272  0.955581
 0.0273  0.957142
 0.0274  0.958737
 0.0275  0.960365
 0.0276  0.963992
 0.0277  0.966679
 0.0278  0.969257
 0.0279  0.971789
 0.0280  0.974342
 0.0281  0.976896
 0.0282  0.979489
 0.0283  0.982110
 0.0284  0.986154
 0.0285  0.991072
 0.0286  0.995376
 0.0287  0.999680
 0.0288  1.004067
 0.0289  1.008575
 0.0290  1.013356
 0.0291  1.018310
 0.0292  1.027356
 0.0293  1.035955
 0.0294  1.044603
 0.0295  1.054099
 0.0296  1.064592
 0.0297  1.076410
 0.0298  1.096072
 0.0299  1.122782
 0.0300  1.157894
 0.0301  1.220528
 0.0302  1.331000
 0.0303  1.165078
 0.0304  1.124323
 0.0305  1.094715
 0.0306  1.080847
 0.0307  1.058245
 0.0308  1.045922
 0.0309  1.031351
 0.0310  1.022288
 0.0311  1.010100
 0.0312  1.003126
 0.0313  0.991433
 0.0314  0.986763
 0.0315  0.980512
 0.0316  0.971446
 0.0317  0.967375
 0.0318  0.961219
 0.0319  0.954085
 0.0320  0.950846
 0.0321  0.946062
 0.0322  0.938829
 0.0323  0.935874
 0.0324  0.932481
 0.0325  0.928052
 0.0326  0.922395
 0.0327  0.919765
 0.0328  0.916835
 0.0329  0.912977
 0.0330  0.907637
 0.0331  0.905473
 0.0332  0.902791
 0.0333  0.899858
 0.0334  0.895361
 0.0335  0.892480
 0.0336  0.890224
 0.0337  0.887957
 0.0338  0.885079
 0.0339  0.880631
 0.0340  0.878621
 0.0341  0.876718
 0.0342  0.874601
 0.0343  0.872243
 0.0344  0.868984
 0.0345  0.866005
 0.0346  0.864368
 0.0347  0.862489
 0.0348  0.860484
 0.0349  0.858072
 0.0350  0.854630
 0.0351  0.852840
 0.0352  0.851221
 0.0353  0.849493
 0.0354  0.847605
 0.0355  0.845574
 0.0356  0.842957
 0.0357  0.840508
 0.0358  0.839025
 0.0359  0.837534
 0.0360  0.835898
 0.0361  0.834209
 0.0362  0.832175
 0.0363  0.829181
 0.0364  0.827821
 0.0365  0.826532
 0.0366  0.825110
 0.0367  0.823685
 0.0368  0.822091
 0.0369  0.820353
 0.0370  0.818064
 0.0371  0.816246
 0.0372  0.814986
 0.0373  0.813706
 0.0374  0.812404
 0.0375  0.810946
 0.0376  0.809436
 0.0377  0.807659
 0.0378  0.805197
 0.0379  0.804054
 0.0380  0.802914
 0.0381  0.801751
 0.0382  0.800507
 0.0383  0.799171
 0.0384  0.797719
 0.0385  0.796164
 0.0386  0.794202
 0.0387  0.792638
 0.0388  0.791579
 0.0389  0.790474
 0.0390  0.789335
 0.0391  0.788188
 0.0392  0.786943
 0.0393  0.785684
 0.0394  0.784211
 0.0395  0.782114
 0.0396  0.781120
 0.0397  0.780102
 0.0398  0.779069
 0.0399  0.778023
 0.0400  0.776929
