-0.400  0.000000
-0.399  0.000000
-0.398  0.000000
-0.397  0.000000
-0.396  0.000000
-0.395  0.000000
-0.394  0.000000
-0.393  0.000000
-0.392  0.000000
-0.391  0.000000
-0.390  0.000000
-0.389  0.000000
-0.388  0.000000
-0.387  0.000000
-0.386  0.000000
-0.385  0.000000
-0.384  0.000000
-0.383  0.000000
-0.382  0.000000
-0.381  0.000000
-0.380  0.000000
-0.379  0.000000
-0.378  0.000000
-0.377  0.000000
-0.376  0.000000
-0.375  0.000000
-0.374  0.000000
-0.373  0.000000
-0.372  0.000000
-0.371  0.000000
-0.370  0.000000
-0.369  0.000000
-0.368  0.000000
-0.367  0.000000
-0.366  0.000000
-0.365  0.000000
-0.364  0.000000
-0.363  0.000000
-0.362  0.000000
-0.361  0.000000
-0.360  0.000000
-0.359  0.000000
-0.358  0.000000
-0.357  0.000000
-0.356  0.000000
-0.355  0.000000
-0.354  0.000000
-0.353  0.000000
-0.352  0.000000
-0.351  0.000000
-0.350  0.000000
-0.349  0.000000
-0.348  0.000000
-0.347  0.000000
-0.346  0.000000
-0.345  0.000000
-0.344  0.000000
-0.343  0.000000
-0.342  0.000000
-0.341  0.000000
-0.340  0.000000
-0.339  0.000000
-0.338  0.000000
-0.337  0.000000
-0.336  0.000000
-0.335  0.000000
-0.334  0.000000
-0.333  0.000000
-0.332  0.000000
-0.331  0.000000
-0.330  0.000000
-0.329  0.000000
-0.328  0.000000
-0.327  0.000000
-0.326  0.000000
-0.325  0.000000
-0.324  0.000000
-0.323  0.000000
-0.322  0.000000
-0.321  0.000000
-0.320  0.000000
-0.319  0.000000
-0.318  0.000000
-0.317  0.000000
-0.316  0.000000
-0.315  0.000000
-0.314  0.000000
-0.313  0.000000
-0.312  0.000000
-0.311  0.000000
-0.310  0.000000
-0.309  0.000000
-0.308  0.000000
-0.307  0.000000
-0.306  0.000000
-0.305  0.000000
-0.304  0.000000
-0.303  0.000000
-0.302  0.000000
-0.301  0.000000
-0.300  0.000000
-0.299  0.000000
-0.298  0.000000
-0.297  0.000000
-0.296  0.000000
-0.295  0.000000
-0.294  0.000000
-0.293  0.000000
-0.292  0.000000
-0.291  0.000000
-0.290  0.000000
-0.289  0.000000
-0.288  0.000000
-0.287  0.000000
-0.286  0.000000
-0.285  0.000000
-0.284  0.000000
-0.283  0.000000
-0.282  0.000000
-0.281  0.000000
-0.280  0.000000
-0.279  0.000000
-0.278  0.000000
-0.277  0.000000
-0.276  0.000000
-0.275  0.000000
-0.274  0.000000
-0.273  0.000000
-0.272  0.000000
-0.271  0.000000
-0.270  0.000000
-0.269  0.000000
-0.268  0.000000
-0.267  0.000000
-0.266  0.000000
-0.265  0.000000
-0.264  0.000000
-0.263  0.000000
-0.262  0.000000
-0.261  0.000000
-0.260  0.000000
-0.259  0.000000
-0.258  0.000000
-0.257  0.000000
-0.256  1.377961
-0.255  1.015961
-0.254  0.694944
-0.253  1.229143
-0.252  1.247513
-0.251  1.261438
-0.250  1.219002
-0.249  1.271353
-0.248  1.299395
-0.247  1.241837
-0.246  1.359886
-0.245  1.208931
-0.244  1.153771
-0.243  1.184847
-0.242  1.224498
-0.241  1.291335
-0.240  1.316822
-0.239  1.316746
-0.238  1.322537
-0.237  1.338491
-0.236  1.341308
-0.235  1.350043
-0.234  1.354742
-0.233  1.367009
-0.232  1.374098
-0.231  1.384732
-0.230  1.394301
-0.229  1.402424
-0.228  1.411692
-0.227  1.421523
-0.226  1.430870
-0.225  1.439875
-0.224  1.450622
-0.223  1.459305
-0.222  1.470687
-0.221  1.482335
-0.220  1.494332
-0.219  1.504545
-0.218  1.514194
-0.217  1.524376
-0.216  1.536864
-0.215  1.550104
-0.214  1.563741
-0.213  1.575959
-0.212  1.588059
-0.211  1.600978
-0.210  1.614802
-0.209  1.627717
-0.208  1.643254
-0.207  1.659180
-0.206  1.672599
-0.205  1.688328
-0.204  1.705083
-0.203  1.721675
-0.202  1.737947
-0.201  1.756074
-0.200  1.774135
-0.199  1.792778
-0.198  1.812281
-0.197  1.831311
-0.196  1.852871
-0.195  1.874051
-0.194  1.896450
-0.193  1.920452
-0.192  1.943260
-0.191  1.968137
-0.190  1.994538
-0.189  2.020713
-0.188  2.050840
-0.187  2.080156
-0.186  2.111820
-0.185  2.144746
-0.184  2.179483
-0.183  2.215949
-0.182  2.255086
-0.181  2.296240
-0.180  2.341252
-0.179  2.389628
-0.178  2.440318
-0.177  2.495243
-0.176  2.556178
-0.175  2.622516
-0.174  2.695390
-0.173  2.776948
-0.172  2.868199
-0.171  2.972058
-0.170  3.095033
-0.169  3.243804
-0.168  3.427830
-0.167  3.671517
-0.166  4.038983
-0.165  4.795641
-0.164  4.942602
-0.163  4.138480
-0.162  3.784947
-0.161  3.555031
-0.160  3.383854
-0.159  3.251000
-0.158  3.142331
-0.157  3.049431
-0.156  2.971700
-0.155  2.902943
-0.154  2.834869
-0.153  2.780396
-0.152  2.730544
-0.151  2.686102
-0.150  2.642659
-0.149  2.602007
-0.148  2.563875
-0.147  2.530850
-0.146  2.498317
-0.145  2.469102
-0.144  2.440722
-0.143  2.412126
-0.142  2.386589
-0.141  2.365147
-0.140  2.344140
-0.139  2.319437
-0.138  2.301938
-0.137  2.278537
-0.136  2.264074
-0.135  2.245347
-0.134  2.229910
-0.133  2.209151
-0.132  2.197948
-0.131  2.181333
-0.130  2.168512
-0.129  2.153881
-0.128  2.142930
-0.127  2.129095
-0.126  2.117874
-0.125  2.107265
-0.124  2.096213
-0.123  2.085954
-0.122  2.075852
-0.121  2.068337
-0.120  2.060183
-0.119  2.048805
-0.118  2.037703
-0.117  2.030464
-0.116  2.022846
-0.115  2.013309
-0.114  2.011002
-0.113  2.008000
-0.112  1.999653
-0.111  1.990011
-0.110  1.982806
-0.109  1.991142
-0.108  1.975914
-0.107  1.964788
-0.106  1.970656
-0.105  1.963493
-0.104  1.958141
-0.103  1.953413
-0.102  1.952340
-0.101  1.953579
-0.100  1.949121
-0.099  1.948370
-0.098  1.944979
-0.097  1.944942
-0.096  1.942123
-0.095  1.941988
-0.094  1.941455
-0.093  1.943030
-0.092  1.947338
-0.091  1.950588
-0.090  1.948377
-0.089  1.958548
-0.088  1.958667
-0.087  1.962101
-0.086  1.958534
-0.085  1.980766
-0.084  1.987543
-0.083  1.991249
-0.082  2.001237
-0.081  2.012218
-0.080  2.029806
-0.079  2.048699
-0.078  2.068498
-0.077  2.095483
-0.076  2.141542
-0.075  2.200823
-0.074  2.294897
-0.073  2.600690
-0.072  2.359659
-0.071  2.200483
-0.070  2.124351
-0.069  2.076619
-0.068  2.031677
-0.067  1.997676
-0.066  1.967951
-0.065  1.942544
-0.064  1.919539
-0.063  1.898678
-0.062  1.878172
-0.061  1.865809
-0.060  1.844383
-0.059  1.832110
-0.058  1.812952
-0.057  1.801429
-0.056  1.786900
-0.055  1.773161
-0.054  1.765699
-0.053  1.749414
-0.052  1.737077
-0.051  1.725137
-0.050  1.718116
-0.049  1.704961
-0.048  1.695771
-0.047  1.686742
-0.046  1.680515
-0.045  1.670256
-0.044  1.660609
-0.043  1.651195
-0.042  1.643026
-0.041  1.631380
-0.040  1.623910
-0.039  1.619182
-0.038  1.565277
-0.037  1.573589
-0.036  1.584950
-0.035  1.596536
-0.034  1.621770
-0.033  1.681063
-0.032  1.602725
-0.031  1.566844
-0.030  1.544138
-0.029  1.521210
-0.028  1.501196
-0.027  1.531925
-0.026  1.528504
-0.025  1.520998
-0.024  1.516784
-0.023  1.508437
-0.022  1.501828
-0.021  1.497831
-0.020  1.492092
-0.019  1.485765
-0.018  1.476047
-0.017  1.475346
-0.016  1.468261
-0.015  1.466071
-0.014  1.461877
-0.013  1.456335
-0.012  1.448338
-0.011  1.443268
-0.010  1.439273
-0.009  1.435240
-0.008  1.428943
-0.007  1.420080
-0.006  1.393002
-0.005  1.395240
-0.004  1.398418
-0.003  1.396280
-0.002  1.400977
-0.001  1.270043
 0.000  1.311397
 0.001  1.297614
 0.002  1.293445
 0.003  1.297109
 0.004  1.299135
 0.005  1.312857
 0.006  1.342856
 0.007  1.362274
 0.008  1.381076
 0.009  1.412479
 0.010  1.460075
 0.011  1.794143
 0.012  1.458278
 0.013  1.394609
 0.014  1.363722
 0.015  1.325419
 0.016  1.319545
 0.017  1.312951
 0.018  1.322433
 0.019  1.305136
 0.020  1.317625
 0.021  1.298176
 0.022  1.291544
 0.023  1.291665
 0.024  1.096338
 0.025  1.146029
 0.026  1.235764
 0.027  1.487243
 0.028  1.319289
 0.029  1.026433
 0.030  0.856108
 0.031  0.874690
 0.032  0.891784
 0.033  0.908517
 0.034  0.929025
 0.035  0.954184
 0.036  0.977294
 0.037  1.005167
 0.038  1.045602
 0.039  1.129372
 0.040  1.056132
 0.041  1.004052
 0.042  0.981731
 0.043  1.206569
 0.044  1.269342
 0.045  1.368252
 0.046  1.704984
 0.047  1.415253
 0.048  1.349056
 0.049  1.311473
 0.050  1.289464
 0.051  1.263839
 0.052  1.249047
 0.053  1.237188
 0.054  1.223276
 0.055  1.226059
 0.056  1.207247
 0.057  1.201325
 0.058  1.193001
 0.059  1.185975
 0.060  1.188103
 0.061  1.173616
 0.062  1.172319
 0.063  1.164670
 0.064  1.162152
 0.065  1.157003
 0.066  1.150514
 0.067  1.146562
 0.068  1.149971
 0.069  1.135111
 0.070  1.113817
 0.071  1.117110
 0.072  1.116520
 0.073  1.116717
 0.074  1.119484
 0.075  1.129906
 0.076  1.146832
 0.077  1.104197
 0.078  1.102420
 0.079  1.099361
 0.080  1.106920
 0.081  1.092759
 0.082  1.088107
 0.083  1.088399
 0.084  1.079828
 0.085  1.072615
 0.086  1.070404
 0.087  1.072682
 0.088  1.063171
 0.089  1.058080
 0.090  1.062574
 0.091  0.924341
 0.092  0.944168
 0.093  0.990871
 0.094  1.051624
 0.095  1.113177
 0.096  1.098166
 0.097  1.066926
 0.098  1.055647
 0.099  1.045401
 0.100  1.041010
 0.101  1.034791
 0.102  1.029800
 0.103  1.026783
 0.104  1.023873
 0.105  1.018591
 0.106  1.016944
 0.107  1.011165
 0.108  1.013353
 0.109  1.004329
 0.110  1.002309
 0.111  0.999533
 0.112  0.996678
 0.113  0.995539
 0.114  0.989119
 0.115  0.991688
 0.116  0.983862
 0.117  0.980108
 0.118  0.977975
 0.119  0.976021
 0.120  0.973835
 0.121  0.967389
 0.122  0.966857
 0.123  0.964493
 0.124  0.960724
 0.125  0.958386
 0.126  0.954656
 0.127  0.955011
 0.128  0.948557
 0.129  0.947988
 0.130  0.943194
 0.131  0.939359
 0.132  0.937556
 0.133  0.916111
 0.134  0.920458
 0.135  0.919380
 0.136  0.920561
 0.137  0.921154
 0.138  0.925101
 0.139  0.928976
 0.140  0.941471
 0.141  0.927927
 0.142  0.913649
 0.143  0.906166
 0.144  0.896922
 0.145  0.905682
 0.146  0.902540
 0.147  0.901209
 0.148  0.894922
 0.149  0.893471
 0.150  0.890057
 0.151  0.891962
 0.152  0.886132
 0.153  0.885265
 0.154  0.878407
 0.155  0.877511
 0.156  0.876369
 0.157  0.876738
 0.158  0.870616
 0.159  0.868129
 0.160  0.864303
 0.161  0.861872
 0.162  0.863086
 0.163  0.860705
 0.164  0.856325
 0.165  0.853490
 0.166  0.850168
 0.167  0.847482
 0.168  0.849049
 0.169  0.846791
 0.170  0.843368
 0.171  0.839310
 0.172  0.838231
 0.173  0.834463
 0.174  0.835704
 0.175  0.834046
 0.176  0.830894
 0.177  0.832542
 0.178  0.826375
 0.179  0.824400
 0.180  0.819936
 0.181  0.815261
 0.182  0.817223
 0.183  0.816623
 0.184  0.807857
 0.185  0.812657
 0.186  0.811861
 0.187  0.799779
 0.188  0.809122
 0.189  0.799080
 0.190  0.796213
 0.191  0.796759
 0.192  0.789328
 0.193  0.796387
 0.194  0.787749
 0.195  0.784560
 0.196  0.791642
 0.197  0.778937
 0.198  0.789559
 0.199  0.777214
 0.200  0.772876
 0.201  0.778040
 0.202  0.770645
 0.203  0.765434
 0.204  0.776353
 0.205  0.794558
 0.206  0.762867
 0.207  0.754080
 0.208  0.747033
 0.209  0.779035
 0.210  0.765630
 0.211  0.766905
 0.212  0.760838
 0.213  0.759686
 0.214  0.757711
 0.215  0.751971
 0.216  0.746748
 0.217  0.740209
 0.218  0.738484
 0.219  0.738934
 0.220  0.737390
 0.221  0.743740
 0.222  0.716324
 0.223  0.813301
 0.224  0.745568
 0.225  0.772003
 0.226  0.732935
 0.227  0.715599
 0.228  0.694244
 0.229  0.713714
 0.230  0.734324
 0.231  0.713742
 0.232  0.735091
 0.233  0.715818
 0.234  0.626368
 0.235  0.589000
 0.236  0.629906
 0.237  0.676007
 0.238  0.832024
 0.239  0.756616
 0.240  0.729454
 0.241  0.720138
 0.242  0.713401
 0.243  0.709339
 0.244  0.706310
 0.245  0.703516
 0.246  0.701248
 0.247  0.698975
 0.248  0.696925
 0.249  0.695061
 0.250  0.693138
 0.251  0.691269
 0.252  0.690628
 0.253  0.687810
 0.254  0.686027
 0.255  0.684415
 0.256  0.682649
 0.257  0.681178
 0.258  0.679455
 0.259  0.677823
 0.260  0.676289
 0.261  0.674680
 0.262  0.673222
 0.263  0.672834
 0.264  0.670095
 0.265  0.668542
 0.266  0.667065
 0.267  0.665525
 0.268  0.665364
 0.269  0.662566
 0.270  0.661094
 0.271  0.659610
 0.272  0.658174
 0.273  0.656894
 0.274  0.655379
 0.275  0.653814
 0.276  0.652382
 0.277  0.650965
 0.278  0.649701
 0.279  0.648373
 0.280  0.646698
 0.281  0.645401
 0.282  0.644001
 0.283  0.642803
 0.284  0.641523
 0.285  0.639921
 0.286  0.638581
 0.287  0.637151
 0.288  0.636043
 0.289  0.636189
 0.290  0.633362
 0.291  0.631893
 0.292  0.630528
 0.293  0.629468
 0.294  0.629689
 0.295  0.626899
 0.296  0.625284
 0.297  0.624072
 0.298  0.623009
 0.299  0.623398
 0.300  0.620539
 0.301  0.618944
 0.302  0.617746
 0.303  0.616625
 0.304  0.617241
 0.305  0.614325
 0.306  0.612744
 0.307  0.611542
 0.308  0.610489
 0.309  0.611234
 0.310  0.608201
 0.311  0.606668
 0.312  0.605444
 0.313  0.604524
 0.314  0.605365
 0.315  0.602216
 0.316  0.600713
 0.317  0.599474
 0.318  0.598747
 0.319  0.599612
 0.320  0.596290
 0.321  0.594862
 0.322  0.593696
 0.323  0.593147
 0.324  0.592184
 0.325  0.590426
 0.326  0.589128
 0.327  0.588016
 0.328  0.587656
 0.329  0.586601
 0.330  0.584658
 0.331  0.583525
 0.332  0.582460
 0.333  0.582272
 0.334  0.581072
 0.335  0.579178
 0.336  0.578071
 0.337  0.577302
 0.338  0.577073
 0.339  0.575388
 0.340  0.573765
 0.341  0.572705
 0.342  0.572449
 0.343  0.571830
 0.344  0.569621
 0.345  0.568474
 0.346  0.567451
 0.347  0.567730
 0.348  0.566389
 0.349  0.564359
 0.350  0.563291
 0.351  0.562882
 0.352  0.560629
 0.353  0.560635
 0.354  0.559242
 0.355  0.558249
 0.356  0.558736
 0.357  0.557533
 0.358  0.555253
 0.359  0.554215
 0.360  0.553943
 0.361  0.551848
 0.362  0.551660
 0.363  0.550329
 0.364  0.549321
 0.365  0.550395
 0.366  0.548666
 0.367  0.546442
 0.368  0.545527
 0.369  0.545854
 0.370  0.545794
 0.371  0.542616
 0.372  0.541712
 0.373  0.541360
 0.374  0.539844
 0.375  0.539497
 0.376  0.537934
 0.377  0.537039
 0.378  0.535868
 0.379  0.536507
 0.380  0.534251
 0.381  0.533366
 0.382  0.535240
 0.383  0.533495
 0.384  0.530598
 0.385  0.529588
 0.386  0.528051
 0.387  0.530719
 0.388  0.529427
 0.389  0.526877
 0.390  0.525576
 0.391  0.522849
 0.392  0.523596
 0.393  0.522644
 0.394  0.523272
 0.395  0.521117
 0.396  0.520055
 0.397  0.519199
 0.398  0.520200
 0.399  0.517656
 0.400  0.516651
 0.401  0.515787
 0.402  0.517505
 0.403  0.514322
 0.404  0.513231
 0.405  0.512422
 0.406  0.515456
 0.407  0.513078
 0.408  0.509907
 0.409  0.509137
 0.410  0.508426
 0.411  0.510866
 0.412  0.506676
 0.413  0.505894
 0.414  0.505119
 0.415  0.505998
 0.416  0.503399
 0.417  0.505878
 0.418  0.501908
 0.419  0.501003
 0.420  0.500181
 0.421  0.499507
 0.422  0.504784
 0.423  0.497817
 0.424  0.498658
 0.425  0.496287
 0.426  0.496363
 0.427  0.494745
 0.428  0.493935
 0.429  0.493126
 0.430  0.492434
 0.431  0.494743
 0.432  0.490815
 0.433  0.490202
 0.434  0.489367
 0.435  0.488513
 0.436  0.492440
 0.437  0.487090
 0.438  0.486208
 0.439  0.485503
 0.440  0.484843
 0.441  0.491339
 0.442  0.483234
 0.443  0.482673
 0.444  0.482176
 0.445  0.480978
 0.446  0.488037
 0.447  0.479889
 0.448  0.478765
 0.449  0.478017
 0.450  0.477705
 0.451  0.476542
 0.452  0.475851
 0.453  0.475592
 0.454  0.474362
 0.455  0.473718
 0.456  0.473537
 0.457  0.472206
 0.458  0.471574
 0.459  0.471540
 0.460  0.470064
 0.461  0.469438
 0.462  0.468648
 0.463  0.467984
 0.464  0.468179
 0.465  0.466533
 0.466  0.465897
 0.467  0.466185
 0.468  0.464443
 0.469  0.463800
 0.470  0.487237
 0.471  0.462431
 0.472  0.461918
 0.473  0.460979
 0.474  0.460345
 0.475  0.478884
 0.476  0.459001
 0.477  0.458566
 0.478  0.457585
 0.479  0.457053
 0.480  0.456507
 0.481  0.455616
 0.482  0.480175
 0.483  0.454183
 0.484  0.453943
 0.485  0.453008
 0.486  0.452559
 0.487  0.451822
 0.488  0.451193
 0.489  0.450609
 0.490  0.449770
 0.491  0.458332
 0.492  0.448515
 0.493  0.454136
 0.494  0.447293
 0.495  0.452251
 0.496  0.446087
 0.497  0.451871
 0.498  0.451762
 0.499  0.452638
 0.500  0.445588
 0.501  0.443003
 0.502  0.440644
 0.503  0.447026
 0.504  0.444006
 0.505  0.439622
 0.506  0.444820
 0.507  0.439410
 0.508  0.436892
 0.509  0.446138
 0.510  0.443043
 0.511  0.441361
 0.512  0.434465
 0.513  0.438427
 0.514  0.436287
 0.515  0.434091
 0.516  0.432400
 0.517  0.435984
 0.518  0.432909
 0.519  0.430782
 0.520  0.432587
 0.521  0.432473
 0.522  0.437782
 0.523  0.424055
 0.524  0.408000
 0.525  0.417911
 0.526  0.441575
 0.527  0.445853
 0.528  0.432520
 0.529  0.430177
 0.530  0.429387
 0.531  0.428504
 0.532  0.427915
 0.533  0.427226
 0.534  0.426622
 0.535  0.426213
 0.536  0.425491
 0.537  0.424849
 0.538  0.424426
 0.539  0.424016
 0.540  0.423282
 0.541  0.422681
 0.542  0.422221
 0.543  0.421790
 0.544  0.421065
 0.545  0.420505
 0.546  0.419999
 0.547  0.419518
 0.548  0.419045
 0.549  0.418566
 0.550  0.418014
 0.551  0.417416
 0.552  0.416790
 0.553  0.416216
 0.554  0.415893
 0.555  0.415589
 0.556  0.414882
 0.557  0.414195
 0.558  0.413656
 0.559  0.413128
 0.560  0.412026
 0.561  0.413616
 0.562  0.226688
 0.563  0.226646
 0.564  0.226614
 0.565  0.226558
 0.566  0.226510
 0.567  0.226482
 0.568  0.226438
 0.569  0.226386
 0.570  0.226344
 0.571  0.226324
 0.572  0.226271
 0.573  0.226223
 0.574  0.226189
 0.575  0.226163
 0.576  0.226113
 0.577  0.226071
 0.578  0.226055
 0.579  0.226010
 0.580  0.225964
 0.581  0.225929
 0.582  0.225914
 0.583  0.225866
 0.584  0.225825
 0.585  0.225801
 0.586  0.225775
 0.587  0.225731
 0.588  0.225697
 0.589  0.225691
 0.590  0.225645
 0.591  0.225606
 0.592  0.225581
 0.593  0.225566
 0.594  0.225524
 0.595  0.225491
 0.596  0.225494
 0.597  0.225449
 0.598  0.225413
 0.599  0.225390
 0.600  0.225382
 0.601  0.225342
 0.602  0.225312
 0.603  0.225314
 0.604  0.225279
 0.605  0.225245
 0.606  0.225225
 0.607  0.225223
 0.608  0.225186
 0.609  0.225160
 0.610  0.225165
 0.611  0.225135
 0.612  0.225104
 0.613  0.225088
 0.614  0.225090
 0.615  0.225056
 0.616  0.225033
 0.617  0.225051
 0.618  0.225015
 0.619  0.224988
 0.620  0.224979
 0.621  0.224981
 0.622  0.224951
 0.623  0.224934
 0.624  0.224953
 0.625  0.224921
 0.626  0.224899
 0.627  0.224899
 0.628  0.224898
 0.629  0.224873
 0.630  0.224863
 0.631  0.224881
 0.632  0.224854
 0.633  0.224838
 0.634  0.224858
 0.635  0.224841
 0.636  0.224822
 0.637  0.224822
 0.638  0.224835
 0.639  0.224813
 0.640  0.224806
 0.641  0.224835
 0.642  0.224811
 0.643  0.224799
 0.644  0.224820
 0.645  0.224815
 0.646  0.224801
 0.647  0.224806
 0.648  0.224826
 0.649  0.224809
 0.650  0.224808
 0.651  0.224842
 0.652  0.224823
 0.653  0.224818
 0.654  0.224865
 0.655  0.224844
 0.656  0.224837
 0.657  0.224855
 0.658  0.224872
 0.659  0.224862
 0.660  0.224872
 0.661  0.224905
 0.662  0.224893
 0.663  0.224899
 0.664  0.224944
 0.665  0.224931
 0.666  0.224934
 0.667  0.224989
 0.668  0.224975
 0.669  0.224975
 0.670  0.225010
 0.671  0.225025
 0.672  0.225024
 0.673  0.225049
 0.674  0.225081
 0.675  0.225078
 0.676  0.225099
 0.677  0.225142
 0.678  0.225139
 0.679  0.225157
 0.680  0.225210
 0.681  0.225206
 0.682  0.225223
 0.683  0.225284
 0.684  0.225280
 0.685  0.225295
 0.686  0.225363
 0.687  0.225359
 0.688  0.225373
 0.689  0.225448
 0.690  0.225444
 0.691  0.225459
 0.692  0.225539
 0.693  0.225536
 0.694  0.225550
 0.695  0.225616
 0.696  0.225633
 0.697  0.225649
 0.698  0.225711
 0.699  0.225736
 0.700  0.225753
 0.701  0.225816
 0.702  0.225846
 0.703  0.225865
 0.704  0.225930
 0.705  0.225962
 0.706  0.225982
 0.707  0.226054
 0.708  0.226084
 0.709  0.226107
 0.710  0.226190
 0.711  0.226212
 0.712  0.226239
 0.713  0.226339
 0.714  0.226347
 0.715  0.226378
 0.716  0.226477
 0.717  0.226489
 0.718  0.226524
 0.719  0.226622
 0.720  0.226637
 0.721  0.226678
 0.722  0.226774
 0.723  0.226793
 0.724  0.226841
 0.725  0.226932
 0.726  0.226956
 0.727  0.227014
 0.728  0.227098
 0.729  0.227127
 0.730  0.227200
 0.731  0.227270
 0.732  0.227307
 0.733  0.227407
 0.734  0.227451
 0.735  0.227496
 0.736  0.227616
 0.737  0.227640
 0.738  0.227696
 0.739  0.227806
 0.740  0.227838
 0.741  0.227910
 0.742  0.228005
 0.743  0.228046
 0.744  0.228146
 0.745  0.228213
 0.746  0.228266
 0.747  0.228398
 0.748  0.228430
 0.749  0.228499
 0.750  0.228615
 0.751  0.228659
 0.752  0.228755
 0.753  0.228843
 0.754  0.228901
 0.755  0.229045
 0.756  0.229083
 0.757  0.229159
 0.758  0.229284
 0.759  0.229335
 0.760  0.229449
 0.761  0.229535
 0.762  0.229603
 0.763  0.229751
 0.764  0.229799
 0.765  0.229896
 0.766  0.230014
 0.767  0.230079
 0.768  0.230244
 0.769  0.230291
 0.770  0.230385
 0.771  0.230520
 0.772  0.230586
 0.773  0.230763
 0.774  0.230812
 0.775  0.230908
 0.776  0.231053
 0.777  0.231123
 0.778  0.231308
 0.779  0.231361
 0.780  0.231465
 0.781  0.231614
 0.782  0.231691
 0.783  0.231880
 0.784  0.231940
 0.785  0.232060
 0.786  0.232204
 0.787  0.232294
 0.788  0.232480
 0.789  0.232551
 0.790  0.232707
 0.791  0.232825
 0.792  0.232936
 0.793  0.233110
 0.794  0.233199
 0.795  0.233407
 0.796  0.233481
 0.797  0.233633
 0.798  0.233775
 0.799  0.233893
 0.800  0.234080
 0.801  0.234179
 0.802  0.234397
 0.803  0.234481
 0.804  0.234669
 0.805  0.234794
 0.806  0.234937
 0.807  0.235118
 0.808  0.235240
 0.809  0.235452
 0.810  0.235559
 0.811  0.235795
 0.812  0.235890
 0.813  0.236137
 0.814  0.236232
 0.815  0.236414
 0.816  0.236583
 0.817  0.236741
 0.818  0.236943
 0.819  0.237087
 0.820  0.237313
 0.821  0.237445
 0.822  0.237690
 0.823  0.237815
 0.824  0.238074
 0.825  0.238194
 0.826  0.238466
 0.827  0.238582
 0.828  0.238866
 0.829  0.238979
 0.830  0.239272
 0.831  0.239385
 0.832  0.239687
 0.833  0.239799
 0.834  0.240107
 0.835  0.240222
 0.836  0.240535
 0.837  0.240654
 0.838  0.240971
 0.839  0.241095
 0.840  0.241413
 0.841  0.241546
 0.842  0.241863
 0.843  0.242007
 0.844  0.242322
 0.845  0.242479
 0.846  0.242789
 0.847  0.242965
 0.848  0.243266
 0.849  0.243468
 0.850  0.243752
 0.851  0.243995
 0.852  0.244251
 0.853  0.244588
 0.854  0.244764
 0.855  0.245127
 0.856  0.245296
 0.857  0.245640
 0.858  0.245852
 0.859  0.246168
 0.860  0.246459
 0.861  0.246716
 0.862  0.247105
 0.863  0.247289
 0.864  0.247651
 0.865  0.247906
 0.866  0.248219
 0.867  0.248637
 0.868  0.248820
 0.869  0.249204
 0.870  0.249481
 0.871  0.249801
 0.872  0.250230
 0.873  0.250448
 0.874  0.250829
 0.875  0.251252
 0.876  0.251474
 0.877  0.251891
 0.878  0.252228
 0.879  0.252544
 0.880  0.252985
 0.881  0.253310
 0.882  0.253653
 0.883  0.254107
 0.884  0.254460
 0.885  0.254800
 0.886  0.255258
 0.887  0.255737
 0.888  0.255993
 0.889  0.256442
 0.890  0.256952
 0.891  0.257259
 0.892  0.257672
 0.893  0.258165
 0.894  0.258706
 0.895  0.258989
 0.896  0.259437
 0.897  0.259949
 0.898  0.260504
 0.899  0.260856
 0.900  0.261289
 0.901  0.261800
 0.902  0.262349
 0.903  0.262929
 0.904  0.263332
 0.905  0.263772
 0.906  0.264291
 0.907  0.264843
 0.908  0.265420
 0.909  0.266014
 0.910  0.266623
 0.911  0.267240
 0.912  0.267630
 0.913  0.268155
 0.914  0.268716
 0.915  0.269299
 0.916  0.269896
 0.917  0.270503
 0.918  0.271121
 0.919  0.271750
 0.920  0.272390
 0.921  0.273048
 0.922  0.273740
 0.923  0.274528
 0.924  0.275313
 0.925  0.275909
 0.926  0.276521
 0.927  0.277158
 0.928  0.277865
 0.929  0.278913
 0.930  0.279516
 0.931  0.280121
 0.932  0.280965
 0.933  0.281848
 0.934  0.282457
 0.935  0.283606
 0.936  0.284101
 0.937  0.285249
 0.938  0.285804
 0.939  0.286739
 0.940  0.287876
 0.941  0.289057
 0.942  0.289583
 0.943  0.290577
 0.944  0.291860
 0.945  0.292400
 0.946  0.293255
 0.947  0.294184
 0.948  0.295137
 0.949  0.297705
 0.950  0.298361
 0.951  0.297689
 0.952  0.000000
 0.953  0.000000
 0.954  0.000000
 0.955  0.000000
 0.956  0.000000
 0.957  0.000000
 0.958  0.000000
 0.959  0.000000
 0.960  0.000000
 0.961  0.000000
 0.962  0.000000
 0.963  0.000000
 0.964  0.000000
 0.965  0.000000
 0.966  0.000000
 0.967  0.000000
 0.968  0.000000
 0.969  0.000000
 0.970  0.000000
 0.971  0.000000
 0.972  0.000000
 0.973  0.000000
 0.974  0.000000
 0.975  0.000000
 0.976  0.000000
 0.977  0.000000
 0.978  0.000000
 0.979  0.000000
 0.980  0.000000
 0.981  0.000000
 0.982  0.000000
 0.983  0.000000
 0.984  0.000000
 0.985  0.000000
 0.986  0.000000
 0.987  0.000000
 0.988  0.000000
 0.989  0.000000
 0.990  0.000000
 0.991  0.000000
 0.992  0.000000
 0.993  0.000000
 0.994  0.000000
 0.995  0.000000
 0.996  0.000000
 0.997  0.000000
 0.998  0.000000
 0.999  0.000000
 1.000  0.000000
