-0.400  0.000000
-0.399  0.000000
-0.398  0.000000
-0.397  0.000000
-0.396  0.000000
-0.395  0.000000
-0.394  0.000000
-0.393  0.000000
-0.392  0.000000
-0.391  0.000000
-0.390  0.000000
-0.389  0.000000
-0.388  0.000000
-0.387  0.000000
-0.386  0.000000
-0.385  0.000000
-0.384  0.000000
-0.383  0.000000
-0.382  0.000000
-0.381  0.000000
-0.380  0.000000
-0.379  0.000000
-0.378  0.000000
-0.377  0.000000
-0.376  0.000000
-0.375  0.000000
-0.374  0.000000
-0.373  0.000000
-0.372  0.000000
-0.371  0.000000
-0.370  0.000000
-0.369  0.000000
-0.368  0.000000
-0.367  0.000000
-0.366  0.000000
-0.365  0.000000
-0.364  0.000000
-0.363  0.000000
-0.362  0.000000
-0.361  0.000000
-0.360  0.000000
-0.359  0.000000
-0.358  0.000000
-0.357  0.000000
-0.356  0.000000
-0.355  0.000000
-0.354  0.000000
-0.353  0.000000
-0.352  0.000000
-0.351  0.000000
-0.350  0.000000
-0.349  0.000000
-0.348  0.000000
-0.347  0.000000
-0.346  0.000000
-0.345  0.000000
-0.344  0.000000
-0.343  0.000000
-0.342  0.000000
-0.341  0.000000
-0.340  0.000000
-0.339  0.000000
-0.338  0.000000
-0.337  0.000000
-0.336  0.000000
-0.335  0.000000
-0.334  0.000000
-0.333  0.000000
-0.332  0.000000
-0.331  0.000000
-0.330  0.000000
-0.329  0.000000
-0.328  0.000000
-0.327  0.000000
-0.326  0.000000
-0.325  0.000000
-0.324  0.000000
-0.323  0.000000
-0.322  0.000000
-0.321  0.000000
-0.320  0.000000
-0.319  0.000000
-0.318  0.000000
-0.317  0.000000
-0.316  0.000000
-0.315  0.000000
-0.314  0.000000
-0.313  0.000000
-0.312  0.000000
-0.311  0.000000
-0.310  0.000000
-0.309  0.000000
-0.308  0.000000
-0.307  0.000000
-0.306  0.000000
-0.305  0.000000
-0.304  0.000000
-0.303  0.000000
-0.302  0.000000
-0.301  0.000000
-0.300  0.000000
-0.299  0.000000
-0.298  0.000000
-0.297  0.000000
-0.296  0.000000
-0.295  0.000000
-0.294  0.000000
-0.293  0.000000
-0.292  0.000000
-0.291  0.000000
-0.290  0.000000
-0.289  0.000000
-0.288  0.000000
-0.287  0.000000
-0.286  0.000000
-0.285  0.000000
-0.284  0.000000
-0.283  0.000000
-0.282  0.000000
-0.281  0.000000
-0.280  0.000000
-0.279  0.000000
-0.278  0.000000
-0.277  0.000000
-0.276  0.000000
-0.275  0.000000
-0.274  0.000000
-0.273  0.000000
-0.272  0.000000
-0.271  0.000000
-0.270  0.000000
-0.269  0.000000
-0.268  0.000000
-0.267  0.000000
-0.266  0.000000
-0.265  0.000000
-0.264  0.000000
-0.263  0.000000
-0.262  0.000000
-0.261  0.000000
-0.260  0.000000
-0.259  0.000000
-0.258  0.000000
-0.257  1.595974
-0.256  0.830374
-0.255  0.479486
-0.254  0.431763
-0.253  0.402859
-0.252  0.383279
-0.251  1.333660
-0.250  1.528031
-0.249  1.126564
-0.248  1.787226
-0.247  1.367760
-0.246  1.247780
-0.245  1.187271
-0.244  1.146295
-0.243  1.118204
-0.242  1.094921
-0.241  1.077176
-0.240  1.061897
-0.239  1.051137
-0.238  1.293332
-0.237  1.206594
-0.236  1.220021
-0.235  1.234499
-0.234  1.243761
-0.233  1.370234
-0.232  1.377271
-0.231  1.387325
-0.230  1.400599
-0.229  1.407466
-0.228  1.419156
-0.227  1.428004
-0.226  1.439204
-0.225  1.446956
-0.224  1.457467
-0.223  1.468746
-0.222  1.481219
-0.221  1.490700
-0.220  1.499554
-0.219  1.512570
-0.218  1.524555
-0.217  1.537523
-0.216  1.548242
-0.215  1.561119
-0.214  1.573593
-0.213  1.587082
-0.212  1.599932
-0.211  1.614232
-0.210  1.628303
-0.209  1.641947
-0.208  1.657937
-0.207  1.673492
-0.206  1.688546
-0.205  1.705987
-0.204  1.722669
-0.203  1.739609
-0.202  1.756481
-0.201  1.775327
-0.200  1.794322
-0.199  1.813473
-0.198  1.833713
-0.197  1.855128
-0.196  1.877004
-0.195  1.899707
-0.194  1.922084
-0.193  1.947072
-0.192  1.972855
-0.191  1.999530
-0.190  2.027209
-0.189  2.056457
-0.188  2.086938
-0.187  2.118678
-0.186  2.152948
-0.185  2.188588
-0.184  2.226407
-0.183  2.267159
-0.182  2.308361
-0.181  2.354536
-0.180  2.403206
-0.179  2.455655
-0.178  2.513760
-0.177  2.577038
-0.176  2.645031
-0.175  2.720991
-0.174  2.807756
-0.173  2.903862
-0.172  3.015781
-0.171  3.146200
-0.170  3.306677
-0.169  3.506756
-0.168  3.784244
-0.167  4.218484
-0.166  5.356156
-0.165  4.675373
-0.164  4.074902
-0.163  3.754698
-0.162  3.543580
-0.161  3.383908
-0.160  3.255532
-0.159  3.148065
-0.158  3.059807
-0.157  2.980611
-0.156  2.911308
-0.155  2.849130
-0.154  2.793785
-0.153  2.744026
-0.152  2.697142
-0.151  2.654720
-0.150  2.615161
-0.149  2.578211
-0.148  2.545011
-0.147  2.512911
-0.146  2.481795
-0.145  2.453908
-0.144  2.427096
-0.143  2.402643
-0.142  2.378017
-0.141  2.355431
-0.140  2.334044
-0.139  2.312553
-0.138  2.293112
-0.137  2.274502
-0.136  2.258495
-0.135  2.239934
-0.134  2.224621
-0.133  2.208483
-0.132  2.194915
-0.131  2.180277
-0.130  2.164800
-0.129  2.153886
-0.128  2.142145
-0.127  2.128106
-0.126  2.117851
-0.125  2.106426
-0.124  2.096311
-0.123  2.085873
-0.122  2.078380
-0.121  2.067222
-0.120  2.057836
-0.119  2.051769
-0.118  2.042923
-0.117  2.033364
-0.116  2.028734
-0.115  2.021040
-0.114  2.014323
-0.113  2.008751
-0.112  2.007325
-0.111  1.997081
-0.110  1.984997
-0.109  1.974006
-0.108  1.982750
-0.107  1.975942
-0.106  1.975400
-0.105  1.971151
-0.104  1.965788
-0.103  1.961600
-0.102  1.960586
-0.101  1.960108
-0.100  1.957777
-0.099  1.957226
-0.098  1.955639
-0.097  1.953386
-0.096  1.954125
-0.095  1.952717
-0.094  1.955798
-0.093  1.882807
-0.092  1.848969
-0.091  1.860504
-0.090  1.873146
-0.089  1.888486
-0.088  1.903848
-0.087  1.921322
-0.086  1.945764
-0.085  1.971698
-0.084  2.007681
-0.083  2.070271
-0.082  2.079096
-0.081  2.065348
-0.080  2.072855
-0.079  2.081512
-0.078  2.097210
-0.077  2.120831
-0.076  2.149346
-0.075  2.188374
-0.074  2.246383
-0.073  2.335810
-0.072  2.572760
-0.071  2.413534
-0.070  2.273256
-0.069  2.193780
-0.068  2.136657
-0.067  2.093670
-0.066  2.058052
-0.065  2.026481
-0.064  2.000478
-0.063  1.976226
-0.062  1.955537
-0.061  1.937820
-0.060  1.916744
-0.059  1.900349
-0.058  1.885418
-0.057  1.873511
-0.056  1.859084
-0.055  1.847465
-0.054  1.827751
-0.053  1.832126
-0.052  1.571397
-0.051  1.580947
-0.050  1.589213
-0.049  1.600864
-0.048  1.611022
-0.047  1.623876
-0.046  1.634303
-0.045  1.651265
-0.044  1.666100
-0.043  1.684240
-0.042  1.704941
-0.041  1.730794
-0.040  1.761961
-0.039  1.802954
-0.038  1.864070
-0.037  1.958961
-0.036  2.220120
-0.035  1.941714
-0.034  1.857776
-0.033  1.803547
-0.032  1.759018
-0.031  1.723754
-0.030  1.693922
-0.029  1.664468
-0.028  1.638039
-0.027  1.615182
-0.026  1.592308
-0.025  1.571771
-0.024  1.544562
-0.023  1.526328
-0.022  0.987597
-0.021  0.981525
-0.020  0.977760
-0.019  0.970574
-0.018  1.090551
-0.017  1.079074
-0.016  1.090224
-0.015  1.110015
-0.014  1.134010
-0.013  1.159400
-0.012  1.185953
-0.011  1.215337
-0.010  1.248455
-0.009  1.285384
-0.008  1.335238
-0.007  1.405432
-0.006  1.512832
-0.005  1.422817
-0.004  1.405836
-0.003  1.402279
-0.002  1.406278
-0.001  1.414847
 0.000  1.429401
 0.001  1.447846
 0.002  1.471061
 0.003  1.505214
 0.004  1.544487
 0.005  1.596032
 0.006  1.671961
 0.007  1.787833
 0.008  2.001261
 0.009  1.924735
 0.010  1.229046
 0.011  1.119751
 0.012  1.079111
 0.013  1.070925
 0.014  1.351462
 0.015  1.695412
 0.016  1.332922
 0.017  1.101520
 0.018  0.858935
 0.019  0.817075
 0.020  0.786073
 0.021  0.763049
 0.022  0.741434
 0.023  0.726500
 0.024  0.711462
 0.025  0.697184
 0.026  0.687858
 0.027  0.677083
 0.028  0.667478
 0.029  0.658458
 0.030  0.649034
 0.031  0.640940
 0.032  0.631761
 0.033  0.624257
 0.034  0.616685
 0.035  0.608898
 0.036  0.602125
 0.037  0.595252
 0.038  0.787996
 0.039  0.808860
 0.040  0.822013
 0.041  0.837772
 0.042  0.853403
 0.043  0.872079
 0.044  0.890452
 0.045  0.909924
 0.046  0.931533
 0.047  0.952326
 0.048  0.980370
 0.049  1.006813
 0.050  1.043531
 0.051  1.087244
 0.052  1.145888
 0.053  1.231820
 0.054  1.724190
 0.055  1.225478
 0.056  1.128879
 0.057  1.071985
 0.058  1.027029
 0.059  1.000302
 0.060  0.970209
 0.061  0.948721
 0.062  0.927493
 0.063  0.911205
 0.064  0.894840
 0.065  0.878768
 0.066  0.864545
 0.067  1.587428
 0.068  1.810077
 0.069  1.951712
 0.070  1.609113
 0.071  1.559979
 0.072  1.485460
 0.073  1.445537
 0.074  1.446179
 0.075  1.531225
 0.076  1.414005
 0.077  1.370972
 0.078  1.334882
 0.079  1.311250
 0.080  1.289277
 0.081  1.266842
 0.082  1.249538
 0.083  1.227835
 0.084  1.214227
 0.085  1.197377
 0.086  1.183827
 0.087  1.169380
 0.088  1.157033
 0.089  1.137029
 0.090  1.133640
 0.091  1.104992
 0.092  1.080481
 0.093  0.816672
 0.094  0.819021
 0.095  0.823571
 0.096  0.827040
 0.097  0.916121
 0.098  0.928786
 0.099  0.941617
 0.100  0.960780
 0.101  0.978820
 0.102  0.998574
 0.103  1.023566
 0.104  1.046143
 0.105  1.085455
 0.106  1.129942
 0.107  1.234551
 0.108  1.285063
 0.109  1.187583
 0.110  1.151332
 0.111  1.124622
 0.112  1.109389
 0.113  1.094083
 0.114  1.084534
 0.115  1.075398
 0.116  1.064260
 0.117  1.059053
 0.118  1.050604
 0.119  1.046478
 0.120  1.038241
 0.121  1.034180
 0.122  1.027455
 0.123  1.023225
 0.124  1.018494
 0.125  1.011040
 0.126  0.998614
 0.127  0.967122
 0.128  0.967819
 0.129  0.967520
 0.130  0.968742
 0.131  0.969836
 0.132  0.968582
 0.133  0.972317
 0.134  0.973199
 0.135  0.976425
 0.136  0.977823
 0.137  0.983667
 0.138  0.986773
 0.139  0.993772
 0.140  1.003970
 0.141  1.023123
 0.142  1.079740
 0.143  1.027105
 0.144  0.996589
 0.145  0.979507
 0.146  0.964066
 0.147  0.954289
 0.148  0.942218
 0.149  0.932298
 0.150  0.923790
 0.151  0.914890
 0.152  0.905384
 0.153  0.898653
 0.154  0.891291
 0.155  0.883796
 0.156  0.875798
 0.157  0.868771
 0.158  0.859810
 0.159  0.854749
 0.160  0.847338
 0.161  0.840744
 0.162  0.834078
 0.163  0.826427
 0.164  0.879580
 0.165  0.877027
 0.166  0.876132
 0.167  0.875687
 0.168  0.871697
 0.169  0.868847
 0.170  0.868460
 0.171  0.862477
 0.172  0.862189
 0.173  0.859912
 0.174  0.857629
 0.175  0.851193
 0.176  0.853317
 0.177  0.847475
 0.178  0.845114
 0.179  0.844114
 0.180  0.839700
 0.181  0.840849
 0.182  0.834358
 0.183  0.835633
 0.184  0.832439
 0.185  0.829907
 0.186  0.828482
 0.187  0.825656
 0.188  0.823319
 0.189  0.821966
 0.190  0.820065
 0.191  0.816320
 0.192  0.811651
 0.193  0.811014
 0.194  0.809308
 0.195  0.806267
 0.196  0.806135
 0.197  0.801892
 0.198  0.799461
 0.199  0.794363
 0.200  0.798644
 0.201  0.789179
 0.202  0.758789
 0.203  0.767846
 0.204  0.767057
 0.205  0.780639
 0.206  0.778084
 0.207  0.796532
 0.208  0.804645
 0.209  0.850911
 0.210  0.804397
 0.211  0.791639
 0.212  0.774576
 0.213  0.762942
 0.214  0.755515
 0.215  0.754960
 0.216  0.737191
 0.217  0.662917
 0.218  0.673299
 0.219  0.708806
 0.220  0.706901
 0.221  0.712741
 0.222  0.726080
 0.223  0.719164
 0.224  0.738988
 0.225  0.738995
 0.226  0.747180
 0.227  0.756217
 0.228  0.772672
 0.229  0.803899
 0.230  0.868988
 0.231  0.806082
 0.232  0.797671
 0.233  0.753382
 0.234  0.753474
 0.235  0.593469
 0.236  0.459318
 0.237  0.464744
 0.238  0.556493
 0.239  0.559999
 0.240  0.584542
 0.241  0.600781
 0.242  0.658124
 0.243  0.677796
 0.244  0.724864
 0.245  0.819547
 0.246  1.077246
 0.247  0.840911
 0.248  0.796075
 0.249  0.773156
 0.250  0.757716
 0.251  0.747609
 0.252  0.739255
 0.253  0.732540
 0.254  0.727079
 0.255  0.722044
 0.256  0.717927
 0.257  0.714172
 0.258  0.710171
 0.259  0.707410
 0.260  0.704452
 0.261  0.701407
 0.262  0.699011
 0.263  0.696256
 0.264  0.693988
 0.265  0.691672
 0.266  0.689094
 0.267  0.687254
 0.268  0.685048
 0.269  0.682923
 0.270  0.681049
 0.271  0.678794
 0.272  0.677098
 0.273  0.675234
 0.274  0.673181
 0.275  0.671601
 0.276  0.669563
 0.277  0.667918
 0.278  0.666216
 0.279  0.663935
 0.280  0.662854
 0.281  0.661108
 0.282  0.659337
 0.283  0.657893
 0.284  0.656146
 0.285  0.654609
 0.286  0.653082
 0.287  0.651204
 0.288  0.650036
 0.289  0.648287
 0.290  0.646837
 0.291  0.645421
 0.292  0.643625
 0.293  0.642490
 0.294  0.640801
 0.295  0.639382
 0.296  0.638011
 0.297  0.636338
 0.298  0.635198
 0.299  0.633610
 0.300  0.632208
 0.301  0.630964
 0.302  0.629286
 0.303  0.628129
 0.304  0.626683
 0.305  0.625232
 0.306  0.624111
 0.307  0.622424
 0.308  0.621378
 0.309  0.619937
 0.310  0.618569
 0.311  0.617430
 0.312  0.615783
 0.313  0.614825
 0.314  0.613336
 0.315  0.612093
 0.316  0.610926
 0.317  0.609365
 0.318  0.608463
 0.319  0.606958
 0.320  0.605815
 0.321  0.604529
 0.322  0.603105
 0.323  0.602228
 0.324  0.600753
 0.325  0.599711
 0.326  0.598363
 0.327  0.597046
 0.328  0.596092
 0.329  0.594129
 0.330  0.593759
 0.331  0.592310
 0.332  0.591212
 0.333  0.590174
 0.334  0.588875
 0.335  0.587911
 0.336  0.586399
 0.337  0.585518
 0.338  0.584363
 0.339  0.583249
 0.340  0.582105
 0.341  0.580719
 0.342  0.579973
 0.343  0.578663
 0.344  0.577737
 0.345  0.576409
 0.346  0.575310
 0.347  0.574434
 0.348  0.573106
 0.349  0.572243
 0.350  0.570780
 0.351  0.570048
 0.352  0.568956
 0.353  0.567985
 0.354  0.566740
 0.355  0.565557
 0.356  0.564887
 0.357  0.562887
 0.358  0.562741
 0.359  0.561237
 0.360  0.560637
 0.361  0.559531
 0.362  0.558701
 0.363  0.557329
 0.364  0.556331
 0.365  0.555684
 0.366  0.553683
 0.367  0.553554
 0.368  0.552087
 0.369  0.551609
 0.370  0.549664
 0.371  0.549704
 0.372  0.548182
 0.373  0.547540
 0.374  0.545818
 0.375  0.545894
 0.376  0.544437
 0.377  0.543477
 0.378  0.543048
 0.379  0.542369
 0.380  0.540487
 0.381  0.539673
 0.382  0.539519
 0.383  0.537748
 0.384  0.532948
 0.385  0.533004
 0.386  0.533226
 0.387  0.533638
 0.388  0.533078
 0.389  0.534384
 0.390  0.534681
 0.391  0.537256
 0.392  0.532974
 0.393  0.529836
 0.394  0.526873
 0.395  0.525181
 0.396  0.522972
 0.397  0.521796
 0.398  0.519172
 0.399  0.522770
 0.400  0.523106
 0.401  0.522024
 0.402  0.519984
 0.403  0.520416
 0.404  0.519306
 0.405  0.518164
 0.406  0.516725
 0.407  0.517393
 0.408  0.515630
 0.409  0.514492
 0.410  0.513628
 0.411  0.513033
 0.412  0.512050
 0.413  0.510693
 0.414  0.510692
 0.415  0.510311
 0.416  0.509236
 0.417  0.507117
 0.418  0.507986
 0.419  0.506807
 0.420  0.505396
 0.421  0.504357
 0.422  0.504311
 0.423  0.502575
 0.424  0.501517
 0.425  0.501913
 0.426  0.501978
 0.427  0.500066
 0.428  0.498407
 0.429  0.498694
 0.430  0.497409
 0.431  0.495934
 0.432  0.496470
 0.433  0.496213
 0.434  0.494490
 0.435  0.493178
 0.436  0.493740
 0.437  0.491599
 0.438  0.490713
 0.439  0.490870
 0.440  0.490489
 0.441  0.488600
 0.442  0.489011
 0.443  0.488059
 0.444  0.487085
 0.445  0.486196
 0.446  0.485632
 0.447  0.483911
 0.448  0.483919
 0.449  0.483271
 0.450  0.482591
 0.451  0.481955
 0.452  0.480927
 0.453  0.480211
 0.454  0.480126
 0.455  0.478613
 0.456  0.477871
 0.457  0.478490
 0.458  0.476280
 0.459  0.475527
 0.460  0.477134
 0.461  0.473938
 0.462  0.473258
 0.463  0.473862
 0.464  0.471631
 0.465  0.471092
 0.466  0.470979
 0.467  0.469354
 0.468  0.470892
 0.469  0.467859
 0.470  0.467117
 0.471  0.471498
 0.472  0.465543
 0.473  0.465770
 0.474  0.466468
 0.475  0.463331
 0.476  0.468007
 0.477  0.461845
 0.478  0.462646
 0.479  0.465086
 0.480  0.459710
 0.481  0.460840
 0.482  0.458235
 0.483  0.465041
 0.484  0.461316
 0.485  0.459428
 0.486  0.456975
 0.487  0.454873
 0.488  0.455423
 0.489  0.453336
 0.490  0.453836
 0.491  0.456317
 0.492  0.452218
 0.493  0.459710
 0.494  0.450730
 0.495  0.450772
 0.496  0.449217
 0.497  0.449618
 0.498  0.447727
 0.499  0.467089
 0.500  0.446250
 0.501  0.446581
 0.502  0.445374
 0.503  0.460246
 0.504  0.444049
 0.505  0.443815
 0.506  0.442327
 0.507  0.441926
 0.508  0.441629
 0.509  0.440121
 0.510  0.440038
 0.511  0.454307
 0.512  0.438737
 0.513  0.438391
 0.514  0.436610
 0.515  0.435838
 0.516  0.435418
 0.517  0.437654
 0.518  0.433286
 0.519  0.442505
 0.520  0.430703
 0.521  0.439102
 0.522  0.437406
 0.523  0.438046
 0.524  0.403414
 0.525  0.392635
 0.526  0.405343
 0.527  0.404022
 0.528  0.419940
 0.529  0.428844
 0.530  0.448783
 0.531  0.450880
 0.532  0.440816
 0.533  0.436359
 0.534  0.433877
 0.535  0.432255
 0.536  0.430853
 0.537  0.429801
 0.538  0.428959
 0.539  0.428044
 0.540  0.427230
 0.541  0.426442
 0.542  0.425836
 0.543  0.425331
 0.544  0.424643
 0.545  0.423769
 0.546  0.423122
 0.547  0.422566
 0.548  0.422044
 0.549  0.421306
 0.550  0.420685
 0.551  0.420182
 0.552  0.419986
 0.553  0.419185
 0.554  0.418433
 0.555  0.418557
 0.556  0.417329
 0.557  0.417093
 0.558  0.416664
 0.559  0.415346
 0.560  0.414290
 0.561  0.321926
 0.562  0.321251
 0.563  0.321536
 0.564  0.320535
 0.565  0.320315
 0.566  0.319814
 0.567  0.319876
 0.568  0.318775
 0.569  0.226985
 0.570  0.226950
 0.571  0.226886
 0.572  0.226829
 0.573  0.226788
 0.574  0.226746
 0.575  0.226688
 0.576  0.226638
 0.577  0.226617
 0.578  0.226558
 0.579  0.226505
 0.580  0.226463
 0.581  0.226437
 0.582  0.226383
 0.583  0.226336
 0.584  0.226308
 0.585  0.226270
 0.586  0.226220
 0.587  0.226181
 0.588  0.226166
 0.589  0.226114
 0.590  0.226071
 0.591  0.226042
 0.592  0.226017
 0.593  0.225971
 0.594  0.225934
 0.595  0.225928
 0.596  0.225880
 0.597  0.225839
 0.598  0.225812
 0.599  0.225797
 0.600  0.225753
 0.601  0.225719
 0.602  0.225721
 0.603  0.225675
 0.604  0.225637
 0.605  0.225614
 0.606  0.225605
 0.607  0.225565
 0.608  0.225534
 0.609  0.225543
 0.610  0.225500
 0.611  0.225466
 0.612  0.225446
 0.613  0.225443
 0.614  0.225406
 0.615  0.225380
 0.616  0.225392
 0.617  0.225353
 0.618  0.225323
 0.619  0.225309
 0.620  0.225308
 0.621  0.225275
 0.622  0.225254
 0.623  0.225269
 0.624  0.225234
 0.625  0.225209
 0.626  0.225203
 0.627  0.225200
 0.628  0.225172
 0.629  0.225157
 0.630  0.225173
 0.631  0.225142
 0.632  0.225123
 0.633  0.225133
 0.634  0.225120
 0.635  0.225097
 0.636  0.225092
 0.637  0.225104
 0.638  0.225079
 0.639  0.225067
 0.640  0.225095
 0.641  0.225067
 0.642  0.225052
 0.643  0.225063
 0.644  0.225063
 0.645  0.225044
 0.646  0.225044
 0.647  0.225064
 0.648  0.225043
 0.649  0.225037
 0.650  0.225072
 0.651  0.225050
 0.652  0.225040
 0.653  0.225062
 0.654  0.225062
 0.655  0.225050
 0.656  0.225059
 0.657  0.225081
 0.658  0.225067
 0.659  0.225070
 0.660  0.225106
 0.661  0.225090
 0.662  0.225089
 0.663  0.225137
 0.664  0.225120
 0.665  0.225116
 0.666  0.225147
 0.667  0.225156
 0.668  0.225150
 0.669  0.225170
 0.670  0.225198
 0.671  0.225191
 0.672  0.225205
 0.673  0.225246
 0.674  0.225238
 0.675  0.225249
 0.676  0.225299
 0.677  0.225291
 0.678  0.225300
 0.679  0.225359
 0.680  0.225350
 0.681  0.225358
 0.682  0.225425
 0.683  0.225416
 0.684  0.225422
 0.685  0.225469
 0.686  0.225487
 0.687  0.225493
 0.688  0.225533
 0.689  0.225565
 0.690  0.225571
 0.691  0.225607
 0.692  0.225648
 0.693  0.225654
 0.694  0.225689
 0.695  0.225737
 0.696  0.225744
 0.697  0.225779
 0.698  0.225833
 0.699  0.225841
 0.700  0.225876
 0.701  0.225934
 0.702  0.225944
 0.703  0.225980
 0.704  0.226042
 0.705  0.226053
 0.706  0.226091
 0.707  0.226156
 0.708  0.226168
 0.709  0.226211
 0.710  0.226275
 0.711  0.226291
 0.712  0.226337
 0.713  0.226402
 0.714  0.226420
 0.715  0.226472
 0.716  0.226535
 0.717  0.226556
 0.718  0.226616
 0.719  0.226674
 0.720  0.226699
 0.721  0.226770
 0.722  0.226820
 0.723  0.226850
 0.724  0.226946
 0.725  0.226973
 0.726  0.227008
 0.727  0.227117
 0.728  0.227133
 0.729  0.227176
 0.730  0.227280
 0.731  0.227301
 0.732  0.227353
 0.733  0.227450
 0.734  0.227477
 0.735  0.227541
 0.736  0.227628
 0.737  0.227662
 0.738  0.227746
 0.739  0.227813
 0.740  0.227856
 0.741  0.227984
 0.742  0.228008
 0.743  0.228062
 0.744  0.228179
 0.745  0.228211
 0.746  0.228281
 0.747  0.228383
 0.748  0.228425
 0.749  0.228523
 0.750  0.228597
 0.751  0.228651
 0.752  0.228787
 0.753  0.228821
 0.754  0.228892
 0.755  0.229011
 0.756  0.229056
 0.757  0.229158
 0.758  0.229246
 0.759  0.229306
 0.760  0.229452
 0.761  0.229492
 0.762  0.229576
 0.763  0.229698
 0.764  0.229753
 0.765  0.229893
 0.766  0.229956
 0.767  0.230033
 0.768  0.230176
 0.769  0.230230
 0.770  0.230345
 0.771  0.230447
 0.772  0.230522
 0.773  0.230681
 0.774  0.230735
 0.775  0.230847
 0.776  0.230966
 0.777  0.231044
 0.778  0.231212
 0.779  0.231270
 0.780  0.231389
 0.781  0.231513
 0.782  0.231597
 0.783  0.231770
 0.784  0.231834
 0.785  0.231971
 0.786  0.232088
 0.787  0.232185
 0.788  0.232356
 0.789  0.232431
 0.790  0.232623
 0.791  0.232695
 0.792  0.232812
 0.793  0.232973
 0.794  0.233064
 0.795  0.233262
 0.796  0.233336
 0.797  0.233497
 0.798  0.233622
 0.799  0.233742
 0.800  0.233920
 0.801  0.234018
 0.802  0.234229
 0.803  0.234311
 0.804  0.234499
 0.805  0.234617
 0.806  0.234757
 0.807  0.234934
 0.808  0.235051
 0.809  0.235261
 0.810  0.235362
 0.811  0.235597
 0.812  0.235686
 0.813  0.235893
 0.814  0.236021
 0.815  0.236184
 0.816  0.236365
 0.817  0.236508
 0.818  0.236719
 0.819  0.236848
 0.820  0.237081
 0.821  0.237199
 0.822  0.237451
 0.823  0.237562
 0.824  0.237828
 0.825  0.237933
 0.826  0.238214
 0.827  0.238314
 0.828  0.238554
 0.829  0.238703
 0.830  0.238920
 0.831  0.239100
 0.832  0.239309
 0.833  0.239505
 0.834  0.239712
 0.835  0.239919
 0.836  0.240127
 0.837  0.240341
 0.838  0.240555
 0.839  0.240771
 0.840  0.240996
 0.841  0.241210
 0.842  0.241453
 0.843  0.241657
 0.844  0.241937
 0.845  0.242113
 0.846  0.242451
 0.847  0.242581
 0.848  0.242915
 0.849  0.243060
 0.850  0.243388
 0.851  0.243552
 0.852  0.243870
 0.853  0.244061
 0.854  0.244363
 0.855  0.244593
 0.856  0.244868
 0.857  0.245179
 0.858  0.245389
 0.859  0.245758
 0.860  0.245929
 0.861  0.246279
 0.862  0.246499
 0.863  0.246815
 0.864  0.247134
 0.865  0.247373
 0.866  0.247764
 0.867  0.247963
 0.868  0.248319
 0.869  0.248614
 0.870  0.248901
 0.871  0.249313
 0.872  0.249525
 0.873  0.249894
 0.874  0.250262
 0.875  0.250513
 0.876  0.250927
 0.877  0.251205
 0.878  0.251549
 0.879  0.251993
 0.880  0.252239
 0.881  0.252621
 0.882  0.253086
 0.883  0.253325
 0.884  0.253727
 0.885  0.254206
 0.886  0.254457
 0.887  0.254866
 0.888  0.255351
 0.889  0.255648
 0.890  0.256042
 0.891  0.256523
 0.892  0.256967
 0.893  0.257270
 0.894  0.257731
 0.895  0.258251
 0.896  0.258604
 0.897  0.259002
 0.898  0.259492
 0.899  0.260030
 0.900  0.260445
 0.901  0.260829
 0.902  0.261321
 0.903  0.261859
 0.904  0.262430
 0.905  0.262838
 0.906  0.263265
 0.907  0.263775
 0.908  0.264323
 0.909  0.264897
 0.910  0.265491
 0.911  0.266098
 0.912  0.266488
 0.913  0.266987
 0.914  0.267530
 0.915  0.268099
 0.916  0.268684
 0.917  0.269279
 0.918  0.269883
 0.919  0.270494
 0.920  0.271109
 0.921  0.271727
 0.922  0.272354
 0.923  0.272987
 0.924  0.273631
 0.925  0.274296
 0.926  0.275005
 0.927  0.275898
 0.928  0.276589
 0.929  0.277180
 0.930  0.277802
 0.931  0.278505
 0.932  0.279630
 0.933  0.280147
 0.934  0.280767
 0.935  0.281872
 0.936  0.282436
 0.937  0.283179
 0.938  0.284121
 0.939  0.284861
 0.940  0.285712
 0.941  0.286914
 0.942  0.287439
 0.943  0.288263
 0.944  0.289209
 0.945  0.290132
 0.946  0.291020
 0.947  0.292194
 0.948  0.293215
 0.949  0.294828
 0.950  0.295266
 0.951  0.296478
 0.952  0.297653
 0.953  0.297774
 0.954  0.000000
 0.955  0.000000
 0.956  0.000000
 0.957  0.000000
 0.958  0.000000
 0.959  0.000000
 0.960  0.000000
 0.961  0.000000
 0.962  0.000000
 0.963  0.000000
 0.964  0.000000
 0.965  0.000000
 0.966  0.000000
 0.967  0.000000
 0.968  0.000000
 0.969  0.000000
 0.970  0.000000
 0.971  0.000000
 0.972  0.000000
 0.973  0.000000
 0.974  0.000000
 0.975  0.000000
 0.976  0.000000
 0.977  0.000000
 0.978  0.000000
 0.979  0.000000
 0.980  0.000000
 0.981  0.000000
 0.982  0.000000
 0.983  0.000000
 0.984  0.000000
 0.985  0.000000
 0.986  0.000000
 0.987  0.000000
 0.988  0.000000
 0.989  0.000000
 0.990  0.000000
 0.991  0.000000
 0.992  0.000000
 0.993  0.000000
 0.994  0.000000
 0.995  0.000000
 0.996  0.000000
 0.997  0.000000
 0.998  0.000000
 0.999  0.000000
 1.000  0.000000
