-0.0400  1.607129
-0.0399  1.609139
-0.0398  1.610302
-0.0397  1.611126
-0.0396  1.611703
-0.0395  1.612268
-0.0394  1.613199
-0.0393  1.615518
-0.0392  1.616992
-0.0391  1.618635
-0.0390  1.620237
-0.0389  1.621974
-0.0388  1.623325
-0.0387  1.624425
-0.0386  1.625345
-0.0385  1.627259
-0.0384  1.629692
-0.0383  1.632038
-0.0382  1.633116
-0.0381  1.634828
-0.0380  1.636349
-0.0379  1.637905
-0.0378  1.639512
-0.0377  1.641767
-0.0376  1.645101
-0.0375  1.647099
-0.0374  1.649012
-0.0373  1.650867
-0.0372  1.652532
-0.0371  1.653920
-0.0370  1.655002
-0.0369  1.658536
-0.0368  1.663008
-0.0367  1.666657
-0.0366  1.669638
-0.0365  1.671941
-0.0364  1.674213
-0.0363  1.676610
-0.0362  1.679969
-0.0361  1.684524
-0.0360  1.687988
-0.0359  1.690786
-0.0358  1.693168
-0.0357  1.695619
-0.0356  1.702069
-0.0355  1.708796
-0.0354  1.716444
-0.0353  1.721721
-0.0352  1.726743
-0.0351  1.731416
-0.0350  1.735852
-0.0349  1.743995
-0.0348  1.753667
-0.0347  1.768002
-0.0346  1.782168
-0.0345  1.793401
-0.0344  1.815128
-0.0343  1.833772
-0.0342  1.857499
-0.0341  1.963447
-0.0340  2.022825
-0.0339  1.877247
-0.0338  1.854604
-0.0337  1.807035
-0.0336  1.794956
-0.0335  1.784328
-0.0334  1.770179
-0.0333  1.757788
-0.0332  1.747608
-0.0331  1.737776
-0.0330  1.727281
-0.0329  1.721055
-0.0328  1.716022
-0.0327  1.710980
-0.0326  1.703395
-0.0325  1.698009
-0.0324  1.692691
-0.0323  1.685232
-0.0322  1.680191
-0.0321  1.673874
-0.0320  1.671391
-0.0319  1.668967
-0.0318  1.666000
-0.0317  1.661512
-0.0316  1.654860
-0.0315  1.651351
-0.0314  1.648079
-0.0313  1.644805
-0.0312  1.641013
-0.0311  1.635679
-0.0310  1.633066
-0.0309  1.630501
-0.0308  1.627804
-0.0307  1.624733
-0.0306  1.620643
-0.0305  1.619230
-0.0304  1.617171
-0.0303  1.614032
-0.0302  1.610286
-0.0301  1.605525
-0.0300  1.602956
-0.0299  1.600744
-0.0298  1.598421
-0.0297  1.595989
-0.0296  1.592061
-0.0295  1.588270
-0.0294  1.585708
-0.0293  1.584039
-0.0292  1.582322
-0.0291  1.580364
-0.0290  1.577084
-0.0289  1.574620
-0.0288  1.572535
-0.0287  1.570409
-0.0286  1.567669
-0.0285  1.564275
-0.0284  1.563044
-0.0283  1.561495
-0.0282  1.558861
-0.0281  1.555840
-0.0280  1.552190
-0.0279  1.549826
-0.0278  1.548532
-0.0277  1.546906
-0.0276  1.545108
-0.0275  1.541618
-0.0274  1.537140
-0.0273  1.535671
-0.0272  1.534120
-0.0271  1.532648
-0.0270  1.531173
-0.0269  1.528611
-0.0268  1.526224
-0.0267  1.524286
-0.0266  1.522364
-0.0265  1.520716
-0.0264  1.518004
-0.0263  1.515434
-0.0262  1.514566
-0.0261  1.512512
-0.0260  1.510144
-0.0259  1.507418
-0.0258  1.504075
-0.0257  1.502858
-0.0256  1.501759
-0.0255  1.500105
-0.0254  1.496494
-0.0253  1.492620
-0.0252  1.491396
-0.0251  1.490198
-0.0250  1.488968
-0.0249  1.487906
-0.0248  1.485562
-0.0247  1.482791
-0.0246  1.480981
-0.0245  1.479229
-0.0244  1.477727
-0.0243  1.474724
-0.0242  1.473319
-0.0241  1.472065
-0.0240  1.470149
-0.0239  1.467707
-0.0238  1.464852
-0.0237  1.461873
-0.0236  1.460499
-0.0235  1.459468
-0.0234  1.457678
-0.0233  1.455668
-0.0232  1.452755
-0.0231  1.452018
-0.0230  1.450519
-0.0229  1.449125
-0.0228  1.447699
-0.0227  1.443222
-0.0226  1.441215
-0.0225  1.439826
-0.0224  1.437944
-0.0223  1.436336
-0.0222  1.435021
-0.0221  1.433611
-0.0220  1.432035
-0.0219  1.486987
-0.0218  1.537513
-0.0217  1.512985
-0.0216  1.518008
-0.0215  1.528686
-0.0214  1.531978
-0.0213  1.522481
-0.0212  1.515069
-0.0211  1.514985
-0.0210  1.518375
-0.0209  1.520404
-0.0208  1.520778
-0.0207  1.520761
-0.0206  1.521565
-0.0205  1.516073
-0.0204  1.517497
-0.0203  1.516600
-0.0202  1.513651
-0.0201  1.512367
-0.0200  1.512101
-0.0199  1.511105
-0.0198  1.511747
-0.0197  1.515035
-0.0196  1.517434
-0.0195  1.517004
-0.0194  1.512985
-0.0193  1.507908
-0.0192  1.509380
-0.0191  1.510131
-0.0190  1.509391
-0.0189  1.507946
-0.0188  1.503920
-0.0187  1.504056
-0.0186  1.505170
-0.0185  1.507120
-0.0184  1.505247
-0.0183  1.505273
-0.0182  1.505900
-0.0181  1.507746
-0.0180  1.508344
-0.0179  1.505094
-0.0178  1.502213
-0.0177  1.501839
-0.0176  1.499849
-0.0175  1.498757
-0.0174  1.500674
-0.0173  1.500757
-0.0172  1.498906
-0.0171  1.496337
-0.0170  1.495143
-0.0169  1.497861
-0.0168  1.498687
-0.0167  1.496260
-0.0166  1.496125
-0.0165  1.499651
-0.0164  1.499882
-0.0163  1.497242
-0.0162  1.492312
-0.0161  1.490638
-0.0160  1.490642
-0.0159  1.492687
-0.0158  1.492572
-0.0157  1.491696
-0.0156  1.490945
-0.0155  1.490031
-0.0154  1.489402
-0.0153  1.491421
-0.0152  1.491101
-0.0151  1.487730
-0.0150  1.486378
-0.0149  1.488091
-0.0148  1.487331
-0.0147  1.483800
-0.0146  1.485460
-0.0145  1.488765
-0.0144  1.489950
-0.0143  1.484317
-0.0142  1.486346
-0.0141  1.480391
-0.0140  1.472523
-0.0139  1.496399
-0.0138  1.416343
-0.0137  1.416185
-0.0136  1.419038
-0.0135  1.419640
-0.0134  1.421293
-0.0133  1.420964
-0.0132  1.422498
-0.0131  1.420263
-0.0130  1.417442
-0.0129  1.421276
-0.0128  1.418997
-0.0127  1.418066
-0.0126  1.422265
-0.0125  1.426237
-0.0124  1.425119
-0.0123  1.424376
-0.0122  1.418192
-0.0121  1.417717
-0.0120  1.418654
-0.0119  1.420233
-0.0118  1.437865
-0.0117  1.423751
-0.0116  1.420547
-0.0115  1.414945
-0.0114  1.431562
-0.0113  1.422665
-0.0112  1.451257
-0.0111  1.126933
-0.0110  1.128487
-0.0109  1.130059
-0.0108  1.130960
-0.0107  1.131984
-0.0106  1.132968
-0.0105  1.134685
-0.0104  1.136736
-0.0103  1.138155
-0.0102  1.139967
-0.0101  1.143355
-0.0100  1.145178
-0.0099  1.146473
-0.0098  1.147378
-0.0097  1.149774
-0.0096  1.151548
-0.0095  1.153280
-0.0094  1.154818
-0.0093  1.156406
-0.0092  1.158190
-0.0091  1.159989
-0.0090  1.161637
-0.0089  1.164870
-0.0088  1.167147
-0.0087  1.168518
-0.0086  1.169987
-0.0085  1.171223
-0.0084  1.172253
-0.0083  1.173581
-0.0082  1.175000
-0.0081  1.177861
-0.0080  1.180910
-0.0079  1.182705
-0.0078  1.184428
-0.0077  1.186252
-0.0076  1.188568
-0.0075  1.189729
-0.0074  1.191428
-0.0073  1.194138
-0.0072  1.196182
-0.0071  1.198064
-0.0070  1.199895
-0.0069  1.201689
-0.0068  1.203408
-0.0067  1.205037
-0.0066  1.207185
-0.0065  1.209388
-0.0064  1.211659
-0.0063  1.213396
-0.0062  1.215325
-0.0061  1.217110
-0.0060  1.219664
-0.0059  1.221587
-0.0058  1.224176
-0.0057  1.226809
-0.0056  1.229088
-0.0055  1.231061
-0.0054  1.232985
-0.0053  1.234750
-0.0052  1.236264
-0.0051  1.237739
-0.0050  1.241042
-0.0049  1.244056
-0.0048  1.246484
-0.0047  1.248723
-0.0046  1.250756
-0.0045  1.252762
-0.0044  1.254705
-0.0043  1.256644
-0.0042  1.259829
-0.0041  1.262335
-0.0040  1.264280
-0.0039  1.267869
-0.0038  1.270048
-0.0037  1.272532
-0.0036  1.275279
-0.0035  1.278506
-0.0034  1.281710
-0.0033  1.284561
-0.0032  1.287187
-0.0031  1.289565
-0.0030  1.291770
-0.0029  1.294426
-0.0028  1.297636
-0.0027  1.301951
-0.0026  1.305443
-0.0025  1.308206
-0.0024  1.310994
-0.0023  1.313878
-0.0022  1.318036
-0.0021  1.321691
-0.0020  1.325410
-0.0019  1.332379
-0.0018  1.338248
-0.0017  1.342217
-0.0016  1.346381
-0.0015  1.350496
-0.0014  1.354436
-0.0013  1.357986
-0.0012  1.364735
-0.0011  1.381688
-0.0010  1.395592
-0.0009  1.406469
-0.0008  1.417354
-0.0007  1.433675
-0.0006  1.517523
-0.0005  1.432848
-0.0004  1.423782
-0.0003  1.401606
-0.0002  1.392409
-0.0001  1.383805
 0.0000  1.382174
 0.0001  1.380418
 0.0002  1.377857
 0.0003  1.376143
 0.0004  1.372217
 0.0005  1.365958
 0.0006  1.364283
 0.0007  1.364331
 0.0008  1.364003
 0.0009  1.363572
 0.0010  1.363731
 0.0011  1.364077
 0.0012  1.363880
 0.0013  1.362492
 0.0014  1.360902
 0.0015  1.359916
 0.0016  1.358785
 0.0017  1.358770
 0.0018  1.360284
 0.0019  1.360928
 0.0020  1.361283
 0.0021  1.361071
 0.0022  1.359945
 0.0023  1.359677
 0.0024  1.360487
 0.0025  1.362332
 0.0026  1.363322
 0.0027  1.363957
 0.0028  1.364587
 0.0029  1.364973
 0.0030  1.365137
 0.0031  1.365493
 0.0032  1.366688
 0.0033  1.366998
 0.0034  1.369022
 0.0035  1.370341
 0.0036  1.370660
 0.0037  1.371241
 0.0038  1.371954
 0.0039  1.373583
 0.0040  1.375062
 0.0041  1.376567
 0.0042  1.376365
 0.0043  1.377444
 0.0044  1.378930
 0.0045  1.380911
 0.0046  1.382296
 0.0047  1.384332
 0.0048  1.385812
 0.0049  1.387089
 0.0050  1.388336
 0.0051  1.389656
 0.0052  1.390779
 0.0053  1.392177
 0.0054  1.394505
 0.0055  1.397658
 0.0056  1.399695
 0.0057  1.401238
 0.0058  1.403122
 0.0059  1.404990
 0.0060  1.408029
 0.0061  1.408893
 0.0062  1.412535
 0.0063  1.414560
 0.0064  1.416165
 0.0065  1.417984
 0.0066  1.419597
 0.0067  1.422642
 0.0068  1.425770
 0.0069  1.428452
 0.0070  1.430953
 0.0071  1.433447
 0.0072  1.435951
 0.0073  1.438570
 0.0074  1.443770
 0.0075  1.447730
 0.0076  1.451692
 0.0077  1.456068
 0.0078  1.459927
 0.0079  1.460515
 0.0080  1.464520
 0.0081  1.469522
 0.0082  1.474193
 0.0083  1.478723
 0.0084  1.482857
 0.0085  1.486536
 0.0086  1.489329
 0.0087  1.495555
 0.0088  1.500946
 0.0089  1.506227
 0.0090  1.529045
 0.0091  1.642881
 0.0092  1.568415
 0.0093  1.584570
 0.0094  1.594080
 0.0095  1.602574
 0.0096  1.613666
 0.0097  1.641485
 0.0098  1.629763
 0.0099  1.636109
 0.0100  1.648033
 0.0101  1.659565
 0.0102  1.671982
 0.0103  1.685066
 0.0104  1.698923
 0.0105  1.714890
 0.0106  1.732426
 0.0107  1.751599
 0.0108  1.783117
 0.0109  1.796245
 0.0110  1.822581
 0.0111  1.864264
 0.0112  1.913229
 0.0113  1.961996
 0.0114  2.047784
 0.0115  2.219642
 0.0116  2.282119
 0.0117  2.052557
 0.0118  2.004140
 0.0119  1.954090
 0.0120  1.884667
 0.0121  1.875007
 0.0122  1.828205
 0.0123  1.792218
 0.0124  1.774533
 0.0125  1.744387
 0.0126  1.743658
 0.0127  1.731166
 0.0128  1.736407
 0.0129  1.717437
 0.0130  1.692427
 0.0131  1.687662
 0.0132  1.661702
 0.0133  1.652613
 0.0134  1.640954
 0.0135  1.633706
 0.0136  1.631597
 0.0137  1.625768
 0.0138  1.621432
 0.0139  1.625902
 0.0140  1.612469
 0.0141  1.594862
 0.0142  1.585770
 0.0143  1.582391
 0.0144  1.570258
 0.0145  1.563229
 0.0146  1.566395
 0.0147  1.563916
 0.0148  1.576975
 0.0149  1.552591
 0.0150  1.533047
 0.0151  1.539950
 0.0152  1.525246
 0.0153  1.516039
 0.0154  1.530240
 0.0155  1.546620
 0.0156  1.511209
 0.0157  1.492668
 0.0158  1.494377
 0.0159  1.593418
 0.0160  1.305616
 0.0161  1.016819
 0.0162  1.017105
 0.0163  1.017536
 0.0164  1.018685
 0.0165  1.019436
 0.0166  1.027183
 0.0167  1.026315
 0.0168  1.025592
 0.0169  1.027879
 0.0170  1.032632
 0.0171  1.037290
 0.0172  1.035146
 0.0173  1.036371
 0.0174  1.038132
 0.0175  1.040485
 0.0176  1.042736
 0.0177  1.044779
 0.0178  1.046619
 0.0179  1.048740
 0.0180  1.055265
 0.0181  1.062026
 0.0182  1.067254
 0.0183  1.070262
 0.0184  1.071721
 0.0185  1.075498
 0.0186  1.079990
 0.0187  1.084567
 0.0188  1.089042
 0.0189  1.093521
 0.0190  1.098288
 0.0191  1.106107
 0.0192  1.115157
 0.0193  1.127349
 0.0194  1.137552
 0.0195  1.142213
 0.0196  1.147033
 0.0197  1.152693
 0.0198  1.159746
 0.0199  1.174343
 0.0200  1.191855
 0.0201  1.209279
 0.0202  1.227152
 0.0203  1.235878
 0.0204  1.252381
 0.0205  1.274021
 0.0206  1.305914
 0.0207  1.338080
 0.0208  1.347549
 0.0209  1.411472
 0.0210  1.388329
 0.0211  1.418237
 0.0212  1.493944
 0.0213  1.596209
 0.0214  1.764718
 0.0215  2.381382
 0.0216  1.830860
 0.0217  1.673095
 0.0218  1.509291
 0.0219  1.323581
 0.0220  1.157820
 0.0221  1.028945
 0.0222  0.947339
 0.0223  0.905393
 0.0224  0.873977
 0.0225  0.843635
 0.0226  0.825882
 0.0227  0.816082
 0.0228  0.800058
 0.0229  0.791781
 0.0230  0.729577
 0.0231  0.700312
 0.0232  0.698326
 0.0233  0.695691
 0.0234  0.692837
 0.0235  0.689613
 0.0236  0.684545
 0.0237  0.678279
 0.0238  0.677371
 0.0239  0.676439
 0.0240  0.675319
 0.0241  0.674028
 0.0242  0.672462
 0.0243  0.670681
 0.0244  0.668770
 0.0245  0.666636
 0.0246  0.663440
 0.0247  0.661233
 0.0248  0.722176
 0.0249  0.729222
 0.0250  0.732672
 0.0251  0.743819
 0.0252  0.739441
 0.0253  0.737498
 0.0254  0.737238
 0.0255  0.738715
 0.0256  0.741582
 0.0257  0.744308
 0.0258  0.742285
 0.0259  0.741745
 0.0260  0.738799
 0.0261  0.738955
 0.0262  0.740322
 0.0263  0.743346
 0.0264  0.746450
 0.0265  0.744947
 0.0266  0.745084
 0.0267  0.747147
 0.0268  0.751481
 0.0269  0.751304
 0.0270  0.751903
 0.0271  0.752711
 0.0272  0.751258
 0.0273  0.752554
 0.0274  0.753299
 0.0275  0.753977
 0.0276  0.754405
 0.0277  0.756378
 0.0278  0.759918
 0.0279  0.759206
 0.0280  0.757367
 0.0281  0.756523
 0.0282  0.760191
 0.0283  0.763140
 0.0284  0.765226
 0.0285  0.765963
 0.0286  0.764694
 0.0287  0.767938
 0.0288  0.769330
 0.0289  0.770804
 0.0290  0.771785
 0.0291  0.773528
 0.0292  0.775632
 0.0293  0.776329
 0.0294  0.776474
 0.0295  0.777006
 0.0296  0.777650
 0.0297  0.780668
 0.0298  0.782599
 0.0299  0.780226
 0.0300  0.780224
 0.0301  0.780820
 0.0302  0.784353
 0.0303  0.787376
 0.0304  0.789640
 0.0305  0.789447
 0.0306  0.789228
 0.0307  0.792721
 0.0308  0.794477
 0.0309  0.794673
 0.0310  0.795937
 0.0311  0.796794
 0.0312  0.798657
 0.0313  0.800056
 0.0314  0.801357
 0.0315  0.802660
 0.0316  0.804085
 0.0317  0.807723
 0.0318  0.807924
 0.0319  0.808107
 0.0320  0.808774
 0.0321  0.810185
 0.0322  0.813618
 0.0323  0.816822
 0.0324  0.816498
 0.0325  0.816584
 0.0326  0.816247
 0.0327  0.819741
 0.0328  0.821446
 0.0329  0.823220
 0.0330  0.822422
 0.0331  0.823829
 0.0332  0.826430
 0.0333  0.828059
 0.0334  0.829709
 0.0335  0.831305
 0.0336  0.833106
 0.0337  0.834369
 0.0338  0.835794
 0.0339  0.837139
 0.0340  0.838304
 0.0341  0.842565
 0.0342  0.843838
 0.0343  0.844960
 0.0344  0.845756
 0.0345  0.846757
 0.0346  0.849999
 0.0347  0.852890
 0.0348  0.851842
 0.0349  0.851731
 0.0350  0.854064
 0.0351  0.856576
 0.0352  0.858723
 0.0353  0.860027
 0.0354  0.858731
 0.0355  0.862865
 0.0356  0.864834
 0.0357  0.866658
 0.0358  0.868546
 0.0359  0.870319
 0.0360  0.872207
 0.0361  0.873703
 0.0362  0.875068
 0.0363  0.877019
 0.0364  0.881298
 0.0365  0.880956
 0.0366  0.881725
 0.0367  0.882351
 0.0368  0.885473
 0.0369  0.889574
 0.0370  0.889925
 0.0371  0.890255
 0.0372  0.891765
 0.0373  0.895463
 0.0374  0.898396
 0.0375  0.899424
 0.0376  0.898585
 0.0377  0.902935
 0.0378  0.905128
 0.0379  0.907332
 0.0380  0.908697
 0.0381  0.910989
 0.0382  0.912779
 0.0383  0.914678
 0.0384  0.916460
 0.0385  0.920255
 0.0386  0.920868
 0.0387  0.921999
 0.0388  0.923452
 0.0389  0.926480
 0.0390  0.930784
 0.0391  0.930818
 0.0392  0.931645
 0.0393  0.933895
 0.0394  0.938246
 0.0395  0.941210
 0.0396  0.939999
 0.0397  0.942008
 0.0398  0.946823
 0.0399  0.950155
 0.0400  0.951402
