-0.400  0.000000
-0.399  0.000000
-0.398  0.000000
-0.397  0.000000
-0.396  0.000000
-0.395  0.000000
-0.394  0.000000
-0.393  0.000000
-0.392  0.000000
-0.391  0.000000
-0.390  0.000000
-0.389  0.000000
-0.388  0.000000
-0.387  0.000000
-0.386  0.000000
-0.385  0.000000
-0.384  0.000000
-0.383  0.000000
-0.382  0.000000
-0.381  0.000000
-0.380  0.000000
-0.379  0.000000
-0.378  0.000000
-0.377  0.000000
-0.376  0.000000
-0.375  0.000000
-0.374  0.000000
-0.373  0.000000
-0.372  0.000000
-0.371  0.000000
-0.370  0.000000
-0.369  0.000000
-0.368  0.000000
-0.367  0.000000
-0.366  0.000000
-0.365  0.000000
-0.364  0.000000
-0.363  0.000000
-0.362  0.000000
-0.361  0.000000
-0.360  0.000000
-0.359  0.000000
-0.358  0.000000
-0.357  0.000000
-0.356  0.000000
-0.355  0.000000
-0.354  0.000000
-0.353  0.000000
-0.352  0.000000
-0.351  0.000000
-0.350  0.000000
-0.349  0.000000
-0.348  0.000000
-0.347  0.000000
-0.346  0.000000
-0.345  0.000000
-0.344  0.000000
-0.343  0.000000
-0.342  0.000000
-0.341  0.000000
-0.340  0.000000
-0.339  0.000000
-0.338  0.000000
-0.337  0.000000
-0.336  0.000000
-0.335  0.000000
-0.334  0.000000
-0.333  0.000000
-0.332  0.000000
-0.331  0.000000
-0.330  0.000000
-0.329  0.000000
-0.328  0.000000
-0.327  0.000000
-0.326  0.000000
-0.325  0.000000
-0.324  0.000000
-0.323  0.000000
-0.322  0.000000
-0.321  0.000000
-0.320  0.000000
-0.319  0.000000
-0.318  0.000000
-0.317  0.000000
-0.316  0.000000
-0.315  0.000000
-0.314  0.000000
-0.313  0.000000
-0.312  0.000000
-0.311  0.000000
-0.310  0.000000
-0.309  0.000000
-0.308  0.000000
-0.307  0.000000
-0.306  0.000000
-0.305  0.000000
-0.304  0.000000
-0.303  0.000000
-0.302  0.000000
-0.301  0.000000
-0.300  0.000000
-0.299  0.000000
-0.298  0.000000
-0.297  0.000000
-0.296  0.000000
-0.295  0.000000
-0.294  0.000000
-0.293  0.000000
-0.292  0.000000
-0.291  0.000000
-0.290  0.000000
-0.289  0.000000
-0.288  0.000000
-0.287  0.000000
-0.286  0.000000
-0.285  0.000000
-0.284  0.000000
-0.283  0.000000
-0.282  0.000000
-0.281  0.000000
-0.280  0.000000
-0.279  0.000000
-0.278  0.000000
-0.277  0.000000
-0.276  0.342096
-0.275  0.327474
-0.274  0.324071
-0.273  0.322296
-0.272  0.321920
-0.271  0.321785
-0.270  0.322048
-0.269  0.324078
-0.268  0.325238
-0.267  0.327838
-0.266  0.330875
-0.265  0.334246
-0.264  0.337905
-0.263  0.341803
-0.262  0.345883
-0.261  0.350094
-0.260  0.354401
-0.259  0.358746
-0.258  0.362766
-0.257  0.366730
-0.256  1.803394
-0.255  1.262379
-0.254  1.560650
-0.253  1.363338
-0.252  1.285264
-0.251  1.238151
-0.250  1.202417
-0.249  1.178895
-0.248  1.167422
-0.247  1.149984
-0.246  1.142281
-0.245  1.135377
-0.244  1.129253
-0.243  1.125872
-0.242  1.122384
-0.241  1.120095
-0.240  1.120985
-0.239  1.122571
-0.238  1.123553
-0.237  1.220025
-0.236  1.228828
-0.235  1.242008
-0.234  1.256624
-0.233  1.269352
-0.232  1.285646
-0.231  1.302479
-0.230  1.319193
-0.229  1.338187
-0.228  1.358074
-0.227  1.379637
-0.226  1.401763
-0.225  1.424796
-0.224  1.449462
-0.223  1.475418
-0.222  1.502071
-0.221  1.529883
-0.220  1.557278
-0.219  1.586096
-0.218  1.615851
-0.217  1.645720
-0.216  1.676002
-0.215  1.708324
-0.214  1.977130
-0.213  2.006217
-0.212  2.040447
-0.211  2.075084
-0.210  2.113492
-0.209  2.154451
-0.208  2.197465
-0.207  2.246911
-0.206  2.297394
-0.205  2.352998
-0.204  2.414061
-0.203  2.479259
-0.202  2.552907
-0.201  2.635942
-0.200  2.726051
-0.199  2.829078
-0.198  2.949399
-0.197  3.085757
-0.196  3.253135
-0.195  3.454446
-0.194  3.715073
-0.193  4.068336
-0.192  4.609849
-0.191  5.768872
-0.190  6.089397
-0.189  4.939933
-0.188  4.451338
-0.187  4.131069
-0.186  3.903407
-0.185  3.721045
-0.184  3.571077
-0.183  3.449710
-0.182  3.342301
-0.181  3.249620
-0.180  3.164261
-0.179  3.090415
-0.178  3.023945
-0.177  2.961364
-0.176  2.905354
-0.175  2.854526
-0.174  2.806578
-0.173  2.762263
-0.172  2.722812
-0.171  2.682878
-0.170  2.648171
-0.169  2.385569
-0.168  2.372007
-0.167  2.358665
-0.166  2.346957
-0.165  2.336142
-0.164  2.326137
-0.163  2.316780
-0.162  2.307601
-0.161  2.299013
-0.160  2.290445
-0.159  2.283426
-0.158  2.276220
-0.157  2.269330
-0.156  2.262700
-0.155  2.258511
-0.154  2.254206
-0.153  2.250242
-0.152  2.246174
-0.151  2.243828
-0.150  2.242112
-0.149  2.240845
-0.148  2.239839
-0.147  2.240366
-0.146  2.240874
-0.145  2.243867
-0.144  2.248876
-0.143  2.255852
-0.142  2.266888
-0.141  2.284186
-0.140  2.314355
-0.139  2.384019
-0.138  2.411116
-0.137  2.261564
-0.136  2.189892
-0.135  2.136995
-0.134  2.090579
-0.133  2.081621
-0.132  2.075985
-0.131  2.072812
-0.130  2.068065
-0.129  2.064942
-0.128  2.061622
-0.127  2.059157
-0.126  2.057550
-0.125  2.056355
-0.124  2.054079
-0.123  2.052514
-0.122  1.963486
-0.121  1.978162
-0.120  1.997475
-0.119  2.019764
-0.118  2.048474
-0.117  2.106463
-0.116  2.109957
-0.115  2.090664
-0.114  2.085827
-0.113  2.087074
-0.112  2.088908
-0.111  2.092136
-0.110  2.096868
-0.109  2.103364
-0.108  2.110727
-0.107  2.118959
-0.106  2.129690
-0.105  2.138925
-0.104  2.149960
-0.103  2.165485
-0.102  2.177296
-0.101  2.194251
-0.100  2.212390
-0.099  2.229991
-0.098  2.254957
-0.097  2.267997
-0.096  1.716040
-0.095  1.750059
-0.094  1.787389
-0.093  1.827372
-0.092  1.871651
-0.091  1.920484
-0.090  1.976600
-0.089  2.041364
-0.088  2.113126
-0.087  2.195496
-0.086  2.304151
-0.085  2.433310
-0.084  2.615932
-0.083  2.902129
-0.082  3.587918
-0.081  3.903161
-0.080  2.867809
-0.079  2.494231
-0.078  2.255497
-0.077  2.084065
-0.076  1.949352
-0.075  1.838444
-0.074  1.745122
-0.073  1.666817
-0.072  1.598341
-0.071  1.539621
-0.070  1.488385
-0.069  1.441053
-0.068  1.401124
-0.067  1.362612
-0.066  1.330299
-0.065  1.295983
-0.064  1.271112
-0.063  0.836380
-0.062  0.843298
-0.061  0.850734
-0.060  0.858414
-0.059  0.866642
-0.058  0.875132
-0.057  0.884075
-0.056  0.893896
-0.055  0.903889
-0.054  0.914768
-0.053  0.926387
-0.052  0.938417
-0.051  0.952878
-0.050  0.968519
-0.049  0.984693
-0.048  1.003038
-0.047  1.025416
-0.046  1.048178
-0.045  1.078652
-0.044  1.114243
-0.043  1.158306
-0.042  1.215724
-0.041  1.294087
-0.040  1.430805
-0.039  1.720248
-0.038  2.036457
-0.037  1.719020
-0.036  1.076003
-0.035  1.036589
-0.034  1.013856
-0.033  0.996954
-0.032  0.983896
-0.031  0.973102
-0.030  0.964191
-0.029  0.956898
-0.028  0.950452
-0.027  0.946084
-0.026  0.942664
-0.025  0.938963
-0.024  0.935587
-0.023  0.932735
-0.022  0.931045
-0.021  0.929154
-0.020  0.927243
-0.019  0.925827
-0.018  0.924911
-0.017  0.923872
-0.016  0.923143
-0.015  0.922291
-0.014  0.922104
-0.013  0.921953
-0.012  0.921538
-0.011  0.921527
-0.010  0.921993
-0.009  0.922123
-0.008  0.922477
-0.007  0.923259
-0.006  0.924057
-0.005  0.924888
-0.004  0.925950
-0.003  0.927453
-0.002  0.929191
-0.001  0.930710
 0.000  0.932737
 0.001  0.935382
 0.002  0.938199
 0.003  0.941635
 0.004  0.945562
 0.005  0.949807
 0.006  0.955121
 0.007  0.961360
 0.008  0.969505
 0.009  0.980162
 0.010  0.994009
 0.011  1.012980
 0.012  1.042832
 0.013  1.114881
 0.014  1.106783
 0.015  1.031501
 0.016  0.992730
 0.017  0.968873
 0.018  0.948659
 0.019  0.932473
 0.020  0.917539
 0.021  0.905242
 0.022  0.894168
 0.023  0.883905
 0.024  0.874189
 0.025  0.865239
 0.026  0.856554
 0.027  0.848321
 0.028  0.841325
 0.029  0.834106
 0.030  0.826952
 0.031  0.820205
 0.032  0.813575
 0.033  0.807667
 0.034  0.801469
 0.035  0.795195
 0.036  0.790044
 0.037  0.784290
 0.038  0.778514
 0.039  0.773686
 0.040  0.768342
 0.041  0.763278
 0.042  0.758315
 0.043  0.753332
 0.044  0.748743
 0.045  0.743696
 0.046  0.739303
 0.047  0.734651
 0.048  0.730381
 0.049  0.725545
 0.050  0.721436
 0.051  0.716944
 0.052  0.712832
 0.053  0.708456
 0.054  0.704201
 0.055  0.699936
 0.056  0.695952
 0.057  0.691481
 0.058  0.687576
 0.059  0.683231
 0.060  0.679218
 0.061  0.675048
 0.062  0.670964
 0.063  0.666659
 0.064  0.662687
 0.065  0.658365
 0.066  0.654497
 0.067  0.650498
 0.068  0.646088
 0.069  0.642169
 0.070  0.637912
 0.071  0.634236
 0.072  0.630422
 0.073  0.626371
 0.074  0.623034
 0.075  0.619459
 0.076  0.616203
 0.077  0.612961
 0.078  0.610052
 0.079  0.607394
 0.080  0.605001
 0.081  0.603033
 0.082  0.602238
 0.083  0.600499
 0.084  0.600736
 0.085  0.601150
 0.086  0.603544
 0.087  0.494703
 0.088  0.505346
 0.089  0.516768
 0.090  0.533910
 0.091  0.554126
 0.092  0.579021
 0.093  1.245036
 0.094  1.392838
 0.095  1.628920
 0.096  2.049977
 0.097  1.467616
 0.098  1.280145
 0.099  1.172510
 0.100  1.097323
 0.101  1.042086
 0.102  1.002167
 0.103  0.967143
 0.104  0.942630
 0.105  0.922189
 0.106  0.907045
 0.107  0.898660
 0.108  0.896534
 0.109  0.904264
 0.110  0.927025
 0.111  1.003810
 0.112  1.017753
 0.113  0.778498
 0.114  0.705708
 0.115  0.656917
 0.116  0.619928
 0.117  0.590038
 0.118  0.562450
 0.119  0.536797
 0.120  0.512930
 0.121  0.491104
 0.122  0.464476
 0.123  0.439645
 0.124  0.413881
 0.125  0.384558
 0.126  0.353439
 0.127  0.169419
 0.128  0.170188
 0.129  0.171223
 0.130  0.172097
 0.131  0.173120
 0.132  1.211206
 0.133  2.076610
 0.134  1.732432
 0.135  1.538324
 0.136  1.467843
 0.137  1.359840
 0.138  1.176452
 0.139  1.073193
 0.140  1.018562
 0.141  0.978787
 0.142  0.950254
 0.143  0.931139
 0.144  1.193522
 0.145  1.184452
 0.146  1.184722
 0.147  1.190280
 0.148  1.201718
 0.149  1.456583
 0.150  1.507604
 0.151  1.587232
 0.152  1.780621
 0.153  1.719045
 0.154  1.597526
 0.155  1.545947
 0.156  1.521661
 0.157  1.508081
 0.158  1.505952
 0.159  1.511354
 0.160  1.526052
 0.161  1.556930
 0.162  1.616742
 0.163  1.843383
 0.164  1.622210
 0.165  1.516975
 0.166  1.453841
 0.167  1.405806
 0.168  1.366501
 0.169  1.332401
 0.170  1.303315
 0.171  1.276476
 0.172  1.252303
 0.173  1.229114
 0.174  1.207206
 0.175  1.187014
 0.176  1.167781
 0.177  1.148702
 0.178  1.131483
 0.179  1.113719
 0.180  1.097882
 0.181  1.081185
 0.182  1.065829
 0.183  1.051976
 0.184  1.036467
 0.185  1.022916
 0.186  1.008365
 0.187  0.995566
 0.188  0.982601
 0.189  0.969382
 0.190  0.957712
 0.191  0.944483
 0.192  0.932614
 0.193  0.921532
 0.194  0.908275
 0.195  0.898667
 0.196  0.885890
 0.197  0.876661
 0.198  0.864800
 0.199  0.854615
 0.200  0.842961
 0.201  0.833639
 0.202  0.825970
 0.203  0.812147
 0.204  0.801739
 0.205  0.791803
 0.206  0.783594
 0.207  0.775308
 0.208  0.639822
 0.209  0.637992
 0.210  0.635396
 0.211  0.630469
 0.212  0.626736
 0.213  0.626161
 0.214  0.622661
 0.215  0.616105
 0.216  0.611480
 0.217  0.447168
 0.218  0.668892
 0.219  0.678795
 0.220  0.692300
 0.221  0.700559
 0.222  0.710712
 0.223  0.722918
 0.224  0.732246
 0.225  0.748352
 0.226  0.759768
 0.227  0.776466
 0.228  0.792044
 0.229  0.809221
 0.230  0.831009
 0.231  0.855544
 0.232  0.889352
 0.233  0.931764
 0.234  1.000000
 0.235  1.285113
 0.236  1.024809
 0.237  0.953999
 0.238  0.914324
 0.239  0.890700
 0.240  0.876630
 0.241  0.866255
 0.242  0.858227
 0.243  0.854736
 0.244  0.850127
 0.245  0.849895
 0.246  0.847436
 0.247  0.852459
 0.248  0.875774
 0.249  0.883768
 0.250  0.939977
 0.251  0.958347
 0.252  0.609629
 0.253  0.513200
 0.254  0.469949
 0.255  0.444356
 0.256  0.426336
 0.257  0.408823
 0.258  0.401495
 0.259  0.528560
 0.260  0.525814
 0.261  0.529797
 0.262  0.533572
 0.263  0.537229
 0.264  0.539547
 0.265  0.545422
 0.266  0.557458
 0.267  0.567924
 0.268  0.573245
 0.269  0.580232
 0.270  0.590728
 0.271  0.601321
 0.272  0.614897
 0.273  0.626456
 0.274  0.643766
 0.275  0.673830
 0.276  0.701631
 0.277  0.987747
 0.278  1.090186
 0.279  1.279231
 0.280  1.405411
 0.281  1.160162
 0.282  1.065563
 0.283  1.008472
 0.284  0.968817
 0.285  0.938698
 0.286  0.914572
 0.287  0.895281
 0.288  0.878147
 0.289  0.864256
 0.290  0.851446
 0.291  0.840308
 0.292  0.830336
 0.293  0.821320
 0.294  0.812698
 0.295  0.805052
 0.296  0.798089
 0.297  0.791390
 0.298  0.785177
 0.299  0.779150
 0.300  0.773771
 0.301  0.768445
 0.302  0.763557
 0.303  0.758731
 0.304  0.754238
 0.305  0.749662
 0.306  0.745726
 0.307  0.741741
 0.308  0.737762
 0.309  0.734143
 0.310  0.730441
 0.311  0.726894
 0.312  0.723592
 0.313  0.720074
 0.314  0.717149
 0.315  0.713732
 0.316  0.710999
 0.317  0.707598
 0.318  0.705000
 0.319  0.702090
 0.320  0.699161
 0.321  0.696681
 0.322  0.693828
 0.323  0.691412
 0.324  0.688649
 0.325  0.686333
 0.326  0.683830
 0.327  0.681244
 0.328  0.679139
 0.329  0.676408
 0.330  0.674474
 0.331  0.671872
 0.332  0.669906
 0.333  0.667694
 0.334  0.665454
 0.335  0.663430
 0.336  0.660947
 0.337  0.659304
 0.338  0.656782
 0.339  0.655216
 0.340  0.653025
 0.341  0.651177
 0.342  0.649179
 0.343  0.647220
 0.344  0.645384
 0.345  0.643165
 0.346  0.641712
 0.347  0.639538
 0.348  0.638060
 0.349  0.636092
 0.350  0.634457
 0.351  0.632660
 0.352  0.630858
 0.353  0.629157
 0.354  0.627280
 0.355  0.625818
 0.356  0.623687
 0.357  0.622454
 0.358  0.620475
 0.359  0.619238
 0.360  0.617326
 0.361  0.616028
 0.362  0.614363
 0.363  0.612860
 0.364  0.611162
 0.365  0.609859
 0.366  0.608176
 0.367  0.606548
 0.368  0.605191
 0.369  0.603697
 0.370  0.602163
 0.371  0.600517
 0.372  0.599409
 0.373  0.597426
 0.374  0.596451
 0.375  0.594860
 0.376  0.593339
 0.377  0.592286
 0.378  0.590603
 0.379  0.589251
 0.380  0.587544
 0.381  0.584779
 0.382  0.575802
 0.383  0.575256
 0.384  0.574995
 0.385  0.574785
 0.386  0.574375
 0.387  0.574323
 0.388  0.573813
 0.389  0.574048
 0.390  0.573631
 0.391  0.574139
 0.392  0.574588
 0.393  0.574644
 0.394  0.576027
 0.395  0.578172
 0.396  0.582540
 0.397  0.605071
 0.398  0.586944
 0.399  0.578294
 0.400  0.573816
 0.401  0.569813
 0.402  0.566108
 0.403  0.563263
 0.404  0.560708
 0.405  0.557614
 0.406  0.555428
 0.407  0.553210
 0.408  0.550627
 0.409  0.548359
 0.410  0.545864
 0.411  0.544239
 0.412  0.541564
 0.413  0.539762
 0.414  0.537720
 0.415  0.535460
 0.416  0.533350
 0.417  0.531258
 0.418  0.529481
 0.419  0.526977
 0.420  0.539002
 0.421  0.538035
 0.422  0.537416
 0.423  0.536380
 0.424  0.535666
 0.425  0.534605
 0.426  0.533441
 0.427  0.532876
 0.428  0.531590
 0.429  0.530072
 0.430  0.529435
 0.431  0.528285
 0.432  0.527348
 0.433  0.526247
 0.434  0.525599
 0.435  0.524702
 0.436  0.523129
 0.437  0.522682
 0.438  0.521565
 0.439  0.520442
 0.440  0.519895
 0.441  0.518350
 0.442  0.517446
 0.443  0.517112
 0.444  0.515045
 0.445  0.514942
 0.446  0.514373
 0.447  0.512607
 0.448  0.512145
 0.449  0.511811
 0.450  0.509849
 0.451  0.509330
 0.452  0.509193
 0.453  0.507202
 0.454  0.506510
 0.455  0.505577
 0.456  0.504793
 0.457  0.503744
 0.458  0.502707
 0.459  0.502478
 0.460  0.501252
 0.461  0.499917
 0.462  0.499209
 0.463  0.499484
 0.464  0.497133
 0.465  0.496892
 0.466  0.496183
 0.467  0.494487
 0.468  0.495007
 0.469  0.493175
 0.470  0.490792
 0.471  0.492988
 0.472  0.490700
 0.473  0.489261
 0.474  0.489155
 0.475  0.488395
 0.476  0.488473
 0.477  0.486735
 0.478  0.486792
 0.479  0.484489
 0.480  0.484376
 0.481  0.482872
 0.482  0.482660
 0.483  0.483375
 0.484  0.480672
 0.485  0.481878
 0.486  0.478586
 0.487  0.480709
 0.488  0.478086
 0.489  0.477843
 0.490  0.475155
 0.491  0.475806
 0.492  0.473702
 0.493  0.476162
 0.494  0.472232
 0.495  0.474801
 0.496  0.469504
 0.497  0.471928
 0.498  0.470453
 0.499  0.469724
 0.500  0.470326
 0.501  0.467338
 0.502  0.470225
 0.503  0.464816
 0.504  0.466434
 0.505  0.467245
 0.506  0.462655
 0.507  0.464527
 0.508  0.467043
 0.509  0.460691
 0.510  0.460375
 0.511  0.461516
 0.512  0.469016
 0.513  0.460379
 0.514  0.456994
 0.515  0.454366
 0.516  0.456655
 0.517  0.452564
 0.518  0.455627
 0.519  0.465729
 0.520  0.450949
 0.521  0.453304
 0.522  0.449276
 0.523  0.445810
 0.524  0.443402
 0.525  0.382056
 0.526  0.382986
 0.527  0.387284
 0.528  0.397210
 0.529  0.394086
 0.530  0.396269
 0.531  0.399445
 0.532  0.402887
 0.533  0.407149
 0.534  0.411981
 0.535  0.417700
 0.536  0.449470
 0.537  0.429878
 0.538  0.438311
 0.539  0.448937
 0.540  0.466440
 0.541  0.549865
 0.542  0.481873
 0.543  0.468797
 0.544  0.461923
 0.545  0.457170
 0.546  0.453417
 0.547  0.450788
 0.548  0.448497
 0.549  0.446555
 0.550  0.444774
 0.551  0.443258
 0.552  0.441909
 0.553  0.440788
 0.554  0.439783
 0.555  0.438361
 0.556  0.437234
 0.557  0.436260
 0.558  0.435386
 0.559  0.434537
 0.560  0.433534
 0.561  0.432657
 0.562  0.431956
 0.563  0.431375
 0.564  0.430363
 0.565  0.429487
 0.566  0.429133
 0.567  0.427936
 0.568  0.427213
 0.569  0.426360
 0.570  0.427118
 0.571  0.424501
 0.572  0.330123
 0.573  0.329378
 0.574  0.329221
 0.575  0.328495
 0.576  0.328369
 0.577  0.327930
 0.578  0.327008
 0.579  0.328415
 0.580  0.231007
 0.581  0.230888
 0.582  0.230780
 0.583  0.230699
 0.584  0.230588
 0.585  0.230485
 0.586  0.230395
 0.587  0.230317
 0.588  0.230219
 0.589  0.230130
 0.590  0.230071
 0.591  0.229978
 0.592  0.229891
 0.593  0.229817
 0.594  0.229759
 0.595  0.229674
 0.596  0.229599
 0.597  0.229547
 0.598  0.229477
 0.599  0.229402
 0.600  0.229340
 0.601  0.229296
 0.602  0.229222
 0.603  0.229158
 0.604  0.229117
 0.605  0.229058
 0.606  0.228993
 0.607  0.228941
 0.608  0.228907
 0.609  0.228843
 0.610  0.228788
 0.611  0.228760
 0.612  0.228705
 0.613  0.228649
 0.614  0.228606
 0.615  0.228579
 0.616  0.228523
 0.617  0.228476
 0.618  0.228465
 0.619  0.228408
 0.620  0.228360
 0.621  0.228328
 0.622  0.228304
 0.623  0.228254
 0.624  0.228217
 0.625  0.228210
 0.626  0.228160
 0.627  0.228119
 0.628  0.228102
 0.629  0.228075
 0.630  0.228033
 0.631  0.228006
 0.632  0.227999
 0.633  0.227956
 0.634  0.227925
 0.635  0.227933
 0.636  0.227889
 0.637  0.227855
 0.638  0.227842
 0.639  0.227830
 0.640  0.227794
 0.641  0.227774
 0.642  0.227779
 0.643  0.227743
 0.644  0.227719
 0.645  0.227737
 0.646  0.227700
 0.647  0.227673
 0.648  0.227671
 0.649  0.227664
 0.650  0.227636
 0.651  0.227626
 0.652  0.227637
 0.653  0.227608
 0.654  0.227593
 0.655  0.227617
 0.656  0.227587
 0.657  0.227570
 0.658  0.227593
 0.659  0.227574
 0.660  0.227555
 0.661  0.227561
 0.662  0.227568
 0.663  0.227549
 0.664  0.227548
 0.665  0.227570
 0.666  0.227549
 0.667  0.227546
 0.668  0.227579
 0.669  0.227557
 0.670  0.227551
 0.671  0.227594
 0.672  0.227572
 0.673  0.227565
 0.674  0.227598
 0.675  0.227594
 0.676  0.227586
 0.677  0.227608
 0.678  0.227623
 0.679  0.227615
 0.680  0.227632
 0.681  0.227659
 0.682  0.227651
 0.683  0.227665
 0.684  0.227702
 0.685  0.227693
 0.686  0.227706
 0.687  0.227751
 0.688  0.227743
 0.689  0.227755
 0.690  0.227807
 0.691  0.227799
 0.692  0.227812
 0.693  0.227869
 0.694  0.227863
 0.695  0.227875
 0.696  0.227938
 0.697  0.227933
 0.698  0.227947
 0.699  0.228014
 0.700  0.228009
 0.701  0.228025
 0.702  0.228096
 0.703  0.228093
 0.704  0.228111
 0.705  0.228185
 0.706  0.228184
 0.707  0.228204
 0.708  0.228280
 0.709  0.228281
 0.710  0.228304
 0.711  0.228382
 0.712  0.228385
 0.713  0.228412
 0.714  0.228490
 0.715  0.228497
 0.716  0.228528
 0.717  0.228606
 0.718  0.228616
 0.719  0.228653
 0.720  0.228728
 0.721  0.228742
 0.722  0.228786
 0.723  0.228858
 0.724  0.228875
 0.725  0.228930
 0.726  0.228994
 0.727  0.229018
 0.728  0.229086
 0.729  0.229139
 0.730  0.229168
 0.731  0.229273
 0.732  0.229291
 0.733  0.229328
 0.734  0.229434
 0.735  0.229451
 0.736  0.229498
 0.737  0.229596
 0.738  0.229620
 0.739  0.229680
 0.740  0.229767
 0.741  0.229799
 0.742  0.229881
 0.743  0.229946
 0.744  0.229988
 0.745  0.230112
 0.746  0.230135
 0.747  0.230189
 0.748  0.230301
 0.749  0.230334
 0.750  0.230407
 0.751  0.230501
 0.752  0.230544
 0.753  0.230664
 0.754  0.230710
 0.755  0.230768
 0.756  0.230895
 0.757  0.230931
 0.758  0.231011
 0.759  0.231115
 0.760  0.231165
 0.761  0.231315
 0.762  0.231348
 0.763  0.231417
 0.764  0.231548
 0.765  0.231594
 0.766  0.231698
 0.767  0.231792
 0.768  0.231858
 0.769  0.232007
 0.770  0.232052
 0.771  0.232147
 0.772  0.232265
 0.773  0.232329
 0.774  0.232492
 0.775  0.232538
 0.776  0.232633
 0.777  0.232764
 0.778  0.232831
 0.779  0.233003
 0.780  0.233053
 0.781  0.233155
 0.782  0.233291
 0.783  0.233365
 0.784  0.233542
 0.785  0.233598
 0.786  0.233714
 0.787  0.233847
 0.788  0.233932
 0.789  0.234108
 0.790  0.234175
 0.791  0.234322
 0.792  0.234433
 0.793  0.234537
 0.794  0.234705
 0.795  0.234786
 0.796  0.234987
 0.797  0.235053
 0.798  0.235192
 0.799  0.235334
 0.800  0.235441
 0.801  0.235626
 0.802  0.235713
 0.803  0.235927
 0.804  0.236001
 0.805  0.236159
 0.806  0.236301
 0.807  0.236426
 0.808  0.236611
 0.809  0.236717
 0.810  0.236931
 0.811  0.237023
 0.812  0.237260
 0.813  0.237340
 0.814  0.237515
 0.815  0.237668
 0.816  0.237814
 0.817  0.238006
 0.818  0.238135
 0.819  0.238352
 0.820  0.238468
 0.821  0.238706
 0.822  0.238813
 0.823  0.239068
 0.824  0.239168
 0.825  0.239437
 0.826  0.239532
 0.827  0.239757
 0.828  0.239904
 0.829  0.240105
 0.830  0.240285
 0.831  0.240474
 0.832  0.240674
 0.833  0.240857
 0.834  0.241070
 0.835  0.241252
 0.836  0.241475
 0.837  0.241657
 0.838  0.241886
 0.839  0.242073
 0.840  0.242307
 0.841  0.242502
 0.842  0.242735
 0.843  0.242943
 0.844  0.243171
 0.845  0.243399
 0.846  0.243616
 0.847  0.243876
 0.848  0.244071
 0.849  0.244410
 0.850  0.244536
 0.851  0.244870
 0.852  0.245014
 0.853  0.245339
 0.854  0.245505
 0.855  0.245819
 0.856  0.246016
 0.857  0.246310
 0.858  0.246555
 0.859  0.246813
 0.860  0.247190
 0.861  0.247335
 0.862  0.247694
 0.863  0.247879
 0.864  0.248213
 0.865  0.248460
 0.866  0.248750
 0.867  0.249148
 0.868  0.249313
 0.869  0.249684
 0.870  0.249916
 0.871  0.250242
 0.872  0.250663
 0.873  0.250833
 0.874  0.251220
 0.875  0.251482
 0.876  0.251809
 0.877  0.252236
 0.878  0.252447
 0.879  0.252825
 0.880  0.253254
 0.881  0.253465
 0.882  0.253875
 0.883  0.254231
 0.884  0.254524
 0.885  0.254954
 0.886  0.255309
 0.887  0.255621
 0.888  0.256060
 0.889  0.256492
 0.890  0.256756
 0.891  0.257194
 0.892  0.257694
 0.893  0.257946
 0.894  0.258364
 0.895  0.258855
 0.896  0.259247
 0.897  0.259591
 0.898  0.260055
 0.899  0.260572
 0.900  0.260955
 0.901  0.261331
 0.902  0.261809
 0.903  0.262334
 0.904  0.262892
 0.905  0.263185
 0.906  0.263641
 0.907  0.264153
 0.908  0.264700
 0.909  0.265270
 0.910  0.265719
 0.911  0.266125
 0.912  0.266626
 0.913  0.267161
 0.914  0.267720
 0.915  0.268292
 0.916  0.268878
 0.917  0.269470
 0.918  0.270071
 0.919  0.270671
 0.920  0.271276
 0.921  0.271879
 0.922  0.272442
 0.923  0.273083
 0.924  0.273679
 0.925  0.274273
 0.926  0.274865
 0.927  0.275455
 0.928  0.276047
 0.929  0.276648
 0.930  0.277274
 0.931  0.277954
 0.932  0.278880
 0.933  0.279538
 0.934  0.280094
 0.935  0.280758
 0.936  0.281850
 0.937  0.282320
 0.938  0.283001
 0.939  0.283983
 0.940  0.284518
 0.941  0.285570
 0.942  0.286135
 0.943  0.287021
 0.944  0.288141
 0.945  0.288753
 0.946  0.289454
 0.947  0.290291
 0.948  0.291210
 0.949  0.292861
 0.950  0.293194
 0.951  0.294162
 0.952  0.294753
 0.953  0.296002
 0.954  0.296517
 0.955  0.298616
 0.956  0.300379
 0.957  0.000000
 0.958  0.000000
 0.959  0.000000
 0.960  0.000000
 0.961  0.000000
 0.962  0.000000
 0.963  0.000000
 0.964  0.000000
 0.965  0.000000
 0.966  0.000000
 0.967  0.000000
 0.968  0.000000
 0.969  0.000000
 0.970  0.000000
 0.971  0.000000
 0.972  0.000000
 0.973  0.000000
 0.974  0.000000
 0.975  0.000000
 0.976  0.000000
 0.977  0.000000
 0.978  0.000000
 0.979  0.000000
 0.980  0.000000
 0.981  0.000000
 0.982  0.000000
 0.983  0.000000
 0.984  0.000000
 0.985  0.000000
 0.986  0.000000
 0.987  0.000000
 0.988  0.000000
 0.989  0.000000
 0.990  0.000000
 0.991  0.000000
 0.992  0.000000
 0.993  0.000000
 0.994  0.000000
 0.995  0.000000
 0.996  0.000000
 0.997  0.000000
 0.998  0.000000
 0.999  0.000000
 1.000  0.000000
