-0.0400  1.018011
-0.0399  1.017074
-0.0398  1.015930
-0.0397  1.014316
-0.0396  1.010986
-0.0395  1.001823
-0.0394  1.001344
-0.0393  1.000893
-0.0392  1.000342
-0.0391  0.999727
-0.0390  0.999048
-0.0389  0.998136
-0.0388  0.996819
-0.0387  0.986361
-0.0386  0.986017
-0.0385  0.985606
-0.0384  0.985198
-0.0383  0.984781
-0.0382  0.984317
-0.0381  0.983792
-0.0380  0.983165
-0.0379  0.982381
-0.0378  0.976854
-0.0377  0.972336
-0.0376  0.972086
-0.0375  0.971866
-0.0374  0.971579
-0.0373  0.971265
-0.0372  0.970905
-0.0371  0.970496
-0.0370  0.970031
-0.0369  0.969464
-0.0368  0.965077
-0.0367  0.960575
-0.0366  0.960395
-0.0365  0.960180
-0.0364  0.959932
-0.0363  0.959668
-0.0362  0.959389
-0.0361  0.959091
-0.0360  0.958797
-0.0359  0.958431
-0.0358  0.956092
-0.0357  0.953812
-0.0356  0.950807
-0.0355  0.950108
-0.0354  0.949945
-0.0353  0.949750
-0.0352  0.949537
-0.0351  0.949305
-0.0350  0.949064
-0.0349  0.948791
-0.0348  0.948490
-0.0347  0.946814
-0.0346  0.945146
-0.0345  0.943649
-0.0344  0.941322
-0.0343  0.941175
-0.0342  0.941021
-0.0341  0.940852
-0.0340  0.940733
-0.0339  0.940566
-0.0338  0.940383
-0.0337  0.940169
-0.0336  0.939924
-0.0335  0.938196
-0.0334  0.937026
-0.0333  0.935874
-0.0332  0.934035
-0.0331  0.933472
-0.0330  0.933383
-0.0329  0.933271
-0.0328  0.933137
-0.0327  0.932996
-0.0326  0.932839
-0.0325  0.932664
-0.0324  0.932474
-0.0323  0.931276
-0.0322  0.930303
-0.0321  0.929447
-0.0320  0.928501
-0.0319  0.926966
-0.0318  0.926841
-0.0317  0.926714
-0.0316  0.926603
-0.0315  0.926524
-0.0314  0.926438
-0.0313  0.926370
-0.0312  0.926241
-0.0311  0.926088
-0.0310  0.924906
-0.0309  0.924182
-0.0308  0.923500
-0.0307  0.922734
-0.0306  0.921352
-0.0305  0.921227
-0.0304  0.921049
-0.0303  0.920939
-0.0302  0.920827
-0.0301  0.920737
-0.0300  0.920677
-0.0299  0.920578
-0.0298  0.920464
-0.0297  0.919576
-0.0296  0.918972
-0.0295  0.918432
-0.0294  0.917863
-0.0293  0.917107
-0.0292  0.916394
-0.0291  0.916296
-0.0290  0.916193
-0.0289  0.916088
-0.0288  0.915972
-0.0287  0.915915
-0.0286  0.915851
-0.0285  0.915808
-0.0284  0.915424
-0.0283  0.914796
-0.0282  0.914335
-0.0281  0.913881
-0.0280  0.913372
-0.0279  0.912517
-0.0278  0.912182
-0.0277  0.912068
-0.0276  0.911995
-0.0275  0.911916
-0.0274  0.911837
-0.0273  0.911754
-0.0272  0.911670
-0.0271  0.911602
-0.0270  0.911230
-0.0269  0.910759
-0.0268  0.910386
-0.0267  0.910014
-0.0266  0.909594
-0.0265  0.908874
-0.0264  0.908632
-0.0263  0.908564
-0.0262  0.908487
-0.0261  0.908413
-0.0260  0.908379
-0.0259  0.908331
-0.0258  0.908251
-0.0257  0.908164
-0.0256  0.907973
-0.0255  0.907557
-0.0254  0.907249
-0.0253  0.906939
-0.0252  0.906600
-0.0251  0.906079
-0.0250  0.905633
-0.0249  0.905585
-0.0248  0.905535
-0.0247  0.905479
-0.0246  0.905417
-0.0245  0.905354
-0.0244  0.905280
-0.0243  0.905203
-0.0242  0.905117
-0.0241  0.904766
-0.0240  0.904507
-0.0239  0.904255
-0.0238  0.903985
-0.0237  0.903650
-0.0236  0.903136
-0.0235  0.903095
-0.0234  0.903054
-0.0233  0.903087
-0.0232  0.903077
-0.0231  0.903040
-0.0230  0.902986
-0.0229  0.902915
-0.0228  0.902837
-0.0227  0.902727
-0.0226  0.902414
-0.0225  0.902193
-0.0224  0.901937
-0.0223  0.901659
-0.0222  0.901302
-0.0221  0.901053
-0.0220  0.901027
-0.0219  0.900997
-0.0218  0.900962
-0.0217  0.900923
-0.0216  0.900882
-0.0215  0.900839
-0.0214  0.900792
-0.0213  0.900742
-0.0212  0.900639
-0.0211  0.900443
-0.0210  0.900269
-0.0209  0.900086
-0.0208  0.899862
-0.0207  0.899452
-0.0206  0.899475
-0.0205  0.899471
-0.0204  0.899449
-0.0203  0.899424
-0.0202  0.899396
-0.0201  0.899364
-0.0200  0.899320
-0.0199  0.899256
-0.0198  0.899186
-0.0197  0.899088
-0.0196  0.898884
-0.0195  0.898761
-0.0194  0.898625
-0.0193  0.898450
-0.0192  0.898153
-0.0191  0.898160
-0.0190  0.898145
-0.0189  0.898126
-0.0188  0.898101
-0.0187  0.898075
-0.0186  0.898044
-0.0185  0.898007
-0.0184  0.897965
-0.0183  0.897949
-0.0182  0.897975
-0.0181  0.897803
-0.0180  0.897751
-0.0179  0.897652
-0.0178  0.897510
-0.0177  0.897282
-0.0176  0.897288
-0.0175  0.897281
-0.0174  0.897271
-0.0173  0.897263
-0.0172  0.897262
-0.0171  0.897243
-0.0170  0.897172
-0.0169  0.897103
-0.0168  0.897142
-0.0167  0.897193
-0.0166  0.897083
-0.0165  0.896997
-0.0164  0.896902
-0.0163  0.896770
-0.0162  0.896574
-0.0161  0.896582
-0.0160  0.896587
-0.0159  0.896587
-0.0158  0.896586
-0.0157  0.896580
-0.0156  0.896570
-0.0155  0.896559
-0.0154  0.896590
-0.0153  0.896708
-0.0152  0.896814
-0.0151  0.896782
-0.0150  0.896716
-0.0149  0.896652
-0.0148  0.896554
-0.0147  0.896394
-0.0146  0.896404
-0.0145  0.896394
-0.0144  0.896382
-0.0143  0.896367
-0.0142  0.896294
-0.0141  0.896301
-0.0140  0.896305
-0.0139  0.896428
-0.0138  0.896495
-0.0137  0.896543
-0.0136  0.896573
-0.0135  0.896515
-0.0134  0.896480
-0.0133  0.896427
-0.0132  0.896318
-0.0131  0.896334
-0.0130  0.896349
-0.0129  0.896360
-0.0128  0.896369
-0.0127  0.896374
-0.0126  0.896441
-0.0125  0.896571
-0.0124  0.896680
-0.0123  0.896754
-0.0122  0.896802
-0.0121  0.896831
-0.0120  0.896816
-0.0119  0.896789
-0.0118  0.896751
-0.0117  0.896634
-0.0116  0.896638
-0.0115  0.896632
-0.0114  0.896655
-0.0113  0.896703
-0.0112  0.896753
-0.0111  0.896871
-0.0110  0.896989
-0.0109  0.897064
-0.0108  0.897123
-0.0107  0.897175
-0.0106  0.897217
-0.0105  0.897251
-0.0104  0.897248
-0.0103  0.897238
-0.0102  0.897164
-0.0101  0.897192
-0.0100  0.897227
-0.0099  0.897299
-0.0098  0.897384
-0.0097  0.897556
-0.0096  0.897706
-0.0095  0.897815
-0.0094  0.897911
-0.0093  0.898020
-0.0092  0.898084
-0.0091  0.898119
-0.0090  0.898146
-0.0089  0.898159
-0.0088  0.898140
-0.0087  0.898091
-0.0086  0.898100
-0.0085  0.898155
-0.0084  0.898210
-0.0083  0.898424
-0.0082  0.898565
-0.0081  0.898677
-0.0080  0.898774
-0.0079  0.898867
-0.0078  0.898947
-0.0077  0.899023
-0.0076  0.899096
-0.0075  0.899166
-0.0074  0.899241
-0.0073  0.899319
-0.0072  0.899404
-0.0071  0.899437
-0.0070  0.899600
-0.0069  0.899810
-0.0068  0.899964
-0.0067  0.900079
-0.0066  0.900184
-0.0065  0.900280
-0.0064  0.900369
-0.0063  0.900454
-0.0062  0.900522
-0.0061  0.900560
-0.0060  0.900604
-0.0059  0.900681
-0.0058  0.900774
-0.0057  0.900858
-0.0056  0.901090
-0.0055  0.901302
-0.0054  0.901492
-0.0053  0.901625
-0.0052  0.901749
-0.0051  0.901863
-0.0050  0.901972
-0.0049  0.902077
-0.0048  0.902175
-0.0047  0.902270
-0.0046  0.902359
-0.0045  0.902470
-0.0044  0.902603
-0.0043  0.902849
-0.0042  0.903139
-0.0041  0.903326
-0.0040  0.903503
-0.0039  0.903669
-0.0038  0.903825
-0.0037  0.903963
-0.0036  0.904091
-0.0035  0.904235
-0.0034  0.904335
-0.0033  0.904370
-0.0032  0.904486
-0.0031  0.904600
-0.0030  0.904852
-0.0029  0.905136
-0.0028  0.905347
-0.0027  0.905558
-0.0026  0.905767
-0.0025  0.905944
-0.0024  0.906107
-0.0023  0.906263
-0.0022  0.906417
-0.0021  0.906564
-0.0020  0.906709
-0.0019  0.906853
-0.0018  0.906993
-0.0017  0.907402
-0.0016  0.907775
-0.0015  0.908032
-0.0014  0.908258
-0.0013  0.908452
-0.0012  0.908635
-0.0011  0.908871
-0.0010  0.909077
-0.0009  0.909249
-0.0008  0.909413
-0.0007  0.909550
-0.0006  0.909673
-0.0005  0.909909
-0.0004  0.910301
-0.0003  0.910614
-0.0002  0.910886
-0.0001  0.911139
 0.0000  0.911379
 0.0001  0.911611
 0.0002  0.911839
 0.0003  0.912085
 0.0004  0.912314
 0.0005  0.912596
 0.0006  0.912791
 0.0007  0.912979
 0.0008  0.913452
 0.0009  0.913834
 0.0010  0.914195
 0.0011  0.914531
 0.0012  0.914816
 0.0013  0.915086
 0.0014  0.915351
 0.0015  0.915604
 0.0016  0.915854
 0.0017  0.916096
 0.0018  0.916315
 0.0019  0.916532
 0.0020  0.917198
 0.0021  0.917629
 0.0022  0.917989
 0.0023  0.918331
 0.0024  0.918656
 0.0025  0.918965
 0.0026  0.919267
 0.0027  0.919557
 0.0028  0.919842
 0.0029  0.920121
 0.0030  0.920389
 0.0031  0.920811
 0.0032  0.921392
 0.0033  0.921860
 0.0034  0.922278
 0.0035  0.922727
 0.0036  0.923188
 0.0037  0.923617
 0.0038  0.923994
 0.0039  0.924370
 0.0040  0.924743
 0.0041  0.925109
 0.0042  0.925420
 0.0043  0.926157
 0.0044  0.926739
 0.0045  0.927234
 0.0046  0.927688
 0.0047  0.928114
 0.0048  0.928495
 0.0049  0.928868
 0.0050  0.929273
 0.0051  0.929823
 0.0052  0.930218
 0.0053  0.930688
 0.0054  0.931543
 0.0055  0.932214
 0.0056  0.932804
 0.0057  0.933361
 0.0058  0.933894
 0.0059  0.934440
 0.0060  0.934926
 0.0061  0.935394
 0.0062  0.935856
 0.0063  0.936303
 0.0064  0.937152
 0.0065  0.938117
 0.0066  0.939037
 0.0067  0.939706
 0.0068  0.940344
 0.0069  0.940961
 0.0070  0.941557
 0.0071  0.942140
 0.0072  0.942701
 0.0073  0.943241
 0.0074  0.944208
 0.0075  0.945273
 0.0076  0.946118
 0.0077  0.946900
 0.0078  0.947695
 0.0079  0.948425
 0.0080  0.949141
 0.0081  0.949877
 0.0082  0.950685
 0.0083  0.951472
 0.0084  0.952894
 0.0085  0.954031
 0.0086  0.955024
 0.0087  0.955964
 0.0088  0.956860
 0.0089  0.957736
 0.0090  0.958584
 0.0091  0.959418
 0.0092  0.960577
 0.0093  0.962224
 0.0094  0.963672
 0.0095  0.964956
 0.0096  0.966182
 0.0097  0.967426
 0.0098  0.968487
 0.0099  0.969534
 0.0100  0.970551
 0.0101  0.972422
 0.0102  0.974383
 0.0103  0.975909
 0.0104  0.977344
 0.0105  0.978744
 0.0106  0.980118
 0.0107  0.981451
 0.0108  0.982787
 0.0109  0.985610
 0.0110  0.987909
 0.0111  0.989925
 0.0112  0.991949
 0.0113  0.993760
 0.0114  0.995539
 0.0115  0.997312
 0.0116  1.000932
 0.0117  1.003907
 0.0118  1.006503
 0.0119  1.008994
 0.0120  1.011399
 0.0121  1.013732
 0.0122  1.018000
 0.0123  1.022482
 0.0124  1.026126
 0.0125  1.029558
 0.0126  1.032888
 0.0127  1.038078
 0.0128  1.044495
 0.0129  1.049996
 0.0130  1.055068
 0.0131  1.059927
 0.0132  1.069370
 0.0133  1.079443
 0.0134  1.087873
 0.0135  1.099508
 0.0136  1.117169
 0.0137  1.133697
 0.0138  1.165884
 0.0139  1.208763
 0.0140  1.251566
 0.0141  1.198493
 0.0142  1.146891
 0.0143  1.125451
 0.0144  1.105210
 0.0145  1.092032
 0.0146  1.082612
 0.0147  1.069958
 0.0148  1.062354
 0.0149  1.055535
 0.0150  1.046092
 0.0151  1.040348
 0.0152  1.035634
 0.0153  1.029075
 0.0154  1.022435
 0.0155  1.019246
 0.0156  1.015519
 0.0157  1.010746
 0.0158  1.005405
 0.0159  1.002281
 0.0160  0.999453
 0.0161  0.996182
 0.0162  0.991151
 0.0163  0.987880
 0.0164  0.985736
 0.0165  0.983351
 0.0166  0.980746
 0.0167  0.977267
 0.0168  0.973712
 0.0169  0.971725
 0.0170  0.969791
 0.0171  0.967748
 0.0172  0.965393
 0.0173  0.961866
 0.0174  0.959573
 0.0175  0.958027
 0.0176  0.956400
 0.0177  0.954586
 0.0178  0.952578
 0.0179  0.950122
 0.0180  0.947405
 0.0181  0.945831
 0.0182  0.944433
 0.0183  0.942887
 0.0184  0.941281
 0.0185  0.939473
 0.0186  0.937095
 0.0187  0.934888
 0.0188  0.933771
 0.0189  0.932468
 0.0190  0.931109
 0.0191  0.929676
 0.0192  0.928122
 0.0193  0.926302
 0.0194  0.924163
 0.0195  0.922737
 0.0196  0.921589
 0.0197  0.920422
 0.0198  0.919190
 0.0199  0.917890
 0.0200  0.916486
 0.0201  0.914903
 0.0202  0.913192
 0.0203  0.912054
 0.0204  0.911033
 0.0205  0.909968
 0.0206  0.908841
 0.0207  0.907675
 0.0208  0.906414
 0.0209  0.904996
 0.0210  0.903134
 0.0211  0.901880
 0.0212  0.900921
 0.0213  0.899912
 0.0214  0.898924
 0.0215  0.897930
 0.0216  0.896893
 0.0217  0.895822
 0.0218  0.894622
 0.0219  0.892993
 0.0220  0.891872
 0.0221  0.890993
 0.0222  0.890105
 0.0223  0.889200
 0.0224  0.888253
 0.0225  0.887275
 0.0226  0.886223
 0.0227  0.885089
 0.0228  0.883701
 0.0229  0.882426
 0.0230  0.881683
 0.0231  0.880927
 0.0232  0.880202
 0.0233  0.879401
 0.0234  0.878548
 0.0235  0.877650
 0.0236  0.876733
 0.0237  0.875648
 0.0238  0.874332
 0.0239  0.873067
 0.0240  0.872289
 0.0241  0.871493
 0.0242  0.870723
 0.0243  0.869948
 0.0244  0.869152
 0.0245  0.868337
 0.0246  0.867498
 0.0247  0.866670
 0.0248  0.865616
 0.0249  0.864371
 0.0250  0.863513
 0.0251  0.862818
 0.0252  0.862133
 0.0253  0.861435
 0.0254  0.860672
 0.0255  0.859897
 0.0256  0.859175
 0.0257  0.858361
 0.0258  0.857502
 0.0259  0.856540
 0.0260  0.855412
 0.0261  0.854653
 0.0262  0.854083
 0.0263  0.853410
 0.0264  0.852717
 0.0265  0.852017
 0.0266  0.851277
 0.0267  0.850500
 0.0268  0.849729
 0.0269  0.848988
 0.0270  0.848114
 0.0271  0.846974
 0.0272  0.846106
 0.0273  0.845495
 0.0274  0.844877
 0.0275  0.844257
 0.0276  0.843656
 0.0277  0.843059
 0.0278  0.842371
 0.0279  0.841678
 0.0280  0.840946
 0.0281  0.840186
 0.0282  0.839359
 0.0283  0.838313
 0.0284  0.837608
 0.0285  0.837115
 0.0286  0.836522
 0.0287  0.835919
 0.0288  0.835310
 0.0289  0.834694
 0.0290  0.834079
 0.0291  0.833485
 0.0292  0.832814
 0.0293  0.832086
 0.0294  0.831323
 0.0295  0.830422
 0.0296  0.829487
 0.0297  0.828826
 0.0298  0.828272
 0.0299  0.827721
 0.0300  0.827166
 0.0301  0.826639
 0.0302  0.826064
 0.0303  0.825448
 0.0304  0.824830
 0.0305  0.824215
 0.0306  0.823622
 0.0307  0.822898
 0.0308  0.822084
 0.0309  0.821189
 0.0310  0.820559
 0.0311  0.820101
 0.0312  0.819575
 0.0313  0.819043
 0.0314  0.818507
 0.0315  0.817962
 0.0316  0.817412
 0.0317  0.816904
 0.0318  0.816297
 0.0319  0.815688
 0.0320  0.815050
 0.0321  0.814337
 0.0322  0.813375
 0.0323  0.812708
 0.0324  0.812189
 0.0325  0.811667
 0.0326  0.811140
 0.0327  0.810605
 0.0328  0.810068
 0.0329  0.809534
 0.0330  0.808998
 0.0331  0.808453
 0.0332  0.807921
 0.0333  0.807390
 0.0334  0.806793
 0.0335  0.806187
 0.0336  0.805311
 0.0337  0.804667
 0.0338  0.804206
 0.0339  0.803741
 0.0340  0.803252
 0.0341  0.802741
 0.0342  0.802233
 0.0343  0.801719
 0.0344  0.801187
 0.0345  0.800652
 0.0346  0.800116
 0.0347  0.799580
 0.0348  0.799073
 0.0349  0.798434
 0.0350  0.797775
 0.0351  0.797003
 0.0352  0.796478
 0.0353  0.795992
 0.0354  0.795503
 0.0355  0.795010
 0.0356  0.794516
 0.0357  0.794011
 0.0358  0.793507
 0.0359  0.793004
 0.0360  0.792493
 0.0361  0.791986
 0.0362  0.791481
 0.0363  0.791001
 0.0364  0.790488
 0.0365  0.789784
 0.0366  0.789169
 0.0367  0.788666
 0.0368  0.788205
 0.0369  0.787746
 0.0370  0.787281
 0.0371  0.786799
 0.0372  0.786318
 0.0373  0.785836
 0.0374  0.785331
 0.0375  0.784806
 0.0376  0.784289
 0.0377  0.783813
 0.0378  0.783427
 0.0379  0.782883
 0.0380  0.782264
 0.0381  0.781531
 0.0382  0.780989
 0.0383  0.780534
 0.0384  0.780076
 0.0385  0.779617
 0.0386  0.779160
 0.0387  0.778706
 0.0388  0.778246
 0.0389  0.777784
 0.0390  0.777333
 0.0391  0.776885
 0.0392  0.776496
 0.0393  0.776130
 0.0394  0.775633
 0.0395  0.775094
 0.0396  0.774500
 0.0397  0.773806
 0.0398  0.773289
 0.0399  0.772838
 0.0400  0.772390
