-0.0400  0.997306
-0.0399  0.998930
-0.0398  1.000507
-0.0397  1.002073
-0.0396  1.003824
-0.0395  1.006424
-0.0394  1.008656
-0.0393  1.010659
-0.0392  1.012589
-0.0391  1.014468
-0.0390  1.016266
-0.0389  1.018046
-0.0388  1.019773
-0.0387  1.022825
-0.0386  1.025372
-0.0385  1.027624
-0.0384  1.029717
-0.0383  1.031792
-0.0382  1.033813
-0.0381  1.035819
-0.0380  1.038289
-0.0379  1.041472
-0.0378  1.044322
-0.0377  1.046887
-0.0376  1.049404
-0.0375  1.051806
-0.0374  1.054152
-0.0373  1.056461
-0.0372  1.059934
-0.0371  1.063536
-0.0370  1.066545
-0.0369  1.069417
-0.0368  1.072179
-0.0367  1.074884
-0.0366  1.077548
-0.0365  1.081416
-0.0364  1.085548
-0.0363  1.089064
-0.0362  1.092414
-0.0361  1.095682
-0.0360  1.098937
-0.0359  1.102115
-0.0358  1.106941
-0.0357  1.111763
-0.0356  1.115860
-0.0355  1.119838
-0.0354  1.123739
-0.0353  1.127594
-0.0352  1.132668
-0.0351  1.138606
-0.0350  1.143773
-0.0349  1.148654
-0.0348  1.153471
-0.0347  1.158247
-0.0346  1.164301
-0.0345  1.171597
-0.0344  1.178089
-0.0343  1.184225
-0.0342  1.190317
-0.0341  1.196407
-0.0340  1.204909
-0.0339  1.214006
-0.0338  1.222074
-0.0337  1.230076
-0.0336  1.238107
-0.0335  1.248585
-0.0334  1.260472
-0.0333  1.271339
-0.0332  1.282330
-0.0331  1.293488
-0.0330  1.308895
-0.0329  1.325549
-0.0328  1.341315
-0.0327  1.357769
-0.0326  1.379084
-0.0325  1.403793
-0.0324  1.429155
-0.0323  1.456277
-0.0322  1.493960
-0.0321  1.539150
-0.0320  1.589937
-0.0319  1.662747
-0.0318  1.767118
-0.0317  1.927104
-0.0316  2.389974
-0.0315  1.973290
-0.0314  1.411604
-0.0313  1.331198
-0.0312  1.275178
-0.0311  1.233691
-0.0310  1.205146
-0.0309  1.181246
-0.0308  1.160705
-0.0307  1.146913
-0.0306  1.133455
-0.0305  1.119574
-0.0304  1.111660
-0.0303  1.098941
-0.0302  1.091367
-0.0301  1.084563
-0.0300  1.074574
-0.0299  1.068854
-0.0298  1.063975
-0.0297  1.056570
-0.0296  1.050299
-0.0295  1.046979
-0.0294  1.042749
-0.0293  1.035675
-0.0292  1.031761
-0.0291  1.029086
-0.0290  1.025850
-0.0289  1.021242
-0.0288  1.016148
-0.0287  1.014101
-0.0286  1.011740
-0.0285  1.008870
-0.0284  1.004595
-0.0283  1.001070
-0.0282  0.999468
-0.0281  0.997636
-0.0280  0.995402
-0.0279  0.992548
-0.0278  0.988449
-0.0277  0.987157
-0.0276  0.985671
-0.0275  0.984036
-0.0274  0.982075
-0.0273  0.979447
-0.0272  0.976321
-0.0271  0.975291
-0.0270  0.974094
-0.0269  0.972768
-0.0268  0.971210
-0.0267  0.969321
-0.0266  0.966510
-0.0265  0.965311
-0.0264  0.964392
-0.0263  0.963391
-0.0262  0.962251
-0.0261  0.960892
-0.0260  0.959174
-0.0259  0.956647
-0.0258  0.955851
-0.0257  0.955065
-0.0256  0.954202
-0.0255  0.953254
-0.0254  0.952143
-0.0253  0.950817
-0.0252  0.948574
-0.0251  0.947626
-0.0250  0.947054
-0.0249  0.946398
-0.0248  0.945643
-0.0247  0.944830
-0.0246  0.943892
-0.0245  0.942667
-0.0244  0.940756
-0.0243  0.940030
-0.0242  0.939516
-0.0241  0.938964
-0.0240  0.938334
-0.0239  0.937647
-0.0238  0.936856
-0.0237  0.935880
-0.0236  0.934200
-0.0235  0.933517
-0.0234  0.933131
-0.0233  0.932702
-0.0232  0.932222
-0.0231  0.931686
-0.0230  0.931079
-0.0229  0.930356
-0.0228  0.929434
-0.0227  0.927978
-0.0226  0.927459
-0.0225  0.927078
-0.0224  0.926676
-0.0223  0.926231
-0.0222  0.925735
-0.0221  0.925199
-0.0220  0.924702
-0.0219  0.923996
-0.0218  0.922720
-0.0217  0.922235
-0.0216  0.921902
-0.0215  0.921603
-0.0214  0.921272
-0.0213  0.920905
-0.0212  0.920490
-0.0211  0.920018
-0.0210  0.919433
-0.0209  0.918628
-0.0208  0.917612
-0.0207  0.917367
-0.0206  0.917096
-0.0205  0.916874
-0.0204  0.916640
-0.0203  0.916329
-0.0202  0.915970
-0.0201  0.915547
-0.0200  0.915026
-0.0199  0.914267
-0.0198  0.913491
-0.0197  0.913287
-0.0196  0.913062
-0.0195  0.912813
-0.0194  0.912556
-0.0193  0.912303
-0.0192  0.911984
-0.0191  0.911612
-0.0190  0.911229
-0.0189  0.910683
-0.0188  0.909867
-0.0187  0.909717
-0.0186  0.909561
-0.0185  0.909386
-0.0184  0.909190
-0.0183  0.908968
-0.0182  0.908712
-0.0181  0.908418
-0.0180  0.908067
-0.0179  0.907626
-0.0178  0.906809
-0.0177  0.906540
-0.0176  0.906385
-0.0175  0.906261
-0.0174  0.906162
-0.0173  0.906026
-0.0172  0.905849
-0.0171  0.905640
-0.0170  0.905392
-0.0169  0.905089
-0.0168  0.904667
-0.0167  0.903952
-0.0166  0.903854
-0.0165  0.903744
-0.0164  0.903618
-0.0163  0.903464
-0.0162  0.903284
-0.0161  0.903082
-0.0160  0.902869
-0.0159  0.902699
-0.0158  0.902484
-0.0157  0.902155
-0.0156  0.901523
-0.0155  0.901454
-0.0154  0.901370
-0.0153  0.901276
-0.0152  0.901167
-0.0151  0.901044
-0.0150  0.900904
-0.0149  0.900747
-0.0148  0.900559
-0.0147  0.900318
-0.0146  0.900009
-0.0145  0.899433
-0.0144  0.899369
-0.0143  0.899345
-0.0142  0.899289
-0.0141  0.899213
-0.0140  0.899159
-0.0139  0.899086
-0.0138  0.898973
-0.0137  0.898831
-0.0136  0.898652
-0.0135  0.898425
-0.0134  0.898074
-0.0133  0.897659
-0.0132  0.897562
-0.0131  0.897456
-0.0130  0.897420
-0.0129  0.897442
-0.0128  0.897439
-0.0127  0.897376
-0.0126  0.897289
-0.0125  0.897171
-0.0124  0.897019
-0.0123  0.896805
-0.0122  0.896349
-0.0121  0.896238
-0.0120  0.896193
-0.0119  0.896134
-0.0118  0.896067
-0.0117  0.895989
-0.0116  0.895902
-0.0115  0.895864
-0.0114  0.895851
-0.0113  0.895846
-0.0112  0.895754
-0.0111  0.895590
-0.0110  0.895194
-0.0109  0.895187
-0.0108  0.895176
-0.0107  0.895154
-0.0106  0.895109
-0.0105  0.895043
-0.0104  0.894959
-0.0103  0.894851
-0.0102  0.894731
-0.0101  0.894626
-0.0100  0.894586
-0.0099  0.894497
-0.0098  0.894195
-0.0097  0.894219
-0.0096  0.894228
-0.0095  0.894225
-0.0094  0.894212
-0.0093  0.894189
-0.0092  0.894155
-0.0091  0.894110
-0.0090  0.894050
-0.0089  0.893970
-0.0088  0.893862
-0.0087  0.893717
-0.0086  0.893448
-0.0085  0.893585
-0.0084  0.893670
-0.0083  0.893716
-0.0082  0.893744
-0.0081  0.893754
-0.0080  0.893741
-0.0079  0.893714
-0.0078  0.893673
-0.0077  0.893615
-0.0076  0.893529
-0.0075  0.893373
-0.0074  0.893039
-0.0073  0.893012
-0.0072  0.893016
-0.0071  0.893132
-0.0070  0.893249
-0.0069  0.893314
-0.0068  0.893360
-0.0067  0.893394
-0.0066  0.893401
-0.0065  0.893384
-0.0064  0.893337
-0.0063  0.893258
-0.0062  0.893083
-0.0061  0.892957
-0.0060  0.892967
-0.0059  0.893036
-0.0058  0.893064
-0.0057  0.893182
-0.0056  0.893318
-0.0055  0.893405
-0.0054  0.893456
-0.0053  0.893485
-0.0052  0.893490
-0.0051  0.893466
-0.0050  0.893385
-0.0049  0.893204
-0.0048  0.893232
-0.0047  0.893257
-0.0046  0.893262
-0.0045  0.893251
-0.0044  0.893270
-0.0043  0.893375
-0.0042  0.893520
-0.0041  0.893621
-0.0040  0.893678
-0.0039  0.893706
-0.0038  0.893692
-0.0037  0.893533
-0.0036  0.893564
-0.0035  0.893626
-0.0034  0.893682
-0.0033  0.893746
-0.0032  0.893837
-0.0031  0.893890
-0.0030  0.893931
-0.0029  0.894085
-0.0028  0.894262
-0.0027  0.894383
-0.0026  0.894458
-0.0025  0.894456
-0.0024  0.894366
-0.0023  0.894453
-0.0022  0.894527
-0.0021  0.894594
-0.0020  0.894653
-0.0019  0.894698
-0.0018  0.894713
-0.0017  0.894713
-0.0016  0.894743
-0.0015  0.894952
-0.0014  0.895143
-0.0013  0.895240
-0.0012  0.895243
-0.0011  0.895283
-0.0010  0.895404
-0.0009  0.895516
-0.0008  0.895620
-0.0007  0.895718
-0.0006  0.895820
-0.0005  0.895949
-0.0004  0.896035
-0.0003  0.896112
-0.0002  0.896303
-0.0001  0.896525
 0.0000  0.896673
 0.0001  0.896667
 0.0002  0.896832
 0.0003  0.896983
 0.0004  0.897115
 0.0005  0.897239
 0.0006  0.897354
 0.0007  0.897457
 0.0008  0.897550
 0.0009  0.897623
 0.0010  0.897685
 0.0011  0.897837
 0.0012  0.898065
 0.0013  0.898264
 0.0014  0.898354
 0.0015  0.898551
 0.0016  0.898731
 0.0017  0.898895
 0.0018  0.899051
 0.0019  0.899196
 0.0020  0.899331
 0.0021  0.899479
 0.0022  0.899652
 0.0023  0.899781
 0.0024  0.900053
 0.0025  0.900373
 0.0026  0.900592
 0.0027  0.900747
 0.0028  0.900984
 0.0029  0.901205
 0.0030  0.901412
 0.0031  0.901609
 0.0032  0.901794
 0.0033  0.901972
 0.0034  0.902147
 0.0035  0.902286
 0.0036  0.902409
 0.0037  0.902784
 0.0038  0.903137
 0.0039  0.903334
 0.0040  0.903505
 0.0041  0.903755
 0.0042  0.904012
 0.0043  0.904254
 0.0044  0.904481
 0.0045  0.904696
 0.0046  0.904904
 0.0047  0.905103
 0.0048  0.905290
 0.0049  0.905786
 0.0050  0.906261
 0.0051  0.906641
 0.0052  0.906876
 0.0053  0.907201
 0.0054  0.907532
 0.0055  0.907831
 0.0056  0.908115
 0.0057  0.908390
 0.0058  0.908649
 0.0059  0.908892
 0.0060  0.909127
 0.0061  0.909678
 0.0062  0.910221
 0.0063  0.910643
 0.0064  0.911003
 0.0065  0.911242
 0.0066  0.911592
 0.0067  0.911924
 0.0068  0.912244
 0.0069  0.912522
 0.0070  0.912833
 0.0071  0.913144
 0.0072  0.913653
 0.0073  0.914308
 0.0074  0.914943
 0.0075  0.915454
 0.0076  0.915952
 0.0077  0.916380
 0.0078  0.916691
 0.0079  0.917129
 0.0080  0.917553
 0.0081  0.917965
 0.0082  0.918356
 0.0083  0.918951
 0.0084  0.919707
 0.0085  0.920512
 0.0086  0.921128
 0.0087  0.921701
 0.0088  0.922227
 0.0089  0.922727
 0.0090  0.923190
 0.0091  0.923557
 0.0092  0.924050
 0.0093  0.924536
 0.0094  0.925487
 0.0095  0.926438
 0.0096  0.927247
 0.0097  0.927939
 0.0098  0.928583
 0.0099  0.929229
 0.0100  0.929852
 0.0101  0.930454
 0.0102  0.931028
 0.0103  0.931643
 0.0104  0.932719
 0.0105  0.933929
 0.0106  0.934980
 0.0107  0.935908
 0.0108  0.936785
 0.0109  0.937620
 0.0110  0.938428
 0.0111  0.939216
 0.0112  0.939995
 0.0113  0.941135
 0.0114  0.942440
 0.0115  0.943928
 0.0116  0.945073
 0.0117  0.946061
 0.0118  0.947117
 0.0119  0.948143
 0.0120  0.949140
 0.0121  0.950115
 0.0122  0.951781
 0.0123  0.953551
 0.0124  0.955258
 0.0125  0.956734
 0.0126  0.958107
 0.0127  0.959408
 0.0128  0.960714
 0.0129  0.961982
 0.0130  0.964010
 0.0131  0.966282
 0.0132  0.968736
 0.0133  0.970760
 0.0134  0.972662
 0.0135  0.974497
 0.0136  0.976282
 0.0137  0.978212
 0.0138  0.981660
 0.0139  0.985008
 0.0140  0.987835
 0.0141  0.990453
 0.0142  0.992987
 0.0143  0.995408
 0.0144  0.999828
 0.0145  1.004352
 0.0146  1.008802
 0.0147  1.012752
 0.0148  1.016589
 0.0149  1.021148
 0.0150  1.028415
 0.0151  1.035893
 0.0152  1.042445
 0.0153  1.048750
 0.0154  1.060657
 0.0155  1.073184
 0.0156  1.085931
 0.0157  1.107607
 0.0158  1.134154
 0.0159  1.214295
 0.0160  1.199699
 0.0161  1.167029
 0.0162  1.118688
 0.0163  1.095340
 0.0164  1.077054
 0.0165  1.063883
 0.0166  1.049847
 0.0167  1.042530
 0.0168  1.034015
 0.0169  1.024366
 0.0170  1.018142
 0.0171  1.013056
 0.0172  1.006666
 0.0173  1.000826
 0.0174  0.996104
 0.0175  0.992244
 0.0176  0.986609
 0.0177  0.982674
 0.0178  0.978919
 0.0179  0.975912
 0.0180  0.972151
 0.0181  0.967703
 0.0182  0.964284
 0.0183  0.961901
 0.0184  0.959388
 0.0185  0.956258
 0.0186  0.952495
 0.0187  0.949756
 0.0188  0.947866
 0.0189  0.945747
 0.0190  0.943377
 0.0191  0.939712
 0.0192  0.937607
 0.0193  0.935519
 0.0194  0.933752
 0.0195  0.931847
 0.0196  0.929603
 0.0197  0.926527
 0.0198  0.924654
 0.0199  0.922852
 0.0200  0.921324
 0.0201  0.919747
 0.0202  0.917950
 0.0203  0.915831
 0.0204  0.913440
 0.0205  0.911561
 0.0206  0.910240
 0.0207  0.908876
 0.0208  0.907381
 0.0209  0.905744
 0.0210  0.903826
 0.0211  0.901645
 0.0212  0.899990
 0.0213  0.898811
 0.0214  0.897597
 0.0215  0.896331
 0.0216  0.894973
 0.0217  0.893463
 0.0218  0.891524
 0.0219  0.889852
 0.0220  0.888521
 0.0221  0.887425
 0.0222  0.886258
 0.0223  0.885047
 0.0224  0.883791
 0.0225  0.882407
 0.0226  0.880683
 0.0227  0.879203
 0.0228  0.877938
 0.0229  0.876947
 0.0230  0.875925
 0.0231  0.874848
 0.0232  0.873701
 0.0233  0.872459
 0.0234  0.871122
 0.0235  0.869306
 0.0236  0.867925
 0.0237  0.867023
 0.0238  0.866141
 0.0239  0.865234
 0.0240  0.864249
 0.0241  0.863208
 0.0242  0.862083
 0.0243  0.860832
 0.0244  0.859204
 0.0245  0.858124
 0.0246  0.857167
 0.0247  0.856301
 0.0248  0.855390
 0.0249  0.854402
 0.0250  0.853470
 0.0251  0.852499
 0.0252  0.851442
 0.0253  0.850263
 0.0254  0.848854
 0.0255  0.847773
 0.0256  0.846977
 0.0257  0.846155
 0.0258  0.845317
 0.0259  0.844450
 0.0260  0.843552
 0.0261  0.842605
 0.0262  0.841582
 0.0263  0.840451
 0.0264  0.839101
 0.0265  0.838125
 0.0266  0.837378
 0.0267  0.836631
 0.0268  0.835871
 0.0269  0.835079
 0.0270  0.834238
 0.0271  0.833343
 0.0272  0.832436
 0.0273  0.831490
 0.0274  0.830432
 0.0275  0.829212
 0.0276  0.828214
 0.0277  0.827522
 0.0278  0.826816
 0.0279  0.826090
 0.0280  0.825347
 0.0281  0.824582
 0.0282  0.823794
 0.0283  0.822983
 0.0284  0.822108
 0.0285  0.821130
 0.0286  0.819910
 0.0287  0.818993
 0.0288  0.818279
 0.0289  0.817514
 0.0290  0.816819
 0.0291  0.816113
 0.0292  0.815405
 0.0293  0.814718
 0.0294  0.813990
 0.0295  0.813206
 0.0296  0.812366
 0.0297  0.811441
 0.0298  0.810346
 0.0299  0.809488
 0.0300  0.808803
 0.0301  0.808110
 0.0302  0.807417
 0.0303  0.806707
 0.0304  0.806032
 0.0305  0.805348
 0.0306  0.804633
 0.0307  0.803896
 0.0308  0.803112
 0.0309  0.802272
 0.0310  0.801181
 0.0311  0.800399
 0.0312  0.799709
 0.0313  0.799076
 0.0314  0.798427
 0.0315  0.797758
 0.0316  0.797056
 0.0317  0.796403
 0.0318  0.795730
 0.0319  0.795055
 0.0320  0.794408
 0.0321  0.793685
 0.0322  0.792892
 0.0323  0.791864
 0.0324  0.791072
 0.0325  0.790473
 0.0326  0.789862
 0.0327  0.789238
 0.0328  0.788585
 0.0329  0.787883
 0.0330  0.787214
 0.0331  0.786587
 0.0332  0.785941
 0.0333  0.785280
 0.0334  0.784584
 0.0335  0.783853
 0.0336  0.783019
 0.0337  0.782159
 0.0338  0.781469
 0.0339  0.780888
 0.0340  0.780299
 0.0341  0.779698
 0.0342  0.779070
 0.0343  0.778420
 0.0344  0.777818
 0.0345  0.777199
 0.0346  0.776577
 0.0347  0.775979
 0.0348  0.775343
 0.0349  0.774633
 0.0350  0.773829
 0.0351  0.773026
 0.0352  0.772377
 0.0353  0.771829
 0.0354  0.771260
 0.0355  0.770671
 0.0356  0.770026
 0.0357  0.769441
 0.0358  0.768831
 0.0359  0.768208
 0.0360  0.767615
 0.0361  0.766999
 0.0362  0.766369
 0.0363  0.765704
 0.0364  0.764986
 0.0365  0.764108
 0.0366  0.763423
 0.0367  0.762885
 0.0368  0.762333
 0.0369  0.761763
 0.0370  0.761186
 0.0371  0.760645
 0.0372  0.760094
 0.0373  0.759539
 0.0374  0.759040
 0.0375  0.758475
 0.0376  0.757901
 0.0377  0.757304
 0.0378  0.756675
 0.0379  0.755989
 0.0380  0.755121
 0.0381  0.754446
 0.0382  0.753908
 0.0383  0.753341
 0.0384  0.752827
 0.0385  0.752306
 0.0386  0.751748
 0.0387  0.751171
 0.0388  0.750610
 0.0389  0.750065
 0.0390  0.749513
 0.0391  0.748952
 0.0392  0.748364
 0.0393  0.747761
 0.0394  0.747126
 0.0395  0.746427
 0.0396  0.745629
 0.0397  0.744995
 0.0398  0.744498
 0.0399  0.744000
 0.0400  0.743505
