-0.400  0.000000
-0.399  0.000000
-0.398  0.000000
-0.397  0.000000
-0.396  0.000000
-0.395  0.000000
-0.394  0.000000
-0.393  0.000000
-0.392  0.000000
-0.391  0.000000
-0.390  0.000000
-0.389  0.000000
-0.388  0.000000
-0.387  0.000000
-0.386  0.000000
-0.385  0.000000
-0.384  0.000000
-0.383  0.000000
-0.382  0.000000
-0.381  0.000000
-0.380  0.000000
-0.379  0.000000
-0.378  0.000000
-0.377  0.000000
-0.376  0.000000
-0.375  0.000000
-0.374  0.000000
-0.373  0.000000
-0.372  0.000000
-0.371  0.000000
-0.370  0.000000
-0.369  0.000000
-0.368  0.000000
-0.367  0.000000
-0.366  0.000000
-0.365  0.000000
-0.364  0.000000
-0.363  0.000000
-0.362  0.000000
-0.361  0.000000
-0.360  0.000000
-0.359  0.000000
-0.358  0.000000
-0.357  0.000000
-0.356  0.000000
-0.355  0.000000
-0.354  0.000000
-0.353  0.000000
-0.352  0.000000
-0.351  0.000000
-0.350  0.000000
-0.349  0.000000
-0.348  0.000000
-0.347  0.000000
-0.346  0.000000
-0.345  0.000000
-0.344  0.000000
-0.343  0.000000
-0.342  0.000000
-0.341  0.000000
-0.340  0.000000
-0.339  0.000000
-0.338  0.000000
-0.337  0.000000
-0.336  0.000000
-0.335  0.000000
-0.334  0.000000
-0.333  0.000000
-0.332  0.000000
-0.331  0.000000
-0.330  0.000000
-0.329  0.000000
-0.328  0.000000
-0.327  0.000000
-0.326  0.000000
-0.325  0.000000
-0.324  0.000000
-0.323  0.000000
-0.322  0.000000
-0.321  0.000000
-0.320  0.000000
-0.319  0.000000
-0.318  0.000000
-0.317  0.000000
-0.316  0.000000
-0.315  0.000000
-0.314  0.000000
-0.313  0.000000
-0.312  0.000000
-0.311  0.000000
-0.310  0.000000
-0.309  0.000000
-0.308  0.000000
-0.307  0.000000
-0.306  0.000000
-0.305  0.000000
-0.304  0.000000
-0.303  0.000000
-0.302  0.000000
-0.301  0.000000
-0.300  0.000000
-0.299  0.000000
-0.298  0.000000
-0.297  0.000000
-0.296  0.000000
-0.295  0.000000
-0.294  0.000000
-0.293  0.000000
-0.292  0.000000
-0.291  0.000000
-0.290  0.000000
-0.289  0.000000
-0.288  0.000000
-0.287  0.000000
-0.286  0.000000
-0.285  0.000000
-0.284  0.000000
-0.283  0.000000
-0.282  0.000000
-0.281  0.000000
-0.280  0.000000
-0.279  1.136026
-0.278  1.025661
-0.277  0.954032
-0.276  0.913095
-0.275  0.880429
-0.274  0.854600
-0.273  0.834551
-0.272  0.819656
-0.271  0.808713
-0.270  0.800161
-0.269  0.796041
-0.268  0.790825
-0.267  0.786214
-0.266  0.786375
-0.265  0.783680
-0.264  0.785354
-0.263  0.784689
-0.262  0.787331
-0.261  0.790463
-0.260  0.792495
-0.259  0.796875
-0.258  0.802037
-0.257  0.807505
-0.256  0.812305
-0.255  0.818688
-0.254  0.997546
-0.253  1.017685
-0.252  1.039517
-0.251  1.062654
-0.250  1.087144
-0.249  1.113096
-0.248  1.139252
-0.247  1.165305
-0.246  1.190010
-0.245  1.213255
-0.244  1.234877
-0.243  1.254941
-0.242  1.273889
-0.241  1.291270
-0.240  1.307805
-0.239  1.325685
-0.238  1.343230
-0.237  1.360638
-0.236  1.380199
-0.235  1.399634
-0.234  1.421051
-0.233  1.443357
-0.232  1.917317
-0.231  1.843495
-0.230  1.836995
-0.229  1.851270
-0.228  1.874889
-0.227  1.905583
-0.226  1.942507
-0.225  1.985994
-0.224  2.031221
-0.223  2.081401
-0.222  2.136642
-0.221  2.197899
-0.220  2.262971
-0.219  2.334524
-0.218  2.412505
-0.217  2.499710
-0.216  2.595918
-0.215  2.935104
-0.214  3.064875
-0.213  3.212257
-0.212  3.394731
-0.211  3.633608
-0.210  3.970596
-0.209  4.548039
-0.208  7.215845
-0.207  4.565401
-0.206  4.018462
-0.205  3.704023
-0.204  3.487086
-0.203  3.319130
-0.202  3.186899
-0.201  3.077251
-0.200  2.985566
-0.199  2.365067
-0.198  2.337788
-0.197  2.314218
-0.196  2.295485
-0.195  2.279084
-0.194  2.265030
-0.193  2.253654
-0.192  2.245104
-0.191  2.237460
-0.190  2.231103
-0.189  2.226287
-0.188  2.222922
-0.187  2.219922
-0.186  2.217847
-0.185  2.218223
-0.184  2.218383
-0.183  2.218660
-0.182  2.220055
-0.181  2.221731
-0.180  2.223783
-0.179  2.226014
-0.178  2.228918
-0.177  2.231657
-0.176  2.234231
-0.175  2.236606
-0.174  2.239344
-0.173  2.241150
-0.172  2.244055
-0.171  2.245931
-0.170  2.247646
-0.169  2.249015
-0.168  2.249877
-0.167  2.251063
-0.166  2.251181
-0.165  2.251909
-0.164  2.251218
-0.163  2.251745
-0.162  2.251043
-0.161  2.251010
-0.160  2.249839
-0.159  2.248116
-0.158  2.246360
-0.157  2.244308
-0.156  2.243850
-0.155  2.242112
-0.154  2.150563
-0.153  1.964380
-0.152  1.972484
-0.151  1.980994
-0.150  1.988951
-0.149  1.997034
-0.148  2.005997
-0.147  2.015897
-0.146  2.026197
-0.145  2.037840
-0.144  2.050354
-0.143  2.064746
-0.142  2.080683
-0.141  2.098857
-0.140  2.119117
-0.139  2.144825
-0.138  2.176901
-0.137  2.221351
-0.136  2.292230
-0.135  2.452486
-0.134  2.417002
-0.133  2.219904
-0.132  2.121278
-0.131  2.055936
-0.130  1.955864
-0.129  1.938917
-0.128  1.924925
-0.127  1.914436
-0.126  1.906436
-0.125  1.942379
-0.124  1.955268
-0.123  1.964951
-0.122  1.976363
-0.121  1.989035
-0.120  2.003005
-0.119  2.018813
-0.118  2.036824
-0.117  2.056928
-0.116  2.080917
-0.115  2.110159
-0.114  2.147797
-0.113  2.203880
-0.112  2.341483
-0.111  2.283146
-0.110  2.217884
-0.109  2.190078
-0.108  2.173042
-0.107  2.163377
-0.106  2.158420
-0.105  2.157934
-0.104  2.158496
-0.103  2.161952
-0.102  2.166869
-0.101  2.174584
-0.100  2.184470
-0.099  2.196101
-0.098  2.210212
-0.097  2.226826
-0.096  2.246846
-0.095  2.269384
-0.094  2.294047
-0.093  2.324105
-0.092  2.125574
-0.091  2.213459
-0.090  2.317589
-0.089  2.447161
-0.088  2.617830
-0.087  2.865840
-0.086  4.146457
-0.085  3.492568
-0.084  3.698715
-0.083  5.021632
-0.082  3.812889
-0.081  2.855216
-0.080  2.644816
-0.079  2.534263
-0.078  2.562143
-0.077  2.362909
-0.076  0.735561
-0.075  0.738924
-0.074  0.742377
-0.073  0.745749
-0.072  0.749286
-0.071  0.752919
-0.070  0.756510
-0.069  0.760122
-0.068  0.763901
-0.067  0.767799
-0.066  0.771535
-0.065  0.775525
-0.064  0.779613
-0.063  0.783644
-0.062  0.787852
-0.061  0.792123
-0.060  0.796345
-0.059  0.800938
-0.058  0.805379
-0.057  0.809952
-0.056  0.814885
-0.055  0.819520
-0.054  0.824444
-0.053  0.829747
-0.052  0.834927
-0.051  0.840234
-0.050  0.845724
-0.049  0.851575
-0.048  0.857314
-0.047  0.863188
-0.046  0.869601
-0.045  0.876207
-0.044  0.882692
-0.043  0.889751
-0.042  0.896771
-0.041  0.904510
-0.040  0.912425
-0.039  0.920447
-0.038  0.929319
-0.037  0.938293
-0.036  0.947509
-0.035  0.957867
-0.034  0.968738
-0.033  0.980315
-0.032  0.992607
-0.031  1.005713
-0.030  1.020306
-0.029  1.036009
-0.028  1.053164
-0.027  1.072291
-0.026  1.093942
-0.025  1.119508
-0.024  1.148026
-0.023  1.181576
-0.022  1.225696
-0.021  1.279492
-0.020  1.358484
-0.019  1.490737
-0.018  1.893080
-0.017  1.691193
-0.016  1.216899
-0.015  1.156074
-0.014  1.122201
-0.013  1.098964
-0.012  1.082831
-0.011  1.070508
-0.010  1.062449
-0.009  1.056441
-0.008  1.054255
-0.007  1.054148
-0.006  1.056861
-0.005  1.063000
-0.004  1.073857
-0.003  1.091874
-0.002  1.131900
-0.001  1.224032
 0.000  1.125565
 0.001  1.069934
 0.002  1.037990
 0.003  1.013486
 0.004  0.993388
 0.005  0.975613
 0.006  0.960387
 0.007  0.946758
 0.008  0.934628
 0.009  0.923016
 0.010  0.912413
 0.011  0.902357
 0.012  0.892706
 0.013  0.883743
 0.014  0.875038
 0.015  0.866798
 0.016  0.858956
 0.017  0.851110
 0.018  0.843854
 0.019  0.837033
 0.020  0.829906
 0.021  0.823088
 0.022  0.816967
 0.023  0.810418
 0.024  0.804559
 0.025  0.798360
 0.026  0.792671
 0.027  0.787076
 0.028  0.781167
 0.029  0.775970
 0.030  0.770500
 0.031  0.765536
 0.032  0.760197
 0.033  0.755257
 0.034  0.750310
 0.035  0.745681
 0.036  0.740562
 0.037  0.736205
 0.038  0.731482
 0.039  0.726991
 0.040  0.722436
 0.041  0.718289
 0.042  0.713712
 0.043  0.709747
 0.044  0.705222
 0.045  0.701446
 0.046  0.697407
 0.047  0.693322
 0.048  0.689567
 0.049  0.685600
 0.050  0.681896
 0.051  0.678093
 0.052  0.674561
 0.053  0.670803
 0.054  0.667422
 0.055  0.664014
 0.056  0.660585
 0.057  0.657355
 0.058  0.654034
 0.059  0.650940
 0.060  0.647911
 0.061  0.644997
 0.062  0.642061
 0.063  0.639296
 0.064  0.636715
 0.065  0.634057
 0.066  0.631819
 0.067  0.629549
 0.068  0.627281
 0.069  0.625531
 0.070  0.623712
 0.071  0.622123
 0.072  0.621076
 0.073  0.619756
 0.074  0.619053
 0.075  0.618851
 0.076  0.618685
 0.077  0.619077
 0.078  0.620096
 0.079  0.621766
 0.080  0.624051
 0.081  0.627247
 0.082  0.631548
 0.083  0.637314
 0.084  0.645240
 0.085  1.086451
 0.086  1.116776
 0.087  1.168826
 0.088  1.220560
 0.089  1.292938
 0.090  1.396165
 0.091  1.542384
 0.092  2.046509
 0.093  1.632735
 0.094  1.408977
 0.095  1.284849
 0.096  1.197916
 0.097  1.133350
 0.098  1.078658
 0.099  0.942728
 0.100  0.910673
 0.101  0.883287
 0.102  0.858398
 0.103  0.837837
 0.104  0.817859
 0.105  0.555628
 0.106  0.552086
 0.107  0.549936
 0.108  0.548359
 0.109  0.547908
 0.110  0.548649
 0.111  0.551528
 0.112  0.556401
 0.113  0.564962
 0.114  0.581204
 0.115  0.619271
 0.116  0.653861
 0.117  0.564030
 0.118  0.517420
 0.119  0.500117
 0.120  0.453996
 0.121  0.428898
 0.122  0.426896
 0.123  0.410127
 0.124  0.390126
 0.125  0.370908
 0.126  1.356644
 0.127  5.053649
 0.128  2.098086
 0.129  1.441407
 0.130  1.245287
 0.131  1.142672
 0.132  1.082750
 0.133  1.046425
 0.134  1.024350
 0.135  1.015808
 0.136  1.017612
 0.137  1.030368
 0.138  1.056730
 0.139  1.140620
 0.140  1.152600
 0.141  1.067108
 0.142  1.028864
 0.143  1.003627
 0.144  0.985164
 0.145  1.246991
 0.146  1.377997
 0.147  1.366730
 0.148  1.353355
 0.149  1.344555
 0.150  1.337114
 0.151  1.334233
 0.152  1.328134
 0.153  1.327505
 0.154  1.324331
 0.155  1.326297
 0.156  1.323430
 0.157  1.323075
 0.158  1.324034
 0.159  1.323906
 0.160  1.324264
 0.161  1.326004
 0.162  1.329438
 0.163  1.334698
 0.164  1.344762
 0.165  1.358985
 0.166  1.380951
 0.167  1.423188
 0.168  1.528796
 0.169  1.488968
 0.170  1.370435
 0.171  1.310583
 0.172  1.265404
 0.173  1.229314
 0.174  1.201147
 0.175  1.173519
 0.176  1.148064
 0.177  1.127663
 0.178  1.106992
 0.179  1.088600
 0.180  1.070270
 0.181  1.051548
 0.182  1.036498
 0.183  1.020404
 0.184  1.005997
 0.185  0.992708
 0.186  0.977071
 0.187  0.964401
 0.188  0.951524
 0.189  0.937046
 0.190  0.924526
 0.191  0.914193
 0.192  0.901342
 0.193  0.889307
 0.194  0.880226
 0.195  0.867293
 0.196  0.856365
 0.197  0.845342
 0.198  0.833953
 0.199  0.823202
 0.200  0.814045
 0.201  0.925419
 0.202  0.914676
 0.203  0.915203
 0.204  0.907545
 0.205  0.905862
 0.206  0.903130
 0.207  0.895872
 0.208  0.895421
 0.209  0.888526
 0.210  0.885039
 0.211  0.884824
 0.212  0.879870
 0.213  0.814240
 0.214  0.812711
 0.215  0.819253
 0.216  0.669060
 0.217  0.678537
 0.218  0.690753
 0.219  0.704787
 0.220  0.714929
 0.221  0.731069
 0.222  0.743682
 0.223  0.760004
 0.224  0.779246
 0.225  0.802816
 0.226  0.838247
 0.227  0.886311
 0.228  0.958005
 0.229  0.873477
 0.230  0.842586
 0.231  0.829270
 0.232  0.813270
 0.233  0.803463
 0.234  0.802528
 0.235  0.791443
 0.236  0.789344
 0.237  0.786172
 0.238  0.782182
 0.239  0.782017
 0.240  0.782413
 0.241  0.790158
 0.242  0.787498
 0.243  0.798575
 0.244  0.802319
 0.245  0.824063
 0.246  0.861408
 0.247  0.933081
 0.248  1.434146
 0.249  0.621529
 0.250  0.570634
 0.251  0.549560
 0.252  0.539617
 0.253  0.538290
 0.254  0.535780
 0.255  0.535047
 0.256  0.535951
 0.257  0.540629
 0.258  0.545537
 0.259  0.549333
 0.260  0.556998
 0.261  0.565716
 0.262  0.576908
 0.263  0.589368
 0.264  0.597165
 0.265  0.610654
 0.266  0.629137
 0.267  0.642489
 0.268  0.663545
 0.269  0.929369
 0.270  0.981118
 0.271  1.139597
 0.272  1.647507
 0.273  1.129746
 0.274  1.030315
 0.275  0.974708
 0.276  0.938081
 0.277  0.910011
 0.278  0.888901
 0.279  0.871278
 0.280  0.856451
 0.281  0.843919
 0.282  0.832611
 0.283  0.822994
 0.284  0.814039
 0.285  0.806294
 0.286  0.798795
 0.287  0.791898
 0.288  0.786011
 0.289  0.779674
 0.290  0.774605
 0.291  0.769492
 0.292  0.764291
 0.293  0.760034
 0.294  0.755145
 0.295  0.751319
 0.296  0.746951
 0.297  0.743305
 0.298  0.739506
 0.299  0.735746
 0.300  0.732473
 0.301  0.728817
 0.302  0.725744
 0.303  0.722571
 0.304  0.719213
 0.305  0.716555
 0.306  0.713263
 0.307  0.710755
 0.308  0.707578
 0.309  0.705066
 0.310  0.702433
 0.311  0.699650
 0.312  0.697344
 0.313  0.694526
 0.314  0.692247
 0.315  0.689632
 0.316  0.687223
 0.317  0.685059
 0.318  0.682647
 0.319  0.680558
 0.320  0.678097
 0.321  0.676094
 0.322  0.673700
 0.323  0.671569
 0.324  0.669739
 0.325  0.667352
 0.326  0.665576
 0.327  0.663334
 0.328  0.661307
 0.329  0.659275
 0.330  0.657419
 0.331  0.655377
 0.332  0.653627
 0.333  0.651765
 0.334  0.649820
 0.335  0.647935
 0.336  0.646151
 0.337  0.644289
 0.338  0.642512
 0.339  0.640855
 0.340  0.638957
 0.341  0.637410
 0.342  0.635534
 0.343  0.633966
 0.344  0.632087
 0.345  0.630560
 0.346  0.628816
 0.347  0.627247
 0.348  0.625671
 0.349  0.623879
 0.350  0.622510
 0.351  0.620442
 0.352  0.619364
 0.353  0.617435
 0.354  0.616293
 0.355  0.614592
 0.356  0.613180
 0.357  0.611548
 0.358  0.610240
 0.359  0.608659
 0.360  0.606944
 0.361  0.605840
 0.362  0.603946
 0.363  0.602892
 0.364  0.601016
 0.365  0.600331
 0.366  0.598253
 0.367  0.597236
 0.368  0.595625
 0.369  0.594590
 0.370  0.592723
 0.371  0.591893
 0.372  0.590259
 0.373  0.588764
 0.374  0.588109
 0.375  0.586084
 0.376  0.585078
 0.377  0.583343
 0.378  0.582417
 0.379  0.572063
 0.380  0.571637
 0.381  0.571282
 0.382  0.570978
 0.383  0.570894
 0.384  0.570512
 0.385  0.570664
 0.386  0.570168
 0.387  0.570618
 0.388  0.570515
 0.389  0.571083
 0.390  0.572132
 0.391  0.573240
 0.392  0.574748
 0.393  0.587329
 0.394  0.584997
 0.395  0.573551
 0.396  0.569236
 0.397  0.565085
 0.398  0.561610
 0.399  0.559457
 0.400  0.556584
 0.401  0.553846
 0.402  0.551895
 0.403  0.549362
 0.404  0.547341
 0.405  0.544996
 0.406  0.543410
 0.407  0.540949
 0.408  0.538499
 0.409  0.536944
 0.410  0.534566
 0.411  0.532674
 0.412  0.541846
 0.413  0.541543
 0.414  0.540681
 0.415  0.538833
 0.416  0.539083
 0.417  0.536768
 0.418  0.536150
 0.419  0.535670
 0.420  0.534233
 0.421  0.533098
 0.422  0.531859
 0.423  0.531425
 0.424  0.529676
 0.425  0.529052
 0.426  0.528685
 0.427  0.526311
 0.428  0.526305
 0.429  0.525197
 0.430  0.524251
 0.431  0.523049
 0.432  0.522173
 0.433  0.521604
 0.434  0.519669
 0.435  0.519445
 0.436  0.519195
 0.437  0.516749
 0.438  0.516593
 0.439  0.515635
 0.440  0.513984
 0.441  0.513633
 0.442  0.512874
 0.443  0.511614
 0.444  0.510712
 0.445  0.510131
 0.446  0.509509
 0.447  0.508248
 0.448  0.507399
 0.449  0.505538
 0.450  0.506569
 0.451  0.504486
 0.452  0.502344
 0.453  0.504447
 0.454  0.501856
 0.455  0.499921
 0.456  0.501469
 0.457  0.499274
 0.458  0.497852
 0.459  0.498144
 0.460  0.496837
 0.461  0.496151
 0.462  0.494965
 0.463  0.493418
 0.464  0.493915
 0.465  0.492453
 0.466  0.492288
 0.467  0.490119
 0.468  0.490120
 0.469  0.490980
 0.470  0.487124
 0.471  0.487872
 0.472  0.486836
 0.473  0.486145
 0.474  0.485772
 0.475  0.484214
 0.476  0.485061
 0.477  0.482692
 0.478  0.481910
 0.479  0.480421
 0.480  0.480868
 0.481  0.479486
 0.482  0.478997
 0.483  0.478310
 0.484  0.477227
 0.485  0.477964
 0.486  0.475848
 0.487  0.475092
 0.488  0.474445
 0.489  0.473273
 0.490  0.474533
 0.491  0.471613
 0.492  0.473177
 0.493  0.468193
 0.494  0.470999
 0.495  0.467912
 0.496  0.468139
 0.497  0.470015
 0.498  0.465364
 0.499  0.468733
 0.500  0.464265
 0.501  0.464818
 0.502  0.464937
 0.503  0.464098
 0.504  0.460683
 0.505  0.462382
 0.506  0.461766
 0.507  0.464291
 0.508  0.456136
 0.509  0.458401
 0.510  0.454905
 0.511  0.457224
 0.512  0.453924
 0.513  0.454274
 0.514  0.454567
 0.515  0.451252
 0.516  0.454567
 0.517  0.449844
 0.518  0.445683
 0.519  0.445219
 0.520  0.381808
 0.521  0.382561
 0.522  0.386490
 0.523  0.396297
 0.524  0.393348
 0.525  0.395446
 0.526  0.398517
 0.527  0.401910
 0.528  0.405951
 0.529  0.410666
 0.530  0.416148
 0.531  0.422819
 0.532  0.428919
 0.533  0.436083
 0.534  0.446852
 0.535  0.461012
 0.536  0.511256
 0.537  0.486364
 0.538  0.470817
 0.539  0.462794
 0.540  0.457643
 0.541  0.454100
 0.542  0.451126
 0.543  0.448761
 0.544  0.446780
 0.545  0.444972
 0.546  0.443608
 0.547  0.442203
 0.548  0.440717
 0.549  0.439616
 0.550  0.438673
 0.551  0.437613
 0.552  0.436466
 0.553  0.435507
 0.554  0.434647
 0.555  0.433868
 0.556  0.433057
 0.557  0.432143
 0.558  0.431210
 0.559  0.430376
 0.560  0.429639
 0.561  0.428945
 0.562  0.428562
 0.563  0.428018
 0.564  0.426883
 0.565  0.425895
 0.566  0.425962
 0.567  0.424469
 0.568  0.424148
 0.569  0.423633
 0.570  0.421957
 0.571  0.422348
 0.572  0.327180
 0.573  0.231171
 0.574  0.231060
 0.575  0.230960
 0.576  0.230843
 0.577  0.230737
 0.578  0.230661
 0.579  0.230552
 0.580  0.230451
 0.581  0.230363
 0.582  0.230290
 0.583  0.230194
 0.584  0.230107
 0.585  0.230041
 0.586  0.229962
 0.587  0.229877
 0.588  0.229804
 0.589  0.229752
 0.590  0.229669
 0.591  0.229596
 0.592  0.229541
 0.593  0.229480
 0.594  0.229407
 0.595  0.229346
 0.596  0.229307
 0.597  0.229235
 0.598  0.229172
 0.599  0.229129
 0.600  0.229078
 0.601  0.229015
 0.602  0.228964
 0.603  0.228936
 0.604  0.228872
 0.605  0.228818
 0.606  0.228786
 0.607  0.228742
 0.608  0.228687
 0.609  0.228645
 0.610  0.228624
 0.611  0.228568
 0.612  0.228522
 0.613  0.228508
 0.614  0.228460
 0.615  0.228413
 0.616  0.228381
 0.617  0.228363
 0.618  0.228314
 0.619  0.228277
 0.620  0.228276
 0.621  0.228226
 0.622  0.228187
 0.623  0.228167
 0.624  0.228148
 0.625  0.228107
 0.626  0.228080
 0.627  0.228079
 0.628  0.228036
 0.629  0.228005
 0.630  0.228018
 0.631  0.227975
 0.632  0.227942
 0.633  0.227928
 0.634  0.227922
 0.635  0.227887
 0.636  0.227867
 0.637  0.227878
 0.638  0.227842
 0.639  0.227818
 0.640  0.227841
 0.641  0.227804
 0.642  0.227779
 0.643  0.227774
 0.644  0.227775
 0.645  0.227747
 0.646  0.227737
 0.647  0.227753
 0.648  0.227725
 0.649  0.227710
 0.650  0.227739
 0.651  0.227710
 0.652  0.227693
 0.653  0.227708
 0.654  0.227702
 0.655  0.227684
 0.656  0.227688
 0.657  0.227702
 0.658  0.227682
 0.659  0.227681
 0.660  0.227709
 0.661  0.227688
 0.662  0.227685
 0.663  0.227723
 0.664  0.227702
 0.665  0.227696
 0.666  0.227743
 0.667  0.227722
 0.668  0.227715
 0.669  0.227742
 0.670  0.227750
 0.671  0.227742
 0.672  0.227761
 0.673  0.227784
 0.674  0.227776
 0.675  0.227792
 0.676  0.227825
 0.677  0.227817
 0.678  0.227830
 0.679  0.227873
 0.680  0.227865
 0.681  0.227877
 0.682  0.227928
 0.683  0.227920
 0.684  0.227932
 0.685  0.227989
 0.686  0.227982
 0.687  0.227994
 0.688  0.228056
 0.689  0.228050
 0.690  0.228063
 0.691  0.228131
 0.692  0.228126
 0.693  0.228140
 0.694  0.228212
 0.695  0.228208
 0.696  0.228224
 0.697  0.228299
 0.698  0.228297
 0.699  0.228315
 0.700  0.228393
 0.701  0.228393
 0.702  0.228413
 0.703  0.228494
 0.704  0.228496
 0.705  0.228519
 0.706  0.228601
 0.707  0.228606
 0.708  0.228633
 0.709  0.228715
 0.710  0.228723
 0.711  0.228755
 0.712  0.228836
 0.713  0.228847
 0.714  0.228885
 0.715  0.228965
 0.716  0.228979
 0.717  0.229024
 0.718  0.229100
 0.719  0.229119
 0.720  0.229173
 0.721  0.229243
 0.722  0.229267
 0.723  0.229335
 0.724  0.229393
 0.725  0.229424
 0.726  0.229522
 0.727  0.229551
 0.728  0.229590
 0.729  0.229699
 0.730  0.229718
 0.731  0.229766
 0.732  0.229868
 0.733  0.229893
 0.734  0.229955
 0.735  0.230045
 0.736  0.230079
 0.737  0.230162
 0.738  0.230231
 0.739  0.230275
 0.740  0.230402
 0.741  0.230426
 0.742  0.230483
 0.743  0.230598
 0.744  0.230633
 0.745  0.230709
 0.746  0.230805
 0.747  0.230850
 0.748  0.230975
 0.749  0.231022
 0.750  0.231083
 0.751  0.231211
 0.752  0.231250
 0.753  0.231334
 0.754  0.231440
 0.755  0.231493
 0.756  0.231645
 0.757  0.231681
 0.758  0.231754
 0.759  0.231886
 0.760  0.231935
 0.761  0.232045
 0.762  0.232139
 0.763  0.232208
 0.764  0.232359
 0.765  0.232408
 0.766  0.232509
 0.767  0.232626
 0.768  0.232695
 0.769  0.232859
 0.770  0.232910
 0.771  0.233011
 0.772  0.233141
 0.773  0.233213
 0.774  0.233387
 0.775  0.233441
 0.776  0.233550
 0.777  0.233685
 0.778  0.233764
 0.779  0.233942
 0.780  0.234003
 0.781  0.234129
 0.782  0.234258
 0.783  0.234350
 0.784  0.234526
 0.785  0.234599
 0.786  0.234767
 0.787  0.234864
 0.788  0.234977
 0.789  0.235142
 0.790  0.235231
 0.791  0.235431
 0.792  0.235505
 0.793  0.235660
 0.794  0.235792
 0.795  0.235910
 0.796  0.236091
 0.797  0.236188
 0.798  0.236401
 0.799  0.236483
 0.800  0.236668
 0.801  0.236791
 0.802  0.236930
 0.803  0.237109
 0.804  0.237226
 0.805  0.237437
 0.806  0.237540
 0.807  0.237775
 0.808  0.237866
 0.809  0.238082
 0.810  0.238202
 0.811  0.238370
 0.812  0.238549
 0.813  0.238696
 0.814  0.238905
 0.815  0.239037
 0.816  0.239269
 0.817  0.239391
 0.818  0.239641
 0.819  0.239756
 0.820  0.240022
 0.821  0.240131
 0.822  0.240410
 0.823  0.240515
 0.824  0.240784
 0.825  0.240908
 0.826  0.241147
 0.827  0.241309
 0.828  0.241535
 0.829  0.241718
 0.830  0.241942
 0.831  0.242136
 0.832  0.242363
 0.833  0.242563
 0.834  0.242797
 0.835  0.242998
 0.836  0.243249
 0.837  0.243442
 0.838  0.243727
 0.839  0.243896
 0.840  0.244231
 0.841  0.244359
 0.842  0.244693
 0.843  0.244834
 0.844  0.245164
 0.845  0.245321
 0.846  0.245644
 0.847  0.245823
 0.848  0.246134
 0.849  0.246345
 0.850  0.246636
 0.851  0.246897
 0.852  0.247151
 0.853  0.247530
 0.854  0.247683
 0.855  0.248047
 0.856  0.248237
 0.857  0.248579
 0.858  0.248827
 0.859  0.249128
 0.860  0.249534
 0.861  0.249701
 0.862  0.250084
 0.863  0.250310
 0.864  0.250654
 0.865  0.251020
 0.866  0.251254
 0.867  0.251659
 0.868  0.251903
 0.869  0.252258
 0.870  0.252703
 0.871  0.252900
 0.872  0.253305
 0.873  0.253635
 0.874  0.253949
 0.875  0.254386
 0.876  0.254675
 0.877  0.255039
 0.878  0.255500
 0.879  0.255780
 0.880  0.256166
 0.881  0.256640
 0.882  0.256941
 0.883  0.257330
 0.884  0.257810
 0.885  0.258175
 0.886  0.258536
 0.887  0.259011
 0.888  0.259542
 0.889  0.259805
 0.890  0.260255
 0.891  0.260772
 0.892  0.261253
 0.893  0.261573
 0.894  0.262055
 0.895  0.262592
 0.896  0.263167
 0.897  0.263454
 0.898  0.263935
 0.899  0.264474
 0.900  0.265046
 0.901  0.265635
 0.902  0.265954
 0.903  0.266457
 0.904  0.267007
 0.905  0.267586
 0.906  0.268187
 0.907  0.268804
 0.908  0.269363
 0.909  0.269791
 0.910  0.270332
 0.911  0.270906
 0.912  0.271500
 0.913  0.272109
 0.914  0.272728
 0.915  0.273355
 0.916  0.273988
 0.917  0.274629
 0.918  0.275276
 0.919  0.275931
 0.920  0.276602
 0.921  0.277296
 0.922  0.278044
 0.923  0.279023
 0.924  0.279632
 0.925  0.280253
 0.926  0.280908
 0.927  0.281640
 0.928  0.282787
 0.929  0.283340
 0.930  0.283986
 0.931  0.285013
 0.932  0.285737
 0.933  0.286456
 0.934  0.287507
 0.935  0.288178
 0.936  0.289182
 0.937  0.290493
 0.938  0.290850
 0.939  0.291851
 0.940  0.292917
 0.941  0.293935
 0.942  0.294850
 0.943  0.295676
 0.944  0.297010
 0.945  0.297764
 0.946  0.299121
 0.947  0.299913
 0.948  0.301996
 0.949  0.301589
 0.950  0.303128
 0.951  0.000000
 0.952  0.000000
 0.953  0.000000
 0.954  0.000000
 0.955  0.000000
 0.956  0.000000
 0.957  0.000000
 0.958  0.000000
 0.959  0.000000
 0.960  0.000000
 0.961  0.000000
 0.962  0.000000
 0.963  0.000000
 0.964  0.000000
 0.965  0.000000
 0.966  0.000000
 0.967  0.000000
 0.968  0.000000
 0.969  0.000000
 0.970  0.000000
 0.971  0.000000
 0.972  0.000000
 0.973  0.000000
 0.974  0.000000
 0.975  0.000000
 0.976  0.000000
 0.977  0.000000
 0.978  0.000000
 0.979  0.000000
 0.980  0.000000
 0.981  0.000000
 0.982  0.000000
 0.983  0.000000
 0.984  0.000000
 0.985  0.000000
 0.986  0.000000
 0.987  0.000000
 0.988  0.000000
 0.989  0.000000
 0.990  0.000000
 0.991  0.000000
 0.992  0.000000
 0.993  0.000000
 0.994  0.000000
 0.995  0.000000
 0.996  0.000000
 0.997  0.000000
 0.998  0.000000
 0.999  0.000000
 1.000  0.000000
