 0.00  0.011445  0.000013
 0.04  0.013860  0.000023
 0.08  0.016106  0.000036
 0.12  0.018069  0.000054
 0.16  0.019692  0.000076
 0.20  0.020974  0.000102
 0.24  0.021953  0.000129
 0.28  0.022688  0.000157
 0.32  0.023238  0.000182
 0.36  0.023655  0.000204
 0.40  0.023981  0.000221
 0.44  0.024248  0.000236
 0.48  0.024486  0.000248
 0.52  0.024716  0.000261
 0.56  0.024954  0.000277
 0.60  0.025208  0.000296
 0.64  0.025472  0.000317
 0.68  0.025734  0.000339
 0.72  0.025982  0.000360
 0.76  0.026210  0.000378
 0.80  0.026421  0.000395
 0.84  0.026626  0.000413
 0.88  0.026839  0.000433
 0.92  0.027071  0.000457
 0.96  0.027323  0.000484
 1.00  0.027587  0.000514
 1.04  0.027849  0.000543
 1.08  0.028096  0.000569
 1.12  0.028323  0.000593
 1.16  0.028533  0.000615
 1.20  0.028742  0.000639
 1.24  0.028965  0.000668
 1.28  0.029210  0.000702
 1.32  0.029477  0.000740
 1.36  0.029751  0.000779
 1.40  0.030016  0.000816
 1.44  0.030260  0.000849
 1.48  0.030484  0.000878
 1.52  0.030698  0.000907
 1.56  0.030918  0.000941
 1.60  0.031159  0.000982
 1.64  0.031425  0.001031
 1.68  0.031710  0.001085
 1.72  0.031997  0.001139
 1.76  0.032268  0.001187
 1.80  0.032512  0.001230
 1.84  0.032736  0.001272
 1.88  0.032955  0.001323
 1.92  0.033191  0.001400
 1.96  0.033457  0.001531
 2.00  0.033755  0.001765
 2.04  0.034072  0.002191
 2.08  0.034393  0.002963
 2.12  0.034706  0.004322
 2.16  0.035016  0.006588
 2.20  0.035344  0.010128
 2.24  0.035718  0.015268
 2.28  0.036164  0.022173
 2.32  0.036690  0.030742
 2.36  0.037280  0.040563
 2.40  0.037897  0.050968
 2.44  0.038499  0.061192
 2.48  0.039052  0.070558
 2.52  0.039547  0.078618
 2.56  0.039995  0.085180
 2.60  0.040417  0.090240
 2.64  0.040831  0.093900
 2.68  0.041246  0.096333
 2.72  0.041656  0.097811
 2.76  0.042050  0.098721
 2.80  0.042423  0.099512
 2.84  0.042775  0.100541
 2.88  0.043119  0.101934
 2.92  0.043470  0.103554
 2.96  0.043842  0.105114
 3.00  0.044238  0.106358
 3.04  0.044649  0.107179
 3.08  0.045058  0.107626
 3.12  0.045448  0.107828
 3.16  0.045810  0.107958
 3.20  0.046154  0.108242
 3.24  0.046505  0.108963
 3.28  0.046896  0.110363
 3.32  0.047341  0.112452
 3.36  0.047830  0.114851
 3.40  0.048324  0.116855
 3.44  0.048774  0.117764
 3.48  0.049155  0.117315
 3.52  0.049475  0.115948
 3.56  0.049785  0.114679
 3.60  0.050140  0.114594
 3.64  0.050578  0.116247
 3.68  0.051091  0.119320
 3.72  0.051632  0.122762
 3.76  0.052135  0.125341
 3.80  0.052556  0.126293
 3.84  0.052892  0.125693
 3.88  0.053186  0.124357
 3.92  0.053502  0.123360
 3.96  0.053891  0.123483
 4.00  0.054369  0.124886
 4.04  0.054912  0.127154
 4.08  0.055472  0.129613
 4.12  0.056002  0.131701
 4.16  0.056474  0.133175
 4.20  0.056891  0.134108
 4.24  0.057280  0.134731
 4.28  0.057673  0.135279
 4.32  0.058096  0.135910
 4.36  0.058553  0.136713
 4.40  0.059033  0.137741
 4.44  0.059514  0.139018
 4.48  0.059974  0.140520
 4.52  0.060407  0.142168
 4.56  0.060822  0.143849
 4.60  0.061238  0.145477
 4.64  0.061676  0.147011
 4.68  0.062141  0.148442
 4.72  0.062619  0.149743
 4.76  0.063085  0.150866
 4.80  0.063514  0.151800
 4.84  0.063904  0.152653
 4.88  0.064276  0.153667
 4.92  0.064666  0.155103
 4.96  0.065103  0.157056
 5.00  0.065590  0.159335
 5.04  0.066097  0.161519
 5.08  0.066587  0.163203
 5.12  0.067027  0.164252
 5.16  0.067417  0.164897
 5.20  0.067782  0.165590
 5.24  0.068157  0.166712
 5.28  0.068571  0.168349
 5.32  0.069027  0.170281
 5.36  0.069509  0.172185
 5.40  0.069994  0.173870
 5.44  0.070462  0.175366
 5.48  0.070907  0.176819
 5.52  0.071330  0.178317
 5.56  0.071741  0.179797
 5.60  0.072153  0.181128
 5.64  0.072575  0.182270
 5.68  0.073018  0.183363
 5.72  0.073481  0.184649
 5.76  0.073957  0.186285
 5.80  0.074432  0.188202
 5.84  0.074894  0.190136
 5.88  0.075339  0.191800
 5.92  0.075776  0.193085
 5.96  0.076221  0.194129
 6.00  0.076684  0.195217
 6.04  0.077164  0.196590
 6.08  0.077650  0.198291
 6.12  0.078127  0.200149
 6.16  0.078590  0.201912
 6.20  0.079046  0.203416
 6.24  0.079513  0.204696
 6.28  0.080005  0.205952
 6.32  0.080526  0.207404
 6.36  0.081059  0.209129
 6.40  0.081581  0.210992
 6.44  0.082074  0.212737
 6.48  0.082539  0.214169
 6.52  0.083002  0.215312
 6.56  0.083494  0.216412
 6.60  0.084036  0.217785
 6.64  0.084623  0.219594
 6.68  0.085223  0.221727
 6.72  0.085800  0.223844
 6.76  0.086335  0.225580
 6.80  0.086834  0.226765
 6.84  0.087331  0.227532
 6.88  0.087864  0.228254
 6.92  0.088456  0.229341
 6.96  0.089103  0.231003
 7.00  0.089780  0.233117
 7.04  0.090452  0.235280
 7.08  0.091100  0.237043
 7.12  0.091725  0.238211
 7.16  0.092350  0.239000
 7.20  0.092995  0.239956
 7.24  0.093657  0.241645
 7.28  0.094305  0.244362
 7.32  0.094897  0.248078
 7.36  0.095408  0.252694
 7.40  0.095866  0.258433
 7.44  0.096351  0.266007
 7.48  0.096965  0.276386
 7.52  0.097783  0.290229
 7.56  0.098813  0.307332
 7.60  0.099996  0.326459
 7.64  0.101232  0.345686
 7.68  0.102429  0.363095
 7.72  0.103531  0.377410
 7.76  0.104528  0.388263
 7.80  0.105434  0.395999
 7.84  0.106266  0.401244
 7.88  0.107028  0.404528
 7.92  0.107724  0.406206
 7.96  0.108366  0.406601
 8.00  0.108985  0.406177
 8.04  0.109620  0.405517
 8.08  0.110299  0.405120
 8.12  0.111022  0.405188
 8.16  0.111768  0.405596
 8.20  0.112509  0.406075
 8.24  0.113231  0.406441
 8.28  0.113932  0.406701
 8.32  0.114619  0.406979
 8.36  0.115294  0.407385
 8.40  0.115962  0.407961
 8.44  0.116635  0.408725
 8.48  0.117348  0.409738
 8.52  0.118157  0.411102
 8.56  0.119127  0.412905
 8.60  0.120318  0.415211
 8.64  0.121774  0.418124
 8.68  0.123524  0.421860
 8.72  0.125575  0.426702
 8.76  0.127901  0.432784
 8.80  0.130424  0.439804
 8.84  0.133005  0.446870
 8.88  0.135448  0.452605
 8.92  0.137536  0.455516
 8.96  0.139084  0.454455
 9.00  0.139984  0.448999
 9.04  0.140240  0.439587
 9.08  0.139966  0.427420
 9.12  0.139355  0.414177
 9.16  0.138630  0.401691
 9.20  0.138005  0.391707
 9.24  0.137650  0.385732
 9.28  0.137675  0.384949
 9.32  0.138126  0.390100
 9.36  0.138982  0.401304
 9.40  0.140150  0.417894
 9.44  0.141488  0.438373
 9.48  0.142827  0.460631
 9.52  0.144023  0.482393
 9.56  0.145001  0.501776
 9.60  0.145785  0.517719
 9.64  0.146493  0.530126
 9.68  0.147297  0.539663
 9.72  0.148375  0.547329
 9.76  0.149853  0.553997
 9.80  0.151779  0.560085
 9.84  0.154122  0.565464
 9.88  0.156787  0.569566
 9.92  0.159646  0.571632
 9.96  0.162565  0.570991
10.00  0.165431  0.567294
10.04  0.168170  0.560633
10.08  0.170762  0.551551
10.12  0.173242  0.540939
10.16  0.175683  0.529856
10.20  0.178162  0.519324
10.24  0.180722  0.510121
10.28  0.183322  0.502619
10.32  0.185818  0.496704
10.36  0.187962  0.491799
10.40  0.189444  0.487017
10.44  0.189960  0.481405
10.48  0.189317  0.474251
10.52  0.187522  0.465369
10.56  0.184844  0.455248
10.60  0.181796  0.444996
10.64  0.179036  0.436055
10.68  0.177205  0.429743
10.72  0.176762  0.426768
10.76  0.177844  0.426862
10.80  0.180215  0.428645
10.84  0.183304  0.429803
10.88  0.186335  0.427583
10.92  0.188524  0.419533
10.96  0.189290  0.404291
11.00  0.188415  0.382129
11.04  0.186097  0.354983
11.08  0.182866  0.325918
11.12  0.179409  0.298220
11.16  0.176373  0.274504
11.20  0.174216  0.256203
11.24  0.173154  0.243545
11.28  0.173192  0.235912
11.32  0.174185  0.232279
11.36  0.175905  0.231569
11.40  0.178093  0.232817
11.44  0.180510  0.235251
11.48  0.182978  0.238327
11.52  0.185418  0.241757
11.56  0.187866  0.245505
11.60  0.190448  0.249724
11.64  0.193338  0.254651
11.68  0.196697  0.260495
11.72  0.200607  0.267340
11.76  0.205031  0.275082
11.80  0.209780  0.283396
11.84  0.214525  0.291764
11.88  0.218852  0.299543
11.92  0.222344  0.306091
11.96  0.224677  0.310903
12.00  0.225697  0.313710
12.04  0.225450  0.314514
12.08  0.224163  0.313556
12.12  0.222184  0.311230
12.16  0.219905  0.307968
12.20  0.217680  0.304133
12.24  0.215775  0.299941
12.28  0.214353  0.295464
12.32  0.213492  0.290698
12.36  0.213238  0.285675
12.40  0.213645  0.280566
12.44  0.214802  0.275690
12.48  0.216807  0.271426
12.52  0.219719  0.268046
12.56  0.223494  0.265565
12.60  0.227945  0.263675
12.64  0.232734  0.261805
12.68  0.237422  0.259290
12.72  0.241550  0.255581
12.76  0.244750  0.250421
12.80  0.246848  0.243948
12.84  0.247929  0.236682
12.88  0.248347  0.229435
12.92  0.248650  0.223155
12.96  0.249468  0.218771
13.00  0.251374  0.217039
13.04  0.254780  0.218446
13.08  0.259879  0.223142
13.12  0.266642  0.230924
13.16  0.274876  0.241265
13.20  0.284301  0.253400
13.24  0.294640  0.266440
13.28  0.305693  0.279512
13.32  0.317367  0.291856
13.36  0.329661  0.302874
13.40  0.342596  0.312134
13.44  0.356101  0.319355
13.48  0.369885  0.324394
13.52  0.383335  0.327253
13.56  0.395497  0.328091
13.60  0.405180  0.327212
13.64  0.411207  0.325036
13.68  0.412727  0.322044
13.72  0.409482  0.318689
13.76  0.401915  0.315315
13.80  0.391059  0.312081
13.84  0.378252  0.308934
13.88  0.364809  0.305642
13.92  0.351766  0.301901
13.96  0.339765  0.297468
14.00  0.329092  0.292288
14.04  0.319769  0.286534
14.08  0.311664  0.280552
14.12  0.304564  0.274729
14.16  0.298227  0.269366
14.20  0.292425  0.264632
14.24  0.287001  0.260620
14.28  0.281913  0.257470
14.32  0.277248  0.255466
14.36  0.273172  0.255029
14.40  0.269851  0.256599
14.44  0.267352  0.260439
14.48  0.265566  0.266467
14.52  0.264168  0.274159
14.56  0.262604  0.282592
14.60  0.260129  0.290606
14.64  0.255906  0.297062
14.68  0.249165  0.301114
14.72  0.239427  0.302413
14.76  0.226701  0.301165
14.80  0.211573  0.298012
14.84  0.195135  0.293796
14.88  0.178737  0.289302
14.92  0.163679  0.285083
14.96  0.150921  0.281421
15.00  0.140941  0.278393
15.04  0.133738  0.275970
15.08  0.128959  0.274091
15.12  0.126064  0.272693
15.16  0.124489  0.271713
15.20  0.123749  0.271096
15.24  0.123482  0.270808
15.28  0.123459  0.270856
15.32  0.123545  0.271297
15.36  0.123674  0.272228
15.40  0.123814  0.273792
15.44  0.123959  0.276158
15.48  0.124121  0.279497
15.52  0.124324  0.283914
15.56  0.124602  0.289367
15.60  0.124980  0.295572
15.64  0.125456  0.301967
15.68  0.125995  0.307752
15.72  0.126521  0.312033
15.76  0.126932  0.314007
15.80  0.127122  0.313157
15.84  0.127008  0.309360
15.88  0.126551  0.302882
15.92  0.125764  0.294282
15.96  0.124714  0.284254
16.00  0.123502  0.273489
16.04  0.122251  0.262580
16.08  0.121083  0.251991
16.12  0.120108  0.242070
16.16  0.119426  0.233081
16.20  0.119117  0.225226
16.24  0.119248  0.218662
16.28  0.119873  0.213498
16.32  0.121037  0.209809
16.36  0.122786  0.207655
16.40  0.125176  0.207120
16.44  0.128284  0.208329
16.48  0.132197  0.211435
16.52  0.136987  0.216545
16.56  0.142668  0.223599
16.60  0.149151  0.232244
16.64  0.156215  0.241770
16.68  0.163519  0.251161
16.72  0.170649  0.259277
16.76  0.177193  0.265104
16.80  0.182810  0.267996
16.84  0.187275  0.267813
16.88  0.190505  0.264920
16.92  0.192549  0.260070
16.96  0.193573  0.254223
17.00  0.193823  0.248363
17.04  0.193563  0.243337
17.08  0.193003  0.239757
17.12  0.192254  0.237992
17.16  0.191348  0.238263
17.20  0.190357  0.240837
17.24  0.189549  0.246236
17.28  0.189501  0.255299
17.32  0.191036  0.268981
17.36  0.194969  0.287887
17.40  0.201726  0.311682
17.44  0.211020  0.338675
17.48  0.221759  0.365863
17.52  0.232275  0.389519
17.56  0.240826  0.406184
17.60  0.246174  0.413732
17.64  0.248020  0.412105
17.68  0.247109  0.403457
17.72  0.244966  0.391648
17.76  0.243355  0.381219
17.80  0.243659  0.376154
17.84  0.246426  0.378808
17.88  0.251252  0.389329
17.92  0.257028  0.405760
17.96  0.262425  0.424732
18.00  0.266346  0.442450
18.04  0.268153  0.455589
18.08  0.267610  0.461851
18.12  0.264663  0.460117
18.16  0.259263  0.450346
18.20  0.251372  0.433365
18.24  0.241118  0.410653
18.28  0.228977  0.384111
18.32  0.215808  0.355790
18.36  0.202712  0.327592
18.40  0.190772  0.301021
18.44  0.180805  0.277035
18.48  0.173230  0.256065
18.52  0.168083  0.238137
18.56  0.165138  0.223050
18.60  0.164056  0.210525
18.64  0.164481  0.200281
18.68  0.166065  0.192044
18.72  0.168408  0.185495
18.76  0.170969  0.180216
18.80  0.173011  0.175667
18.84  0.173638  0.171233
18.88  0.171962  0.166333
18.92  0.167346  0.160557
18.96  0.159646  0.153786
19.00  0.149318  0.146224
19.04  0.137333  0.138328
19.08  0.124918  0.130666
19.12  0.113232  0.123750
19.16  0.103107  0.117914
19.20  0.094935  0.113266
19.24  0.088704  0.109721
19.28  0.084140  0.107073
19.32  0.080857  0.105069
19.36  0.078479  0.103468
19.40  0.076699  0.102072
19.44  0.075295  0.100732
19.48  0.074112  0.099346
19.52  0.073054  0.097848
19.56  0.072055  0.096212
19.60  0.071087  0.094443
19.64  0.070148  0.092590
19.68  0.069272  0.090743
19.72  0.068528  0.089040
19.76  0.068008  0.087647
19.80  0.067812  0.086731
19.84  0.068016  0.086422
19.88  0.068651  0.086769
19.92  0.069684  0.087724
19.96  0.071025  0.089143
20.00  0.072552  0.090837
20.04  0.074154  0.092618
20.08  0.075754  0.094359
20.12  0.077332  0.096013
20.16  0.078902  0.097596
20.20  0.080481  0.099146
20.24  0.082041  0.100666
20.28  0.083487  0.102086
20.32  0.084659  0.103263
20.36  0.085373  0.104013
20.40  0.085474  0.104162
20.44  0.084890  0.103599
20.48  0.083656  0.102301
20.52  0.081889  0.100323
20.56  0.079737  0.097760
20.60  0.077321  0.094695
20.64  0.074685  0.091169
20.68  0.071798  0.087177
20.72  0.068576  0.082690
20.76  0.064944  0.077707
20.80  0.060876  0.072292
20.84  0.056430  0.066584
20.88  0.051726  0.060770
20.92  0.046908  0.055018
20.96  0.042090  0.049427
21.00  0.037333  0.044002
21.04  0.032656  0.038683
21.08  0.028090  0.033420
21.12  0.023727  0.028252
21.16  0.019753  0.023346
21.20  0.016426  0.018975
21.24  0.014013  0.015448
21.28  0.012712  0.013014
21.32  0.012598  0.011795
21.36  0.013601  0.011765
21.40  0.015539  0.012775
21.44  0.018167  0.014613
21.48  0.021233  0.017062
21.52  0.024524  0.019937
21.56  0.027886  0.023104
21.60  0.031228  0.026485
21.64  0.034516  0.030042
21.68  0.037768  0.033777
21.72  0.041039  0.037716
21.76  0.044414  0.041912
21.80  0.047997  0.046435
21.84  0.051902  0.051368
21.88  0.056236  0.056796
21.92  0.061079  0.062783
21.96  0.066445  0.069338
22.00  0.072244  0.076371
22.04  0.078251  0.083658
22.08  0.084103  0.090830
22.12  0.089347  0.097425
22.16  0.093526  0.102969
22.20  0.096296  0.107099
22.24  0.097513  0.109657
22.28  0.097273  0.110735
22.32  0.095872  0.110639
22.36  0.093720  0.109799
22.40  0.091230  0.108655
22.44  0.088736  0.107571
22.48  0.086452  0.106794
22.52  0.084474  0.106445
22.56  0.082812  0.106559
22.60  0.081428  0.107112
22.64  0.080265  0.108055
22.68  0.079267  0.109327
22.72  0.078387  0.110868
22.76  0.077593  0.112613
22.80  0.076858  0.114495
22.84  0.076166  0.116441
22.88  0.075506  0.118374
22.92  0.074870  0.120211
22.96  0.074252  0.121871
23.00  0.073651  0.123274
23.04  0.073066  0.124346
23.08  0.072496  0.125026
23.12  0.071943  0.125268
23.16  0.071408  0.125044
23.20  0.070894  0.124343
23.24  0.070403  0.123176
23.28  0.069937  0.121570
23.32  0.069500  0.119567
23.36  0.069095  0.117221
23.40  0.068724  0.114596
23.44  0.068391  0.111757
23.48  0.068100  0.108771
23.52  0.067854  0.105707
23.56  0.067657  0.102626
23.60  0.067513  0.099588
23.64  0.067427  0.096647
23.68  0.067405  0.093852
23.72  0.067453  0.091249
23.76  0.067579  0.088881
23.80  0.067794  0.086786
23.84  0.068108  0.085007
23.88  0.068538  0.083585
23.92  0.069101  0.082571
23.96  0.069821  0.082026
24.00  0.070725  0.082022
24.04  0.071839  0.082645
24.08  0.073180  0.083975
24.12  0.074734  0.086053
24.16  0.076431  0.088829
24.20  0.078101  0.092081
24.24  0.079444  0.095350
24.28  0.080018  0.097919
24.32  0.079284  0.098879
24.36  0.076712  0.097307
24.40  0.071933  0.092526
24.44  0.064898  0.084356
24.48  0.055967  0.073256
24.52  0.045870  0.060267
24.56  0.035558  0.046763
24.60  0.025966  0.034101
24.64  0.017803  0.023303
24.68  0.011431  0.014889
24.72  0.006858  0.008878
24.76  0.003838  0.004933
24.80  0.002003  0.002551
24.84  0.000978  0.001227
24.88  0.000461  0.000548
24.92  0.000249  0.000227
24.96  0.000235  0.000087
25.00  0.000406  0.000031
25.04  0.000826  0.000010
25.08  0.001638  0.000003
25.12  0.003051  0.000002
25.16  0.005309  0.000004
25.20  0.008641  0.000011
25.24  0.013184  0.000031
25.28  0.018908  0.000082
25.32  0.025578  0.000203
25.36  0.032771  0.000470
25.40  0.039961  0.001011
25.44  0.046641  0.002026
25.48  0.052441  0.003784
25.52  0.057194  0.006602
25.56  0.060931  0.010781
25.60  0.063826  0.016519
25.64  0.066108  0.023817
25.68  0.067986  0.032426
25.72  0.069610  0.041857
25.76  0.071060  0.051473
25.80  0.072365  0.060626
25.84  0.073531  0.068795
25.88  0.074564  0.075676
25.92  0.075476  0.081195
25.96  0.076294  0.085467
26.00  0.077049  0.088715
26.04  0.077772  0.091197
26.08  0.078493  0.093159
26.12  0.079236  0.094813
26.16  0.080022  0.096344
26.20  0.080873  0.097924
26.24  0.081819  0.099740
26.28  0.082901  0.102024
26.32  0.084187  0.105097
26.36  0.085787  0.109418
26.40  0.087863  0.115640
26.44  0.090651  0.124633
26.48  0.094444  0.137442
26.52  0.099557  0.155106
26.56  0.106238  0.178321
26.60  0.114544  0.206977
26.64  0.124214  0.239725
26.68  0.134604  0.273788
26.72  0.144743  0.305249
26.76  0.153525  0.329841
26.80  0.159999  0.344051
26.84  0.163645  0.346140
26.88  0.164530  0.336657
26.92  0.163282  0.318245
26.96  0.160882  0.294823
27.00  0.158374  0.270496
27.04  0.156588  0.248566
27.08  0.155956  0.230959
27.12  0.156479  0.218118
27.16  0.157811  0.209318
27.20  0.159430  0.203188
27.24  0.160829  0.198255
27.28  0.161664  0.193351
27.32  0.161818  0.187792
27.36  0.161381  0.181365
27.40  0.160566  0.174191
27.44  0.159617  0.166562
27.48  0.158731  0.158816
27.52  0.158027  0.151264
27.56  0.157547  0.144156
27.60  0.157274  0.137673
27.64  0.157167  0.131921
27.68  0.157185  0.126946
27.72  0.157296  0.122739
27.76  0.157486  0.119259
27.80  0.157751  0.116446
27.84  0.158095  0.114237
27.88  0.158523  0.112575
27.92  0.159041  0.111413
27.96  0.159652  0.110721
28.00  0.160365  0.110491
28.04  0.161190  0.110756
28.08  0.162151  0.111605
28.12  0.163291  0.113210
28.16  0.164680  0.115841
28.20  0.166414  0.119853
28.24  0.168600  0.125630
28.28  0.171340  0.133475
28.32  0.174690  0.143477
28.36  0.178632  0.155397
28.40  0.183052  0.168626
28.44  0.187751  0.182272
28.48  0.192483  0.195349
28.52  0.197009  0.207003
28.56  0.201148  0.216687
28.60  0.204800  0.224232
28.64  0.207956  0.229792
28.68  0.210666  0.233720
28.72  0.213011  0.236428
28.76  0.215078  0.238284
28.80  0.216939  0.239568
28.84  0.218658  0.240479
28.88  0.220292  0.241153
28.92  0.221894  0.241695
28.96  0.223512  0.242193
29.00  0.225184  0.242728
29.04  0.226928  0.243377
29.08  0.228745  0.244210
29.12  0.230622  0.245290
29.16  0.232538  0.246669
29.20  0.234477  0.248387
29.24  0.236431  0.250478
29.28  0.238401  0.252961
29.32  0.240394  0.255847
29.36  0.242421  0.259139
29.40  0.244493  0.262830
29.44  0.246618  0.266903
29.48  0.248807  0.271335
29.52  0.251068  0.276093
29.56  0.253409  0.281136
29.60  0.255839  0.286418
29.64  0.258365  0.291887
29.68  0.260996  0.297489
29.72  0.263739  0.303174
29.76  0.266602  0.308898
29.80  0.269601  0.314632
29.84  0.272755  0.320367
29.88  0.276094  0.326112
29.92  0.279654  0.331898
29.96  0.283476  0.337769
30.00  0.287606  0.343790
30.04  0.292097  0.350060
30.08  0.297019  0.356746
30.12  0.302472  0.364122
30.16  0.308583  0.372611
30.20  0.315514  0.382790
30.24  0.323436  0.395381
30.28  0.332516  0.411202
30.32  0.342889  0.431104
30.36  0.354646  0.455894
30.40  0.367811  0.486193
30.44  0.382298  0.522196
30.48  0.397832  0.563290
30.52  0.413844  0.607605
30.56  0.429392  0.651692
30.60  0.443187  0.690589
30.64  0.453780  0.718491
30.68  0.459910  0.730042
30.72  0.460919  0.721897
30.76  0.457070  0.693990
30.80  0.449618  0.649920
30.84  0.440572  0.596166
30.88  0.432214  0.540380
30.92  0.426564  0.489387
30.96  0.424979  0.447657
31.00  0.428000  0.416750
31.04  0.435446  0.395741
31.08  0.446629  0.382291
31.12  0.460572  0.373848
31.16  0.476171  0.368606
31.20  0.492289  0.366014
31.24  0.507856  0.366864
31.28  0.521995  0.372958
31.32  0.534128  0.386420
31.36  0.544001  0.408748
31.40  0.551564  0.439825
31.44  0.556767  0.477291
31.48  0.559397  0.516676
31.52  0.559093  0.552419
31.56  0.555555  0.579517
31.60  0.548815  0.595125
31.64  0.539407  0.599409
31.68  0.528295  0.595247
31.72  0.516593  0.586967
31.76  0.505214  0.578691
31.80  0.494617  0.572993
31.84  0.484730  0.570327
31.88  0.475075  0.569300
31.92  0.465025  0.567561
31.96  0.454116  0.562927
32.00  0.442325  0.554325
32.04  0.430209  0.542236
32.08  0.418826  0.528495
32.12  0.409428  0.515541
32.16  0.403026  0.505434
32.20  0.399993  0.499060
32.24  0.399891  0.495838
32.28  0.401577  0.493996
32.32  0.403560  0.491203
32.36  0.404425  0.485258
32.40  0.403179  0.474587
32.44  0.399431  0.458509
32.48  0.393412  0.437374
32.52  0.385886  0.412669
32.56  0.378007  0.387043
32.60  0.371134  0.364091
32.64  0.366585  0.347732
32.68  0.365366  0.341244
32.72  0.367940  0.346243
32.76  0.374131  0.362029
32.80  0.383227  0.385663
32.84  0.394245  0.412824
32.88  0.406265  0.439154
32.92  0.418690  0.461579
32.96  0.431323  0.479054
33.00  0.444249  0.492488
33.04  0.457599  0.503926
33.08  0.471329  0.515424
33.12  0.485112  0.528098
33.16  0.498403  0.541684
33.20  0.510613  0.554679
33.24  0.521330  0.564888
33.28  0.530466  0.570112
33.32  0.538265  0.568758
33.36  0.545131  0.560249
33.40  0.551287  0.545183
33.44  0.556394  0.525218
33.48  0.559277  0.502700
33.52  0.557998  0.480092
33.56  0.550365  0.459374
33.60  0.534772  0.441617
33.64  0.511026  0.426876
33.68  0.480743  0.414430
33.72  0.447065  0.403231
33.76  0.413801  0.392340
33.80  0.384399  0.381193
33.84  0.361194  0.369641
33.88  0.345225  0.357826
33.92  0.336551  0.346010
33.96  0.334812  0.334442
34.00  0.339710  0.323298
34.04  0.351211  0.312686
34.08  0.369463  0.302668
34.12  0.394538  0.293282
34.16  0.426193  0.284546
34.20  0.463796  0.276431
34.24  0.506461  0.268829
34.28  0.553308  0.261528
34.32  0.603696  0.254205
34.36  0.657272  0.246477
34.40  0.713745  0.237987
34.44  0.772455  0.228508
34.48  0.831852  0.218041
34.52  0.889109  0.206845
34.56  0.940034  0.195393
34.60  0.979415  0.184265
34.64  1.001817  0.174025
34.68  1.002706  0.165129
34.72  0.979638  0.157901
34.76  0.933091  0.152573
34.80  0.866613  0.149360
34.84  0.786133  0.148510
34.88  0.698644  0.150283
34.92  0.610729  0.154856
34.96  0.527451  0.162158
35.00  0.451911  0.171738
35.04  0.385464  0.182727
35.08  0.328308  0.193954
35.12  0.280083  0.204187
35.16  0.240257  0.212411
35.20  0.208236  0.218039
35.24  0.183312  0.220974
35.28  0.164599  0.221534
35.32  0.151046  0.220288
35.36  0.141566  0.217891
35.40  0.135190  0.214956
35.44  0.131204  0.211993
35.48  0.129198  0.209368
35.52  0.129038  0.207307
35.56  0.130769  0.205897
35.60  0.134500  0.205123
35.64  0.140298  0.204901
35.68  0.148091  0.205116
35.72  0.157619  0.205626
35.76  0.168411  0.206240
35.80  0.179819  0.206687
35.84  0.191096  0.206609
35.88  0.201528  0.205605
35.92  0.210580  0.203332
35.96  0.218039  0.199642
36.00  0.224098  0.194700
36.04  0.229343  0.189024
36.08  0.234636  0.183418
36.12  0.240920  0.178801
36.16  0.248996  0.175990
36.20  0.259358  0.175506
36.24  0.272145  0.177493
36.28  0.287211  0.181767
36.32  0.304285  0.187968
36.36  0.323127  0.195753
36.40  0.343616  0.204927
36.44  0.365732  0.215475
36.48  0.389465  0.227490
36.52  0.414709  0.241046
36.56  0.441208  0.256104
36.60  0.468583  0.272496
36.64  0.496413  0.290003
36.68  0.524296  0.308459
36.72  0.551781  0.327755
36.76  0.578166  0.347672
36.80  0.602226  0.367570
36.84  0.622075  0.386089
36.88  0.635358  0.401082
36.92  0.639834  0.409906
36.96  0.634221  0.410076
37.00  0.618931  0.400058
37.04  0.596364  0.379911
37.08  0.570562  0.351518
37.12  0.546358  0.318310
37.16  0.528350  0.284586
37.20  0.520019  0.254623
37.24  0.523139  0.231836
37.28  0.537414  0.218105
37.32  0.560250  0.213366
37.36  0.586730  0.215527
37.40  0.610069  0.220801
37.44  0.622755  0.224511
37.48  0.618337  0.222260
37.52  0.593317  0.211142
37.56  0.548401  0.190555
37.60  0.488473  0.162289
37.64  0.421240  0.129850
37.68  0.355049  0.097308
37.72  0.296769  0.068150
37.76  0.250472  0.044532
37.80  0.217219  0.027116
37.84  0.195738  0.015369
37.88  0.183510  0.008101
37.92  0.177770  0.003968
37.96  0.176158  0.001804
38.00  0.176971  0.000762
38.04  0.179142  0.000298
38.08  0.182080  0.000108
38.12  0.185503  0.000036
38.16  0.189302  0.000011
38.20  0.193459  0.000003
38.24  0.198002  0.000001
38.28  0.202990  0.000000
38.32  0.208505  0.000000
38.36  0.214664  0.000000
38.40  0.221630  0.000000
38.44  0.229628  0.000000
38.48  0.238953  0.000000
38.52  0.249950  0.000000
38.56  0.262945  0.000000
38.60  0.278107  0.000000
38.64  0.295260  0.000000
38.68  0.313667  0.000000
38.72  0.331897  0.000000
38.76  0.347863  0.000000
38.80  0.359087  0.000000
38.84  0.363189  0.000000
38.88  0.358462  0.000000
38.92  0.344359  0.000000
38.96  0.321714  0.000000
39.00  0.292617  0.000000
39.04  0.259983  0.000000
39.08  0.226936  0.000000
39.12  0.196208  0.000000
39.16  0.169706  0.000000
39.20  0.148334  0.000000
39.24  0.132089  0.000000
39.28  0.120320  0.000000
39.32  0.112063  0.000000
39.36  0.106319  0.000000
39.40  0.102243  0.000000
39.44  0.099207  0.000000
39.48  0.096798  0.000000
39.52  0.094767  0.000000
39.56  0.092976  0.000000
39.60  0.091351  0.000000
39.64  0.089850  0.000000
39.68  0.088450  0.000000
39.72  0.087135  0.000000
39.76  0.085896  0.000000
39.80  0.084723  0.000000
39.84  0.083609  0.000000
39.88  0.082550  0.000000
39.92  0.081541  0.000000
39.96  0.080578  0.000000
40.00  0.079657  0.000000
