-0.400  0.000000
-0.399  0.000000
-0.398  0.000000
-0.397  0.000000
-0.396  0.000000
-0.395  0.000000
-0.394  0.000000
-0.393  0.000000
-0.392  0.000000
-0.391  0.000000
-0.390  0.000000
-0.389  0.000000
-0.388  0.000000
-0.387  0.000000
-0.386  0.000000
-0.385  0.000000
-0.384  0.000000
-0.383  0.000000
-0.382  0.000000
-0.381  0.000000
-0.380  0.000000
-0.379  0.000000
-0.378  0.000000
-0.377  0.000000
-0.376  0.000000
-0.375  0.000000
-0.374  0.000000
-0.373  0.000000
-0.372  0.000000
-0.371  0.000000
-0.370  0.000000
-0.369  0.000000
-0.368  0.000000
-0.367  0.000000
-0.366  0.000000
-0.365  0.000000
-0.364  0.000000
-0.363  0.000000
-0.362  0.000000
-0.361  0.000000
-0.360  0.000000
-0.359  0.000000
-0.358  0.000000
-0.357  0.000000
-0.356  0.000000
-0.355  0.000000
-0.354  0.000000
-0.353  0.000000
-0.352  0.000000
-0.351  0.000000
-0.350  0.000000
-0.349  0.000000
-0.348  0.000000
-0.347  0.000000
-0.346  0.000000
-0.345  0.000000
-0.344  0.000000
-0.343  0.000000
-0.342  0.000000
-0.341  0.000000
-0.340  0.000000
-0.339  0.000000
-0.338  0.000000
-0.337  0.000000
-0.336  0.000000
-0.335  0.000000
-0.334  0.000000
-0.333  0.000000
-0.332  0.000000
-0.331  0.000000
-0.330  0.000000
-0.329  0.000000
-0.328  0.000000
-0.327  0.000000
-0.326  0.000000
-0.325  0.000000
-0.324  0.000000
-0.323  0.000000
-0.322  0.000000
-0.321  0.000000
-0.320  0.000000
-0.319  0.000000
-0.318  0.000000
-0.317  0.000000
-0.316  0.000000
-0.315  0.000000
-0.314  0.000000
-0.313  0.000000
-0.312  0.000000
-0.311  0.000000
-0.310  0.000000
-0.309  0.000000
-0.308  0.000000
-0.307  0.000000
-0.306  0.000000
-0.305  0.000000
-0.304  0.000000
-0.303  0.000000
-0.302  0.000000
-0.301  0.000000
-0.300  0.000000
-0.299  0.000000
-0.298  0.000000
-0.297  0.000000
-0.296  0.000000
-0.295  0.000000
-0.294  0.000000
-0.293  0.000000
-0.292  0.000000
-0.291  0.000000
-0.290  0.000000
-0.289  0.000000
-0.288  0.000000
-0.287  0.000000
-0.286  0.000000
-0.285  0.000000
-0.284  0.000000
-0.283  0.000000
-0.282  0.000000
-0.281  0.298584
-0.280  0.296624
-0.279  0.297797
-0.278  0.298131
-0.277  0.299841
-0.276  0.302141
-0.275  0.304909
-0.274  0.308011
-0.273  0.311406
-0.272  0.315519
-0.271  0.320061
-0.270  0.324996
-0.269  0.330279
-0.268  0.335885
-0.267  0.341763
-0.266  0.347896
-0.265  0.353833
-0.264  0.359776
-0.263  0.365656
-0.262  0.371363
-0.261  0.376739
-0.260  2.895213
-0.259  1.436778
-0.258  1.166289
-0.257  1.417928
-0.256  1.325499
-0.255  1.275892
-0.254  1.234553
-0.253  1.211361
-0.252  1.192784
-0.251  1.176675
-0.250  1.170124
-0.249  1.158108
-0.248  1.153647
-0.247  1.150538
-0.246  1.148534
-0.245  1.149460
-0.244  1.152281
-0.243  1.152541
-0.242  1.155708
-0.241  1.160551
-0.240  1.250617
-0.239  1.262347
-0.238  1.276775
-0.237  1.290605
-0.236  1.307973
-0.235  1.324073
-0.234  1.342199
-0.233  1.361701
-0.232  1.382391
-0.231  1.404192
-0.230  1.427747
-0.229  1.452626
-0.228  1.478658
-0.227  1.507125
-0.226  1.537166
-0.225  1.569402
-0.224  1.603335
-0.223  1.638764
-0.222  1.675586
-0.221  1.715539
-0.220  1.756888
-0.219  1.801427
-0.218  1.846716
-0.217  1.895647
-0.216  1.948927
-0.215  2.002911
-0.214  2.064423
-0.213  2.383784
-0.212  2.449347
-0.211  2.525379
-0.210  2.615497
-0.209  2.715118
-0.208  2.830810
-0.207  2.965160
-0.206  3.120321
-0.205  3.314207
-0.204  3.549580
-0.203  3.861178
-0.202  4.298360
-0.201  5.015669
-0.200  6.886884
-0.199  6.134914
-0.198  5.113398
-0.197  4.604527
-0.196  4.274784
-0.195  4.026737
-0.194  3.830609
-0.193  3.669210
-0.192  3.532450
-0.191  3.418040
-0.190  3.316320
-0.189  3.227661
-0.188  3.147437
-0.187  3.074830
-0.186  3.012755
-0.185  2.950441
-0.184  2.892077
-0.183  2.532740
-0.182  2.511890
-0.181  2.493304
-0.180  2.476101
-0.179  2.459630
-0.178  2.444164
-0.177  2.430706
-0.176  2.417364
-0.175  2.404678
-0.174  2.392980
-0.173  2.381523
-0.172  2.371335
-0.171  2.361639
-0.170  2.352574
-0.169  2.344519
-0.168  2.336279
-0.167  2.329049
-0.166  2.323503
-0.165  2.318392
-0.164  2.313384
-0.163  2.308243
-0.162  2.304209
-0.161  2.300998
-0.160  2.298034
-0.159  2.295950
-0.158  2.295410
-0.157  2.295628
-0.156  2.296200
-0.155  2.297958
-0.154  2.302050
-0.153  2.307439
-0.152  2.315562
-0.151  2.327675
-0.150  2.344935
-0.149  2.371850
-0.148  2.421760
-0.147  2.578335
-0.146  2.437034
-0.145  2.308724
-0.144  2.232884
-0.143  2.173571
-0.142  2.129032
-0.141  2.091909
-0.140  2.090753
-0.139  2.086611
-0.138  2.082673
-0.137  2.079626
-0.136  2.076676
-0.135  2.073889
-0.134  2.071448
-0.133  2.071171
-0.132  2.070431
-0.131  2.076036
-0.130  2.013228
-0.129  2.042484
-0.128  2.126802
-0.127  2.082222
-0.126  2.079377
-0.125  2.079321
-0.124  2.080299
-0.123  2.083167
-0.122  2.086439
-0.121  2.090791
-0.120  2.095790
-0.119  2.102283
-0.118  2.108413
-0.117  2.117613
-0.116  2.125957
-0.115  2.135707
-0.114  2.148401
-0.113  2.159048
-0.112  2.173279
-0.111  2.186188
-0.110  2.200824
-0.109  2.218874
-0.108  2.233348
-0.107  1.693083
-0.106  1.727416
-0.105  1.764856
-0.104  1.804647
-0.103  1.849537
-0.102  1.898162
-0.101  1.953911
-0.100  2.013435
-0.099  2.083124
-0.098  2.167833
-0.097  2.263801
-0.096  2.387455
-0.095  2.552594
-0.094  2.800378
-0.093  3.309158
-0.092  3.421540
-0.091  2.922180
-0.090  2.814991
-0.089  2.630713
-0.088  2.319924
-0.087  2.139389
-0.086  2.006397
-0.085  1.902680
-0.084  1.813069
-0.083  1.739273
-0.082  1.672913
-0.081  1.613342
-0.080  1.561757
-0.079  1.515507
-0.078  1.471065
-0.077  1.432853
-0.076  1.395925
-0.075  0.786119
-0.074  0.791904
-0.073  0.797765
-0.072  0.803664
-0.071  0.810022
-0.070  0.816789
-0.069  0.823666
-0.068  0.830896
-0.067  0.838477
-0.066  0.846390
-0.065  0.854682
-0.064  0.863514
-0.063  0.873256
-0.062  0.883270
-0.061  0.893993
-0.060  0.905194
-0.059  0.917029
-0.058  0.929713
-0.057  0.944912
-0.056  0.960543
-0.055  0.977157
-0.054  0.997630
-0.053  1.018743
-0.052  1.045228
-0.051  1.073983
-0.050  1.108971
-0.049  1.153428
-0.048  1.211247
-0.047  1.293922
-0.046  1.421967
-0.045  1.689676
-0.044  2.351241
-0.043  1.172846
-0.042  1.088889
-0.041  1.041376
-0.040  1.018011
-0.039  0.999048
-0.038  0.983165
-0.037  0.970031
-0.036  0.958797
-0.035  0.949064
-0.034  0.940733
-0.033  0.933383
-0.032  0.928501
-0.031  0.924906
-0.030  0.920677
-0.029  0.916193
-0.028  0.913372
-0.027  0.911230
-0.026  0.908379
-0.025  0.905633
-0.024  0.904507
-0.023  0.902986
-0.022  0.901027
-0.021  0.900269
-0.020  0.899320
-0.019  0.898145
-0.018  0.897751
-0.017  0.897172
-0.016  0.896587
-0.015  0.896716
-0.014  0.896305
-0.013  0.896349
-0.012  0.896816
-0.011  0.896989
-0.010  0.897227
-0.009  0.898146
-0.008  0.898774
-0.007  0.899600
-0.006  0.900604
-0.005  0.901972
-0.004  0.903503
-0.003  0.904852
-0.002  0.906709
-0.001  0.909077
 0.000  0.911379
 0.001  0.914195
 0.002  0.917198
 0.003  0.920389
 0.004  0.924743
 0.005  0.929273
 0.006  0.934926
 0.007  0.941557
 0.008  0.949141
 0.009  0.958584
 0.010  0.970551
 0.011  0.987909
 0.012  1.011399
 0.013  1.055068
 0.014  1.251566
 0.015  1.046092
 0.016  0.999453
 0.017  0.969791
 0.018  0.947405
 0.019  0.931109
 0.020  0.916486
 0.021  0.903134
 0.022  0.891872
 0.023  0.881683
 0.024  0.872289
 0.025  0.863513
 0.026  0.855412
 0.027  0.848114
 0.028  0.840946
 0.029  0.834079
 0.030  0.827166
 0.031  0.820559
 0.032  0.815050
 0.033  0.808998
 0.034  0.803252
 0.035  0.797775
 0.036  0.792493
 0.037  0.787281
 0.038  0.782264
 0.039  0.777333
 0.040  0.772390
 0.041  0.767960
 0.042  0.763292
 0.043  0.758419
 0.044  0.754397
 0.045  0.750035
 0.046  0.745765
 0.047  0.741418
 0.048  0.737601
 0.049  0.733494
 0.050  0.729290
 0.051  0.725326
 0.052  0.721477
 0.053  0.717708
 0.054  0.713700
 0.055  0.709982
 0.056  0.706175
 0.057  0.702531
 0.058  0.698585
 0.059  0.694930
 0.060  0.691317
 0.061  0.687579
 0.062  0.683914
 0.063  0.680124
 0.064  0.676445
 0.065  0.672839
 0.066  0.669259
 0.067  0.665406
 0.068  0.661824
 0.069  0.657771
 0.070  0.654527
 0.071  0.650765
 0.072  0.647263
 0.073  0.643970
 0.074  0.640336
 0.075  0.637224
 0.076  0.633489
 0.077  0.630360
 0.078  0.627585
 0.079  0.624497
 0.080  0.621734
 0.081  0.618787
 0.082  0.616318
 0.083  0.614322
 0.084  0.612762
 0.085  0.612312
 0.086  0.611808
 0.087  0.609935
 0.088  0.481499
 0.089  0.488232
 0.090  0.495759
 0.091  0.504714
 0.092  0.515337
 0.093  0.527154
 0.094  0.542866
 0.095  0.563109
 0.096  0.585883
 0.097  0.617656
 0.098  0.662902
 0.099  0.734864
 0.100  1.832559
 0.101  1.973135
 0.102  1.454219
 0.103  1.264150
 0.104  1.151562
 0.105  1.075081
 0.106  1.016891
 0.107  0.973410
 0.108  0.941332
 0.109  0.908217
 0.110  0.654356
 0.111  0.651135
 0.112  0.652018
 0.113  0.655863
 0.114  0.663642
 0.115  0.677645
 0.116  0.701171
 0.117  0.743970
 0.118  0.846105
 0.119  1.013001
 0.120  0.777671
 0.121  0.695254
 0.122  0.645138
 0.123  0.603875
 0.124  0.570780
 0.125  0.539955
 0.126  0.513259
 0.127  0.488880
 0.128  0.459424
 0.129  0.432287
 0.130  0.404920
 0.131  0.373780
 0.132  0.336566
 0.133  0.177943
 0.134  0.178976
 0.135  0.180195
 0.136  0.181374
 0.137  0.182530
 0.138  0.415858
 0.139  0.708663
 0.140  1.153533
 0.141  1.499750
 0.142  1.540395
 0.143  1.504056
 0.144  1.461708
 0.145  1.473470
 0.146  1.482153
 0.147  1.255368
 0.148  1.155387
 0.149  1.107447
 0.150  1.075220
 0.151  1.052335
 0.152  1.038708
 0.153  1.032525
 0.154  1.034093
 0.155  1.352686
 0.156  1.635268
 0.157  1.713623
 0.158  1.898492
 0.159  1.900847
 0.160  1.747689
 0.161  1.691252
 0.162  1.668167
 0.163  1.670743
 0.164  1.690488
 0.165  1.743347
 0.166  1.899891
 0.167  1.833625
 0.168  1.662595
 0.169  1.575312
 0.170  1.516592
 0.171  1.469222
 0.172  1.428257
 0.173  1.395844
 0.174  1.361766
 0.175  1.336474
 0.176  1.309980
 0.177  1.286273
 0.178  1.264586
 0.179  1.242721
 0.180  1.223359
 0.181  1.202535
 0.182  1.184094
 0.183  1.165505
 0.184  1.147380
 0.185  1.130188
 0.186  1.112809
 0.187  1.097492
 0.188  1.080229
 0.189  1.064384
 0.190  1.049319
 0.191  1.034477
 0.192  1.020729
 0.193  1.005476
 0.194  0.992947
 0.195  0.979528
 0.196  0.965396
 0.197  0.952742
 0.198  0.941017
 0.199  0.927758
 0.200  0.914492
 0.201  0.903710
 0.202  0.890453
 0.203  0.878974
 0.204  0.866056
 0.205  0.856482
 0.206  0.843705
 0.207  0.831228
 0.208  0.822162
 0.209  0.674141
 0.210  0.668823
 0.211  0.664634
 0.212  0.660941
 0.213  0.656962
 0.214  0.652755
 0.215  0.652618
 0.216  0.649539
 0.217  0.457142
 0.218  0.458861
 0.219  0.462183
 0.220  0.466446
 0.221  0.468232
 0.222  0.472581
 0.223  0.476322
 0.224  0.479378
 0.225  0.746154
 0.226  0.749109
 0.227  0.761434
 0.228  0.777578
 0.229  0.789345
 0.230  0.804810
 0.231  0.818025
 0.232  0.837172
 0.233  0.855907
 0.234  0.880469
 0.235  0.907517
 0.236  0.942625
 0.237  0.990761
 0.238  1.065771
 0.239  1.245712
 0.240  1.156679
 0.241  1.040242
 0.242  0.986036
 0.243  0.956528
 0.244  0.940007
 0.245  0.918823
 0.246  0.916048
 0.247  0.905610
 0.248  0.902651
 0.249  0.905851
 0.250  0.922303
 0.251  0.911042
 0.252  0.938113
 0.253  0.951710
 0.254  0.841877
 0.255  0.627850
 0.256  0.550769
 0.257  0.502613
 0.258  0.477646
 0.259  0.455087
 0.260  0.439354
 0.261  0.422700
 0.262  0.414209
 0.263  0.403234
 0.264  0.393498
 0.265  0.549124
 0.266  0.545339
 0.267  0.554239
 0.268  0.559433
 0.269  0.563236
 0.270  0.572175
 0.271  0.578240
 0.272  0.585047
 0.273  0.595959
 0.274  0.606744
 0.275  0.616945
 0.276  0.626292
 0.277  0.635998
 0.278  0.655078
 0.279  0.673039
 0.280  0.696234
 0.281  0.723718
 0.282  0.764585
 0.283  1.140589
 0.284  1.358565
 0.285  1.638972
 0.286  1.259629
 0.287  1.139198
 0.288  1.069586
 0.289  1.021722
 0.290  0.985877
 0.291  0.957630
 0.292  0.934738
 0.293  0.915110
 0.294  0.898708
 0.295  0.883722
 0.296  0.871049
 0.297  0.859324
 0.298  0.848640
 0.299  0.839397
 0.300  0.830308
 0.301  0.822404
 0.302  0.814484
 0.303  0.807880
 0.304  0.800711
 0.305  0.794937
 0.306  0.788850
 0.307  0.783080
 0.308  0.778006
 0.309  0.772534
 0.310  0.767936
 0.311  0.762948
 0.312  0.758599
 0.313  0.754246
 0.314  0.750029
 0.315  0.745999
 0.316  0.742062
 0.317  0.738288
 0.318  0.734729
 0.319  0.731013
 0.320  0.727619
 0.321  0.724061
 0.322  0.720898
 0.323  0.717705
 0.324  0.714551
 0.325  0.711585
 0.326  0.708558
 0.327  0.705642
 0.328  0.702703
 0.329  0.699941
 0.330  0.697196
 0.331  0.694379
 0.332  0.692054
 0.333  0.689117
 0.334  0.686886
 0.335  0.684117
 0.336  0.681860
 0.337  0.679186
 0.338  0.677034
 0.339  0.674660
 0.340  0.672107
 0.341  0.670196
 0.342  0.667556
 0.343  0.665736
 0.344  0.663187
 0.345  0.661364
 0.346  0.658881
 0.347  0.657221
 0.348  0.654918
 0.349  0.652967
 0.350  0.650938
 0.351  0.648843
 0.352  0.646964
 0.353  0.644733
 0.354  0.643232
 0.355  0.640912
 0.356  0.639334
 0.357  0.637215
 0.358  0.635726
 0.359  0.633496
 0.360  0.632119
 0.361  0.630011
 0.362  0.628514
 0.363  0.626525
 0.364  0.625194
 0.365  0.623271
 0.366  0.621588
 0.367  0.619822
 0.368  0.618322
 0.369  0.616513
 0.370  0.615030
 0.371  0.613260
 0.372  0.611643
 0.373  0.610003
 0.374  0.608715
 0.375  0.606832
 0.376  0.605713
 0.377  0.603663
 0.378  0.602671
 0.379  0.602308
 0.380  0.588897
 0.381  0.588280
 0.382  0.587896
 0.383  0.587298
 0.384  0.587109
 0.385  0.586414
 0.386  0.586366
 0.387  0.585935
 0.388  0.585944
 0.389  0.586125
 0.390  0.585813
 0.391  0.586484
 0.392  0.587220
 0.393  0.587537
 0.394  0.589326
 0.395  0.592803
 0.396  0.607953
 0.397  0.603814
 0.398  0.592787
 0.399  0.587363
 0.400  0.582985
 0.401  0.578833
 0.402  0.575063
 0.403  0.572745
 0.404  0.569600
 0.405  0.567073
 0.406  0.564441
 0.407  0.561875
 0.408  0.559500
 0.409  0.556915
 0.410  0.555151
 0.411  0.552456
 0.412  0.550224
 0.413  0.548394
 0.414  0.545637
 0.415  0.543592
 0.416  0.541313
 0.417  0.539544
 0.418  0.537026
 0.419  0.535083
 0.420  0.533157
 0.421  0.530549
 0.422  0.544856
 0.423  0.544238
 0.424  0.542772
 0.425  0.542498
 0.426  0.540718
 0.427  0.540227
 0.428  0.538144
 0.429  0.537663
 0.430  0.536530
 0.431  0.535187
 0.432  0.534342
 0.433  0.533166
 0.434  0.532223
 0.435  0.530895
 0.436  0.530617
 0.437  0.529104
 0.438  0.527615
 0.439  0.527882
 0.440  0.525894
 0.441  0.524645
 0.442  0.525008
 0.443  0.522373
 0.444  0.521748
 0.445  0.521700
 0.446  0.519528
 0.447  0.518844
 0.448  0.518440
 0.449  0.517011
 0.450  0.516007
 0.451  0.515191
 0.452  0.514032
 0.453  0.513228
 0.454  0.512151
 0.455  0.511084
 0.456  0.511248
 0.457  0.509165
 0.458  0.508320
 0.459  0.508924
 0.460  0.506344
 0.461  0.505710
 0.462  0.505605
 0.463  0.503638
 0.464  0.503245
 0.465  0.502613
 0.466  0.500331
 0.467  0.501033
 0.468  0.499768
 0.469  0.498362
 0.470  0.497368
 0.471  0.496130
 0.472  0.496696
 0.473  0.494529
 0.474  0.494899
 0.475  0.492901
 0.476  0.490886
 0.477  0.492459
 0.478  0.490554
 0.479  0.491429
 0.480  0.489070
 0.481  0.488728
 0.482  0.486840
 0.483  0.487067
 0.484  0.484493
 0.485  0.483569
 0.486  0.484303
 0.487  0.483226
 0.488  0.483535
 0.489  0.480776
 0.490  0.480981
 0.491  0.480463
 0.492  0.479105
 0.493  0.479921
 0.494  0.475778
 0.495  0.475809
 0.496  0.474518
 0.497  0.476918
 0.498  0.474850
 0.499  0.474082
 0.500  0.474683
 0.501  0.471020
 0.502  0.473881
 0.503  0.469841
 0.504  0.469377
 0.505  0.471008
 0.506  0.468215
 0.507  0.464362
 0.508  0.466840
 0.509  0.468320
 0.510  0.466406
 0.511  0.462390
 0.512  0.462448
 0.513  0.461328
 0.514  0.462161
 0.515  0.458675
 0.516  0.460600
 0.517  0.457267
 0.518  0.459565
 0.519  0.456861
 0.520  0.453187
 0.521  0.452662
 0.522  0.475787
 0.523  0.380802
 0.524  0.387509
 0.525  0.388747
 0.526  0.389464
 0.527  0.390975
 0.528  0.398050
 0.529  0.401444
 0.530  0.403870
 0.531  0.406899
 0.532  0.410637
 0.533  0.415039
 0.534  0.420491
 0.535  0.444479
 0.536  0.430286
 0.537  0.438404
 0.538  0.447851
 0.539  0.460424
 0.540  0.514220
 0.541  0.520106
 0.542  0.485313
 0.543  0.473079
 0.544  0.466161
 0.545  0.461652
 0.546  0.457900
 0.547  0.455111
 0.548  0.452768
 0.549  0.450693
 0.550  0.448863
 0.551  0.447224
 0.552  0.445847
 0.553  0.444663
 0.554  0.443272
 0.555  0.441982
 0.556  0.440841
 0.557  0.439846
 0.558  0.438908
 0.559  0.438024
 0.560  0.437178
 0.561  0.436107
 0.562  0.435153
 0.563  0.434240
 0.564  0.433406
 0.565  0.433086
 0.566  0.431970
 0.567  0.430945
 0.568  0.430470
 0.569  0.430292
 0.570  0.429484
 0.571  0.428568
 0.572  0.427244
 0.573  0.331659
 0.574  0.331133
 0.575  0.331251
 0.576  0.330464
 0.577  0.330647
 0.578  0.329057
 0.579  0.333181
 0.580  0.232021
 0.581  0.231897
 0.582  0.231800
 0.583  0.231675
 0.584  0.231558
 0.585  0.231455
 0.586  0.231364
 0.587  0.231254
 0.588  0.231154
 0.589  0.231084
 0.590  0.230979
 0.591  0.230883
 0.592  0.230799
 0.593  0.230730
 0.594  0.230637
 0.595  0.230553
 0.596  0.230500
 0.597  0.230412
 0.598  0.230330
 0.599  0.230261
 0.600  0.230207
 0.601  0.230127
 0.602  0.230056
 0.603  0.230019
 0.604  0.229941
 0.605  0.229870
 0.606  0.229814
 0.607  0.229770
 0.608  0.229700
 0.609  0.229641
 0.610  0.229614
 0.611  0.229545
 0.612  0.229484
 0.613  0.229439
 0.614  0.229402
 0.615  0.229342
 0.616  0.229292
 0.617  0.229272
 0.618  0.229211
 0.619  0.229160
 0.620  0.229129
 0.621  0.229093
 0.622  0.229041
 0.623  0.229002
 0.624  0.228986
 0.625  0.228933
 0.626  0.228891
 0.627  0.228889
 0.628  0.228836
 0.629  0.228792
 0.630  0.228766
 0.631  0.228748
 0.632  0.228704
 0.633  0.228672
 0.634  0.228671
 0.635  0.228625
 0.636  0.228591
 0.637  0.228589
 0.638  0.228556
 0.639  0.228520
 0.640  0.228503
 0.641  0.228496
 0.642  0.228459
 0.643  0.228436
 0.644  0.228444
 0.645  0.228406
 0.646  0.228381
 0.647  0.228401
 0.648  0.228362
 0.649  0.228335
 0.650  0.228332
 0.651  0.228327
 0.652  0.228298
 0.653  0.228288
 0.654  0.228299
 0.655  0.228270
 0.656  0.228256
 0.657  0.228279
 0.658  0.228249
 0.659  0.228233
 0.660  0.228267
 0.661  0.228236
 0.662  0.228219
 0.663  0.228230
 0.664  0.228231
 0.665  0.228213
 0.666  0.228217
 0.667  0.228234
 0.668  0.228214
 0.669  0.228215
 0.670  0.228243
 0.671  0.228224
 0.672  0.228222
 0.673  0.228259
 0.674  0.228240
 0.675  0.228237
 0.676  0.228283
 0.677  0.228264
 0.678  0.228260
 0.679  0.228314
 0.680  0.228295
 0.681  0.228290
 0.682  0.228324
 0.683  0.228332
 0.684  0.228328
 0.685  0.228357
 0.686  0.228377
 0.687  0.228374
 0.688  0.228400
 0.689  0.228429
 0.690  0.228426
 0.691  0.228451
 0.692  0.228487
 0.693  0.228485
 0.694  0.228511
 0.695  0.228552
 0.696  0.228552
 0.697  0.228579
 0.698  0.228624
 0.699  0.228626
 0.700  0.228655
 0.701  0.228703
 0.702  0.228707
 0.703  0.228738
 0.704  0.228789
 0.705  0.228794
 0.706  0.228830
 0.707  0.228881
 0.708  0.228890
 0.709  0.228930
 0.710  0.228981
 0.711  0.228992
 0.712  0.229039
 0.713  0.229088
 0.714  0.229102
 0.715  0.229159
 0.716  0.229201
 0.717  0.229221
 0.718  0.229291
 0.719  0.229323
 0.720  0.229347
 0.721  0.229445
 0.722  0.229451
 0.723  0.229481
 0.724  0.229576
 0.725  0.229587
 0.726  0.229625
 0.727  0.229716
 0.728  0.229732
 0.729  0.229779
 0.730  0.229863
 0.731  0.229885
 0.732  0.229945
 0.733  0.230018
 0.734  0.230047
 0.735  0.230131
 0.736  0.230181
 0.737  0.230219
 0.738  0.230334
 0.739  0.230353
 0.740  0.230403
 0.741  0.230507
 0.742  0.230535
 0.743  0.230601
 0.744  0.230690
 0.745  0.230727
 0.746  0.230825
 0.747  0.230882
 0.748  0.230932
 0.749  0.231056
 0.750  0.231085
 0.751  0.231153
 0.752  0.231259
 0.753  0.231300
 0.754  0.231400
 0.755  0.231473
 0.756  0.231529
 0.757  0.231663
 0.758  0.231699
 0.759  0.231778
 0.760  0.231889
 0.761  0.231939
 0.762  0.232080
 0.763  0.232127
 0.764  0.232198
 0.765  0.232331
 0.766  0.232380
 0.767  0.232489
 0.768  0.232583
 0.769  0.232652
 0.770  0.232801
 0.771  0.232849
 0.772  0.232954
 0.773  0.233066
 0.774  0.233137
 0.775  0.233297
 0.776  0.233348
 0.777  0.233458
 0.778  0.233577
 0.779  0.233653
 0.780  0.233820
 0.781  0.233877
 0.782  0.234000
 0.783  0.234117
 0.784  0.234204
 0.785  0.234370
 0.786  0.234437
 0.787  0.234595
 0.788  0.234687
 0.789  0.234792
 0.790  0.234950
 0.791  0.235032
 0.792  0.235226
 0.793  0.235291
 0.794  0.235428
 0.795  0.235563
 0.796  0.235668
 0.797  0.235847
 0.798  0.235932
 0.799  0.236142
 0.800  0.236213
 0.801  0.236363
 0.802  0.236505
 0.803  0.236624
 0.804  0.236808
 0.805  0.236908
 0.806  0.237121
 0.807  0.237207
 0.808  0.237429
 0.809  0.237517
 0.810  0.237674
 0.811  0.237838
 0.812  0.237971
 0.813  0.238168
 0.814  0.238285
 0.815  0.238507
 0.816  0.238612
 0.817  0.238854
 0.818  0.238950
 0.819  0.239209
 0.820  0.239297
 0.821  0.239499
 0.822  0.239654
 0.823  0.239831
 0.824  0.240018
 0.825  0.240183
 0.826  0.240392
 0.827  0.240547
 0.828  0.240772
 0.829  0.240922
 0.830  0.241160
 0.831  0.241308
 0.832  0.241556
 0.833  0.241703
 0.834  0.241959
 0.835  0.242107
 0.836  0.242369
 0.837  0.242522
 0.838  0.242787
 0.839  0.242946
 0.840  0.243213
 0.841  0.243380
 0.842  0.243646
 0.843  0.243827
 0.844  0.244087
 0.845  0.244287
 0.846  0.244538
 0.847  0.244765
 0.848  0.244998
 0.849  0.245277
 0.850  0.245470
 0.851  0.245815
 0.852  0.245953
 0.853  0.246289
 0.854  0.246452
 0.855  0.246774
 0.856  0.246972
 0.857  0.247270
 0.858  0.247526
 0.859  0.247783
 0.860  0.248158
 0.861  0.248314
 0.862  0.248670
 0.863  0.248873
 0.864  0.249197
 0.865  0.249488
 0.866  0.249746
 0.867  0.250137
 0.868  0.250329
 0.869  0.250684
 0.870  0.250976
 0.871  0.251258
 0.872  0.251664
 0.873  0.251879
 0.874  0.252238
 0.875  0.252654
 0.876  0.252854
 0.877  0.253255
 0.878  0.253562
 0.879  0.253874
 0.880  0.254302
 0.881  0.254579
 0.882  0.254930
 0.883  0.255376
 0.884  0.255654
 0.885  0.256019
 0.886  0.256474
 0.887  0.256786
 0.888  0.257142
 0.889  0.257598
 0.890  0.258040
 0.891  0.258311
 0.892  0.258754
 0.893  0.259254
 0.894  0.259556
 0.895  0.259956
 0.896  0.260436
 0.897  0.260961
 0.898  0.261257
 0.899  0.261680
 0.900  0.262173
 0.901  0.262708
 0.902  0.263126
 0.903  0.263499
 0.904  0.263978
 0.905  0.264500
 0.906  0.265053
 0.907  0.265628
 0.908  0.265949
 0.909  0.266415
 0.910  0.266930
 0.911  0.267472
 0.912  0.268035
 0.913  0.268610
 0.914  0.269196
 0.915  0.269786
 0.916  0.270385
 0.917  0.270883
 0.918  0.271371
 0.919  0.271926
 0.920  0.272509
 0.921  0.273116
 0.922  0.273761
 0.923  0.274492
 0.924  0.275129
 0.925  0.275705
 0.926  0.276281
 0.927  0.276864
 0.928  0.277462
 0.929  0.278101
 0.930  0.278844
 0.931  0.279748
 0.932  0.280271
 0.933  0.280871
 0.934  0.281768
 0.935  0.282475
 0.936  0.283053
 0.937  0.284140
 0.938  0.284583
 0.939  0.285711
 0.940  0.286122
 0.941  0.287110
 0.942  0.288289
 0.943  0.288568
 0.944  0.289384
 0.945  0.290241
 0.946  0.291066
 0.947  0.292002
 0.948  0.293329
 0.949  0.293679
 0.950  0.294632
 0.951  0.295412
 0.952  0.296841
 0.953  0.297183
 0.954  0.297480
 0.955  0.000000
 0.956  0.000000
 0.957  0.000000
 0.958  0.000000
 0.959  0.000000
 0.960  0.000000
 0.961  0.000000
 0.962  0.000000
 0.963  0.000000
 0.964  0.000000
 0.965  0.000000
 0.966  0.000000
 0.967  0.000000
 0.968  0.000000
 0.969  0.000000
 0.970  0.000000
 0.971  0.000000
 0.972  0.000000
 0.973  0.000000
 0.974  0.000000
 0.975  0.000000
 0.976  0.000000
 0.977  0.000000
 0.978  0.000000
 0.979  0.000000
 0.980  0.000000
 0.981  0.000000
 0.982  0.000000
 0.983  0.000000
 0.984  0.000000
 0.985  0.000000
 0.986  0.000000
 0.987  0.000000
 0.988  0.000000
 0.989  0.000000
 0.990  0.000000
 0.991  0.000000
 0.992  0.000000
 0.993  0.000000
 0.994  0.000000
 0.995  0.000000
 0.996  0.000000
 0.997  0.000000
 0.998  0.000000
 0.999  0.000000
 1.000  0.000000
