-0.400  0.000000
-0.399  0.000000
-0.398  0.000000
-0.397  0.000000
-0.396  0.000000
-0.395  0.000000
-0.394  0.000000
-0.393  0.000000
-0.392  0.000000
-0.391  0.000000
-0.390  0.000000
-0.389  0.000000
-0.388  0.000000
-0.387  0.000000
-0.386  0.000000
-0.385  0.000000
-0.384  0.000000
-0.383  0.000000
-0.382  0.000000
-0.381  0.000000
-0.380  0.000000
-0.379  0.000000
-0.378  0.000000
-0.377  0.000000
-0.376  0.000000
-0.375  0.000000
-0.374  0.000000
-0.373  0.000000
-0.372  0.000000
-0.371  0.000000
-0.370  0.000000
-0.369  0.000000
-0.368  0.000000
-0.367  0.000000
-0.366  0.000000
-0.365  0.000000
-0.364  0.000000
-0.363  0.000000
-0.362  0.000000
-0.361  0.000000
-0.360  0.000000
-0.359  0.000000
-0.358  0.000000
-0.357  0.000000
-0.356  0.000000
-0.355  0.000000
-0.354  0.000000
-0.353  0.000000
-0.352  0.000000
-0.351  0.000000
-0.350  0.000000
-0.349  0.000000
-0.348  0.000000
-0.347  0.000000
-0.346  0.000000
-0.345  0.000000
-0.344  0.000000
-0.343  0.000000
-0.342  0.000000
-0.341  0.000000
-0.340  0.000000
-0.339  0.000000
-0.338  0.000000
-0.337  0.000000
-0.336  0.000000
-0.335  0.000000
-0.334  0.000000
-0.333  0.000000
-0.332  0.000000
-0.331  0.000000
-0.330  0.000000
-0.329  0.000000
-0.328  0.000000
-0.327  0.000000
-0.326  0.000000
-0.325  0.000000
-0.324  0.000000
-0.323  0.000000
-0.322  0.000000
-0.321  0.000000
-0.320  0.000000
-0.319  0.000000
-0.318  0.000000
-0.317  0.000000
-0.316  0.000000
-0.315  0.000000
-0.314  0.000000
-0.313  0.000000
-0.312  0.000000
-0.311  0.000000
-0.310  0.000000
-0.309  0.000000
-0.308  0.000000
-0.307  0.000000
-0.306  0.000000
-0.305  0.000000
-0.304  0.000000
-0.303  0.000000
-0.302  0.000000
-0.301  0.000000
-0.300  0.000000
-0.299  0.000000
-0.298  0.000000
-0.297  0.000000
-0.296  0.000000
-0.295  0.000000
-0.294  0.000000
-0.293  0.000000
-0.292  0.000000
-0.291  0.000000
-0.290  0.000000
-0.289  0.000000
-0.288  0.000000
-0.287  0.000000
-0.286  0.000000
-0.285  0.451771
-0.284  0.436852
-0.283  0.423711
-0.282  0.414657
-0.281  0.408550
-0.280  0.403226
-0.279  0.398563
-0.278  0.395130
-0.277  0.392690
-0.276  0.391099
-0.275  0.389896
-0.274  0.388668
-0.273  0.388320
-0.272  0.387975
-0.271  0.387964
-0.270  0.388330
-0.269  0.389150
-0.268  0.390540
-0.267  0.391809
-0.266  0.393595
-0.265  0.395783
-0.264  0.398183
-0.263  2.598525
-0.262  1.675854
-0.261  1.477102
-0.260  1.381764
-0.259  1.326203
-0.258  1.290557
-0.257  1.265883
-0.256  1.248640
-0.255  1.237212
-0.254  1.226782
-0.253  1.221890
-0.252  1.220071
-0.251  1.218358
-0.250  1.219038
-0.249  1.222058
-0.248  1.225181
-0.247  1.229829
-0.246  1.236692
-0.245  1.243595
-0.244  1.251308
-0.243  1.260282
-0.242  1.270592
-0.241  1.281484
-0.240  1.294194
-0.239  1.307663
-0.238  1.322074
-0.237  1.337359
-0.236  1.590636
-0.235  1.618605
-0.234  1.647050
-0.233  1.678578
-0.232  1.711297
-0.231  1.746359
-0.230  1.782416
-0.229  1.819678
-0.228  1.859303
-0.227  1.901180
-0.226  1.943721
-0.225  1.988907
-0.224  2.036961
-0.223  2.086061
-0.222  2.137390
-0.221  2.191522
-0.220  2.249890
-0.219  2.310465
-0.218  2.373017
-0.217  2.442566
-0.216  2.515133
-0.215  2.595919
-0.214  2.682248
-0.213  2.778307
-0.212  2.885572
-0.211  3.007841
-0.210  3.152286
-0.209  3.328357
-0.208  3.554103
-0.207  3.870925
-0.206  4.402126
-0.205  7.337445
-0.204  4.540797
-0.203  4.069828
-0.202  3.754938
-0.201  3.534447
-0.200  3.368939
-0.199  3.237686
-0.198  3.128203
-0.197  3.034793
-0.196  2.956622
-0.195  2.888257
-0.194  2.828392
-0.193  2.772856
-0.192  2.726982
-0.191  2.684349
-0.190  2.646136
-0.189  2.610539
-0.188  2.579940
-0.187  2.551222
-0.186  2.525072
-0.185  2.500521
-0.184  2.477924
-0.183  2.458342
-0.182  2.439096
-0.181  2.421791
-0.180  2.405053
-0.179  2.390714
-0.178  2.374149
-0.177  2.329104
-0.176  2.333543
-0.175  2.338123
-0.174  2.343987
-0.173  2.351214
-0.172  2.418450
-0.171  2.453048
-0.170  2.490829
-0.169  2.536342
-0.168  2.592876
-0.167  2.677117
-0.166  2.819173
-0.165  3.342825
-0.164  2.846047
-0.163  2.682306
-0.162  2.201103
-0.161  2.139650
-0.160  2.092164
-0.159  2.054167
-0.158  2.022316
-0.157  1.994469
-0.156  1.970240
-0.155  1.949031
-0.154  1.930668
-0.153  1.913590
-0.152  1.898117
-0.151  1.883967
-0.150  1.870936
-0.149  1.859505
-0.148  1.848735
-0.147  1.839011
-0.146  1.829832
-0.145  1.821989
-0.144  1.814428
-0.143  1.807644
-0.142  1.801406
-0.141  1.796235
-0.140  1.791179
-0.139  1.786881
-0.138  1.783256
-0.137  1.780290
-0.136  1.777893
-0.135  1.775853
-0.134  1.774600
-0.133  1.773483
-0.132  1.773207
-0.131  1.773419
-0.130  1.774561
-0.129  1.776133
-0.128  1.778275
-0.127  1.781524
-0.126  1.785248
-0.125  1.789536
-0.124  1.795190
-0.123  1.801242
-0.122  1.808741
-0.121  1.816717
-0.120  1.826506
-0.119  1.837370
-0.118  1.850516
-0.117  1.865566
-0.116  1.884188
-0.115  1.904132
-0.114  1.928903
-0.113  1.961440
-0.112  1.999738
-0.111  2.055196
-0.110  2.140685
-0.109  2.314299
-0.108  2.391885
-0.107  2.226467
-0.106  2.446051
-0.105  1.558846
-0.104  1.580813
-0.103  1.601917
-0.102  1.624511
-0.101  1.648070
-0.100  1.673110
-0.099  1.700004
-0.098  1.727457
-0.097  1.757398
-0.096  1.789295
-0.095  1.824188
-0.094  1.861343
-0.093  1.902220
-0.092  1.947068
-0.091  1.996398
-0.090  2.051999
-0.089  2.117457
-0.088  2.188705
-0.087  2.276991
-0.086  2.381832
-0.085  2.517457
-0.084  2.698163
-0.083  2.985171
-0.082  3.650303
-0.081  3.418384
-0.080  2.893696
-0.079  2.660974
-0.078  2.546855
-0.077  2.612969
-0.076  2.357355
-0.075  2.161618
-0.074  2.024215
-0.073  1.919660
-0.072  1.832577
-0.071  1.758219
-0.070  1.694309
-0.069  1.636375
-0.068  1.585988
-0.067  1.541610
-0.066  1.227131
-0.065  0.796162
-0.064  0.800683
-0.063  0.805002
-0.062  0.809742
-0.061  0.814725
-0.060  0.819716
-0.059  0.825029
-0.058  0.830403
-0.057  0.835648
-0.056  0.841414
-0.055  0.847486
-0.054  0.853871
-0.053  0.860596
-0.052  0.867306
-0.051  0.874608
-0.050  0.882271
-0.049  0.890055
-0.048  0.898568
-0.047  0.907449
-0.046  0.917008
-0.045  0.927604
-0.044  0.938770
-0.043  0.951485
-0.042  0.965326
-0.041  0.980242
-0.040  0.997306
-0.039  1.016266
-0.038  1.038289
-0.037  1.066545
-0.036  1.098937
-0.035  1.143773
-0.034  1.204909
-0.033  1.308895
-0.032  1.589937
-0.031  1.205146
-0.030  1.074574
-0.029  1.025850
-0.028  0.995402
-0.027  0.974094
-0.026  0.959174
-0.025  0.947054
-0.024  0.938334
-0.023  0.931079
-0.022  0.924702
-0.021  0.919433
-0.020  0.915026
-0.019  0.911229
-0.018  0.908067
-0.017  0.905392
-0.016  0.902869
-0.015  0.900904
-0.014  0.899159
-0.013  0.897420
-0.012  0.896193
-0.011  0.895194
-0.010  0.894586
-0.009  0.894050
-0.008  0.893741
-0.007  0.893249
-0.006  0.892967
-0.005  0.893385
-0.004  0.893678
-0.003  0.893931
-0.002  0.894653
-0.001  0.895404
 0.000  0.896673
 0.001  0.897685
 0.002  0.899331
 0.003  0.901412
 0.004  0.903505
 0.005  0.906261
 0.006  0.909127
 0.007  0.912833
 0.008  0.917553
 0.009  0.923190
 0.010  0.929852
 0.011  0.938428
 0.012  0.949140
 0.013  0.964010
 0.014  0.987835
 0.015  1.028415
 0.016  1.199699
 0.017  1.018142
 0.018  0.972151
 0.019  0.943377
 0.020  0.921324
 0.021  0.903826
 0.022  0.888521
 0.023  0.875925
 0.024  0.864249
 0.025  0.853470
 0.026  0.843552
 0.027  0.834238
 0.028  0.825347
 0.029  0.816819
 0.030  0.808803
 0.031  0.801181
 0.032  0.794408
 0.033  0.787214
 0.034  0.780299
 0.035  0.773829
 0.036  0.767615
 0.037  0.761186
 0.038  0.755121
 0.039  0.749513
 0.040  0.743505
 0.041  0.738169
 0.042  0.732564
 0.043  0.726967
 0.044  0.722074
 0.045  0.716500
 0.046  0.711822
 0.047  0.706667
 0.048  0.701676
 0.049  0.696994
 0.050  0.692173
 0.051  0.687543
 0.052  0.682931
 0.053  0.678403
 0.054  0.673955
 0.055  0.669712
 0.056  0.665218
 0.057  0.661187
 0.058  0.657049
 0.059  0.652850
 0.060  0.649104
 0.061  0.645024
 0.062  0.641301
 0.063  0.637514
 0.064  0.634018
 0.065  0.630302
 0.066  0.627095
 0.067  0.623875
 0.068  0.620699
 0.069  0.617864
 0.070  0.614892
 0.071  0.612258
 0.072  0.609721
 0.073  0.607859
 0.074  0.605721
 0.075  0.604035
 0.076  0.602716
 0.077  0.601494
 0.078  0.601335
 0.079  0.600880
 0.080  0.600405
 0.081  0.600597
 0.082  0.600268
 0.083  0.600626
 0.084  0.967960
 0.085  0.993843
 0.086  1.018342
 0.087  1.039464
 0.088  1.070222
 0.089  1.102367
 0.090  1.139797
 0.091  1.185833
 0.092  1.246221
 0.093  1.225467
 0.094  1.378870
 0.095  1.968125
 0.096  1.409004
 0.097  1.237700
 0.098  1.137837
 0.099  1.072169
 0.100  1.022187
 0.101  0.981403
 0.102  0.951621
 0.103  0.922365
 0.104  0.902825
 0.105  0.883216
 0.106  0.869225
 0.107  0.858914
 0.108  0.852094
 0.109  0.852466
 0.110  0.862854
 0.111  0.899205
 0.112  1.093550
 0.113  0.790162
 0.114  0.744743
 0.115  0.712816
 0.116  0.687172
 0.117  0.536791
 0.118  0.519096
 0.119  0.506068
 0.120  0.787588
 0.121  1.520676
 0.122  1.654383
 0.123  1.583719
 0.124  2.140940
 0.125  2.174356
 0.126  1.361794
 0.127  1.117155
 0.128  1.110034
 0.129  1.254949
 0.130  1.237905
 0.131  1.225051
 0.132  1.224827
 0.133  1.230454
 0.134  1.235999
 0.135  1.253875
 0.136  1.281988
 0.137  1.303087
 0.138  1.347084
 0.139  1.401667
 0.140  1.481050
 0.141  1.722093
 0.142  1.581904
 0.143  1.519401
 0.144  1.489536
 0.145  1.472850
 0.146  1.454751
 0.147  1.449531
 0.148  1.446784
 0.149  1.459331
 0.150  1.472822
 0.151  1.516143
 0.152  1.660614
 0.153  1.538005
 0.154  1.437543
 0.155  1.381740
 0.156  1.337516
 0.157  1.301846
 0.158  1.272445
 0.159  1.245095
 0.160  1.223221
 0.161  1.199465
 0.162  1.180874
 0.163  1.160493
 0.164  1.142704
 0.165  1.125281
 0.166  1.109828
 0.167  1.092797
 0.168  1.079054
 0.169  1.064272
 0.170  1.049882
 0.171  1.037532
 0.172  1.023020
 0.173  1.011048
 0.174  0.998405
 0.175  0.987060
 0.176  0.974416
 0.177  0.963408
 0.178  0.953159
 0.179  0.940636
 0.180  0.930398
 0.181  0.920074
 0.182  0.908634
 0.183  0.898495
 0.184  0.888733
 0.185  0.878652
 0.186  0.867541
 0.187  0.858735
 0.188  0.849843
 0.189  0.837951
 0.190  0.829733
 0.191  0.819809
 0.192  0.809657
 0.193  0.802163
 0.194  0.791560
 0.195  0.782860
 0.196  0.773733
 0.197  0.762691
 0.198  0.753691
 0.199  0.746542
 0.200  0.737584
 0.201  0.727352
 0.202  0.717881
 0.203  0.708263
 0.204  0.701582
 0.205  0.693642
 0.206  0.681789
 0.207  0.877068
 0.208  0.873747
 0.209  0.865092
 0.210  0.868840
 0.211  0.837958
 0.212  0.846447
 0.213  0.854662
 0.214  0.750960
 0.215  0.820190
 0.216  0.936417
 0.217  0.869708
 0.218  0.873239
 0.219  0.903792
 0.220  0.922088
 0.221  0.875403
 0.222  0.854354
 0.223  0.846899
 0.224  0.835941
 0.225  0.830233
 0.226  0.826539
 0.227  0.826354
 0.228  0.825579
 0.229  0.829053
 0.230  0.828494
 0.231  0.831393
 0.232  0.835828
 0.233  0.842958
 0.234  0.861306
 0.235  0.870639
 0.236  0.901629
 0.237  0.936516
 0.238  1.004612
 0.239  1.197339
 0.240  1.134439
 0.241  0.467905
 0.242  0.430136
 0.243  0.406835
 0.244  0.393192
 0.245  0.380631
 0.246  0.371197
 0.247  0.362445
 0.248  0.355814
 0.249  0.349574
 0.250  0.343844
 0.251  0.482944
 0.252  0.489147
 0.253  0.489626
 0.254  0.495307
 0.255  0.497220
 0.256  0.504723
 0.257  0.514140
 0.258  0.519710
 0.259  0.526941
 0.260  0.534292
 0.261  0.543489
 0.262  0.554508
 0.263  0.563209
 0.264  0.575052
 0.265  0.592287
 0.266  0.603807
 0.267  0.615799
 0.268  0.630880
 0.269  0.661253
 0.270  0.672488
 0.271  0.695934
 0.272  0.752316
 0.273  0.815795
 0.274  1.382451
 0.275  1.432743
 0.276  1.164047
 0.277  1.059132
 0.278  0.997271
 0.279  0.954964
 0.280  0.923319
 0.281  0.898562
 0.282  0.878452
 0.283  0.861404
 0.284  0.846982
 0.285  0.834447
 0.286  0.823293
 0.287  0.813248
 0.288  0.804402
 0.289  0.795943
 0.290  0.788543
 0.291  0.781763
 0.292  0.775057
 0.293  0.769315
 0.294  0.763456
 0.295  0.758232
 0.296  0.753321
 0.297  0.748413
 0.298  0.743999
 0.299  0.739481
 0.300  0.735578
 0.301  0.731459
 0.302  0.727723
 0.303  0.724084
 0.304  0.720489
 0.305  0.717141
 0.306  0.713690
 0.307  0.710508
 0.308  0.707418
 0.309  0.704347
 0.310  0.701396
 0.311  0.698719
 0.312  0.695737
 0.313  0.693097
 0.314  0.690285
 0.315  0.687712
 0.316  0.685301
 0.317  0.682647
 0.318  0.680382
 0.319  0.677741
 0.320  0.675527
 0.321  0.673244
 0.322  0.670765
 0.323  0.668793
 0.324  0.666237
 0.325  0.664442
 0.326  0.662008
 0.327  0.660206
 0.328  0.658032
 0.329  0.656004
 0.330  0.654094
 0.331  0.651848
 0.332  0.650168
 0.333  0.647968
 0.334  0.646337
 0.335  0.644273
 0.336  0.642537
 0.337  0.640636
 0.338  0.638807
 0.339  0.636994
 0.340  0.635308
 0.341  0.633563
 0.342  0.631857
 0.343  0.630085
 0.344  0.628380
 0.345  0.626678
 0.346  0.624900
 0.347  0.623327
 0.348  0.621666
 0.349  0.620221
 0.350  0.618378
 0.351  0.617116
 0.352  0.615230
 0.353  0.614025
 0.354  0.612114
 0.355  0.610951
 0.356  0.609037
 0.357  0.607896
 0.358  0.606135
 0.359  0.604913
 0.360  0.603309
 0.361  0.601936
 0.362  0.600501
 0.363  0.598978
 0.364  0.597519
 0.365  0.596315
 0.366  0.594736
 0.367  0.593356
 0.368  0.591953
 0.369  0.590579
 0.370  0.589459
 0.371  0.588034
 0.372  0.586701
 0.373  0.585590
 0.374  0.583552
 0.375  0.579106
 0.376  0.579410
 0.377  0.579922
 0.378  0.580014
 0.379  0.580693
 0.380  0.587776
 0.381  0.593617
 0.382  0.604406
 0.383  0.614868
 0.384  0.598656
 0.385  0.590684
 0.386  0.586218
 0.387  0.582413
 0.388  0.578838
 0.389  0.575916
 0.390  0.573080
 0.391  0.570491
 0.392  0.567790
 0.393  0.565494
 0.394  0.562980
 0.395  0.560845
 0.396  0.558331
 0.397  0.556337
 0.398  0.554027
 0.399  0.551983
 0.400  0.549594
 0.401  0.547873
 0.402  0.545508
 0.403  0.543521
 0.404  0.541374
 0.405  0.539550
 0.406  0.537261
 0.407  0.535406
 0.408  0.533542
 0.409  0.531389
 0.410  0.529273
 0.411  0.527457
 0.412  0.525450
 0.413  0.523116
 0.414  0.521538
 0.415  0.519473
 0.416  0.517515
 0.417  0.515467
 0.418  0.513865
 0.419  0.511669
 0.420  0.509352
 0.421  0.530209
 0.422  0.528752
 0.423  0.528005
 0.424  0.527848
 0.425  0.526137
 0.426  0.525302
 0.427  0.523961
 0.428  0.523764
 0.429  0.522350
 0.430  0.521293
 0.431  0.521017
 0.432  0.519142
 0.433  0.518426
 0.434  0.518119
 0.435  0.516512
 0.436  0.515537
 0.437  0.515203
 0.438  0.513808
 0.439  0.512757
 0.440  0.512230
 0.441  0.511197
 0.442  0.510026
 0.443  0.509313
 0.444  0.508795
 0.445  0.507398
 0.446  0.507074
 0.447  0.505874
 0.448  0.504976
 0.449  0.503580
 0.450  0.503038
 0.451  0.503161
 0.452  0.500852
 0.453  0.500276
 0.454  0.500892
 0.455  0.498206
 0.456  0.497696
 0.457  0.497897
 0.458  0.495895
 0.459  0.495952
 0.460  0.494946
 0.461  0.493854
 0.462  0.492999
 0.463  0.491377
 0.464  0.492061
 0.465  0.490424
 0.466  0.489312
 0.467  0.488920
 0.468  0.487007
 0.469  0.489117
 0.470  0.485912
 0.471  0.485665
 0.472  0.485435
 0.473  0.482950
 0.474  0.483051
 0.475  0.483166
 0.476  0.482684
 0.477  0.480910
 0.478  0.482004
 0.479  0.478557
 0.480  0.480277
 0.481  0.477205
 0.482  0.477735
 0.483  0.476211
 0.484  0.475579
 0.485  0.474129
 0.486  0.476112
 0.487  0.472398
 0.488  0.475660
 0.489  0.469977
 0.490  0.472234
 0.491  0.469660
 0.492  0.469410
 0.493  0.468121
 0.494  0.466333
 0.495  0.470558
 0.496  0.466378
 0.497  0.466119
 0.498  0.466851
 0.499  0.465063
 0.500  0.462295
 0.501  0.464143
 0.502  0.464842
 0.503  0.461560
 0.504  0.458692
 0.505  0.459861
 0.506  0.458584
 0.507  0.460174
 0.508  0.457129
 0.509  0.459289
 0.510  0.453736
 0.511  0.451215
 0.512  0.482131
 0.513  0.451085
 0.514  0.452644
 0.515  0.446291
 0.516  0.469341
 0.517  0.381301
 0.518  0.381145
 0.519  0.382847
 0.520  0.390403
 0.521  0.390802
 0.522  0.392183
 0.523  0.393880
 0.524  0.397467
 0.525  0.403950
 0.526  0.410696
 0.527  0.416418
 0.528  0.417301
 0.529  0.418773
 0.530  0.425841
 0.531  0.434648
 0.532  0.441207
 0.533  0.452950
 0.534  0.468017
 0.535  0.521145
 0.536  0.496745
 0.537  0.477701
 0.538  0.468582
 0.539  0.462778
 0.540  0.458232
 0.541  0.454947
 0.542  0.452293
 0.543  0.449825
 0.544  0.447944
 0.545  0.446297
 0.546  0.444453
 0.547  0.443009
 0.548  0.441805
 0.549  0.440702
 0.550  0.439377
 0.551  0.438215
 0.552  0.437159
 0.553  0.436210
 0.554  0.435352
 0.555  0.434465
 0.556  0.433577
 0.557  0.432543
 0.558  0.431751
 0.559  0.431240
 0.560  0.430499
 0.561  0.429503
 0.562  0.428419
 0.563  0.427916
 0.564  0.427380
 0.565  0.426431
 0.566  0.425746
 0.567  0.425239
 0.568  0.423976
 0.569  0.421988
 0.570  0.232762
 0.571  0.232603
 0.572  0.232461
 0.573  0.232323
 0.574  0.232178
 0.575  0.232045
 0.576  0.231936
 0.577  0.231802
 0.578  0.231677
 0.579  0.231567
 0.580  0.231466
 0.581  0.231349
 0.582  0.231242
 0.583  0.231164
 0.584  0.231053
 0.585  0.230952
 0.586  0.230864
 0.587  0.230787
 0.588  0.230689
 0.589  0.230601
 0.590  0.230544
 0.591  0.230450
 0.592  0.230365
 0.593  0.230293
 0.594  0.230233
 0.595  0.230150
 0.596  0.230077
 0.597  0.230035
 0.598  0.229953
 0.599  0.229881
 0.600  0.229823
 0.601  0.229775
 0.602  0.229703
 0.603  0.229642
 0.604  0.229611
 0.605  0.229540
 0.606  0.229478
 0.607  0.229433
 0.608  0.229392
 0.609  0.229330
 0.610  0.229280
 0.611  0.229257
 0.612  0.229195
 0.613  0.229143
 0.614  0.229114
 0.615  0.229073
 0.616  0.229020
 0.617  0.228981
 0.618  0.228962
 0.619  0.228909
 0.620  0.228867
 0.621  0.228863
 0.622  0.228809
 0.623  0.228765
 0.624  0.228740
 0.625  0.228720
 0.626  0.228675
 0.627  0.228644
 0.628  0.228640
 0.629  0.228594
 0.630  0.228561
 0.631  0.228570
 0.632  0.228524
 0.633  0.228489
 0.634  0.228473
 0.635  0.228463
 0.636  0.228427
 0.637  0.228405
 0.638  0.228411
 0.639  0.228374
 0.640  0.228349
 0.641  0.228368
 0.642  0.228330
 0.643  0.228303
 0.644  0.228302
 0.645  0.228294
 0.646  0.228266
 0.647  0.228257
 0.648  0.228267
 0.649  0.228238
 0.650  0.228225
 0.651  0.228248
 0.652  0.228219
 0.653  0.228203
 0.654  0.228237
 0.655  0.228207
 0.656  0.228190
 0.657  0.228203
 0.658  0.228203
 0.659  0.228185
 0.660  0.228190
 0.661  0.228206
 0.662  0.228188
 0.663  0.228189
 0.664  0.228217
 0.665  0.228198
 0.666  0.228198
 0.667  0.228235
 0.668  0.228217
 0.669  0.228214
 0.670  0.228261
 0.671  0.228242
 0.672  0.228239
 0.673  0.228293
 0.674  0.228275
 0.675  0.228272
 0.676  0.228308
 0.677  0.228315
 0.678  0.228312
 0.679  0.228342
 0.680  0.228361
 0.681  0.228359
 0.682  0.228387
 0.683  0.228415
 0.684  0.228414
 0.685  0.228440
 0.686  0.228476
 0.687  0.228475
 0.688  0.228503
 0.689  0.228544
 0.690  0.228545
 0.691  0.228573
 0.692  0.228619
 0.693  0.228621
 0.694  0.228651
 0.695  0.228700
 0.696  0.228705
 0.697  0.228738
 0.698  0.228789
 0.699  0.228795
 0.700  0.228832
 0.701  0.228884
 0.702  0.228894
 0.703  0.228935
 0.704  0.228987
 0.705  0.229000
 0.706  0.229048
 0.707  0.229097
 0.708  0.229113
 0.709  0.229171
 0.710  0.229214
 0.711  0.229234
 0.712  0.229307
 0.713  0.229339
 0.714  0.229364
 0.715  0.229463
 0.716  0.229471
 0.717  0.229502
 0.718  0.229599
 0.719  0.229611
 0.720  0.229650
 0.721  0.229742
 0.722  0.229759
 0.723  0.229808
 0.724  0.229893
 0.725  0.229916
 0.726  0.229978
 0.727  0.230052
 0.728  0.230082
 0.729  0.230168
 0.730  0.230219
 0.731  0.230259
 0.732  0.230375
 0.733  0.230395
 0.734  0.230447
 0.735  0.230553
 0.736  0.230581
 0.737  0.230650
 0.738  0.230740
 0.739  0.230779
 0.740  0.230879
 0.741  0.230937
 0.742  0.230988
 0.743  0.231114
 0.744  0.231145
 0.745  0.231214
 0.746  0.231323
 0.747  0.231365
 0.748  0.231467
 0.749  0.231542
 0.750  0.231599
 0.751  0.231736
 0.752  0.231773
 0.753  0.231854
 0.754  0.231967
 0.755  0.232019
 0.756  0.232163
 0.757  0.232211
 0.758  0.232284
 0.759  0.232419
 0.760  0.232470
 0.761  0.232581
 0.762  0.232677
 0.763  0.232748
 0.764  0.232899
 0.765  0.232950
 0.766  0.233058
 0.767  0.233171
 0.768  0.233244
 0.769  0.233407
 0.770  0.233460
 0.771  0.233573
 0.772  0.233694
 0.773  0.233773
 0.774  0.233942
 0.775  0.234002
 0.776  0.234129
 0.777  0.234247
 0.778  0.234337
 0.779  0.234506
 0.780  0.234575
 0.781  0.234739
 0.782  0.234831
 0.783  0.234939
 0.784  0.235100
 0.785  0.235184
 0.786  0.235381
 0.787  0.235449
 0.788  0.235592
 0.789  0.235727
 0.790  0.235836
 0.791  0.236018
 0.792  0.236107
 0.793  0.236319
 0.794  0.236393
 0.795  0.236550
 0.796  0.236692
 0.797  0.236816
 0.798  0.237002
 0.799  0.237106
 0.800  0.237322
 0.801  0.237413
 0.802  0.237652
 0.803  0.237730
 0.804  0.237895
 0.805  0.238059
 0.806  0.238198
 0.807  0.238397
 0.808  0.238520
 0.809  0.238744
 0.810  0.238855
 0.811  0.239100
 0.812  0.239202
 0.813  0.239464
 0.814  0.239558
 0.815  0.239776
 0.816  0.239924
 0.817  0.240113
 0.818  0.240298
 0.819  0.240473
 0.820  0.240681
 0.821  0.240847
 0.822  0.241072
 0.823  0.241232
 0.824  0.241470
 0.825  0.241628
 0.826  0.241877
 0.827  0.242035
 0.828  0.242292
 0.829  0.242451
 0.830  0.242714
 0.831  0.242879
 0.832  0.243144
 0.833  0.243316
 0.834  0.243583
 0.835  0.243766
 0.836  0.244030
 0.837  0.244228
 0.838  0.244486
 0.839  0.244706
 0.840  0.244952
 0.841  0.245207
 0.842  0.245428
 0.843  0.245760
 0.844  0.245916
 0.845  0.246264
 0.846  0.246418
 0.847  0.246755
 0.848  0.246938
 0.849  0.247258
 0.850  0.247482
 0.851  0.247775
 0.852  0.248076
 0.853  0.248308
 0.854  0.248687
 0.855  0.248863
 0.856  0.249219
 0.857  0.249453
 0.858  0.249771
 0.859  0.250143
 0.860  0.250348
 0.861  0.250738
 0.862  0.250963
 0.863  0.251312
 0.864  0.251696
 0.865  0.251919
 0.866  0.252324
 0.867  0.252584
 0.868  0.252932
 0.869  0.253374
 0.870  0.253590
 0.871  0.253985
 0.872  0.254409
 0.873  0.254647
 0.874  0.255072
 0.875  0.255440
 0.876  0.255748
 0.877  0.256192
 0.878  0.256570
 0.879  0.256888
 0.880  0.257340
 0.881  0.257813
 0.882  0.258072
 0.883  0.258521
 0.884  0.259033
 0.885  0.259319
 0.886  0.259744
 0.887  0.260245
 0.888  0.260742
 0.889  0.261034
 0.890  0.261505
 0.891  0.262033
 0.892  0.262556
 0.893  0.262861
 0.894  0.263342
 0.895  0.263877
 0.896  0.264447
 0.897  0.264856
 0.898  0.265285
 0.899  0.265801
 0.900  0.266357
 0.901  0.266940
 0.902  0.267544
 0.903  0.267987
 0.904  0.268451
 0.905  0.268985
 0.906  0.269553
 0.907  0.270142
 0.908  0.270743
 0.909  0.271357
 0.910  0.271976
 0.911  0.272602
 0.912  0.273232
 0.913  0.273862
 0.914  0.274496
 0.915  0.275128
 0.916  0.275763
 0.917  0.276400
 0.918  0.277041
 0.919  0.277692
 0.920  0.278364
 0.921  0.279080
 0.922  0.279932
 0.923  0.280770
 0.924  0.281371
 0.925  0.282025
 0.926  0.282844
 0.927  0.283816
 0.928  0.284393
 0.929  0.285251
 0.930  0.286151
 0.931  0.286836
 0.932  0.287877
 0.933  0.288586
 0.934  0.289498
 0.935  0.290716
 0.936  0.291328
 0.937  0.292147
 0.938  0.293084
 0.939  0.294049
 0.940  0.295069
 0.941  0.296648
 0.942  0.297027
 0.943  0.298396
 0.944  0.299425
 0.945  0.300053
 0.946  0.302264
 0.947  0.301501
 0.948  0.000000
 0.949  0.000000
 0.950  0.000000
 0.951  0.000000
 0.952  0.000000
 0.953  0.000000
 0.954  0.000000
 0.955  0.000000
 0.956  0.000000
 0.957  0.000000
 0.958  0.000000
 0.959  0.000000
 0.960  0.000000
 0.961  0.000000
 0.962  0.000000
 0.963  0.000000
 0.964  0.000000
 0.965  0.000000
 0.966  0.000000
 0.967  0.000000
 0.968  0.000000
 0.969  0.000000
 0.970  0.000000
 0.971  0.000000
 0.972  0.000000
 0.973  0.000000
 0.974  0.000000
 0.975  0.000000
 0.976  0.000000
 0.977  0.000000
 0.978  0.000000
 0.979  0.000000
 0.980  0.000000
 0.981  0.000000
 0.982  0.000000
 0.983  0.000000
 0.984  0.000000
 0.985  0.000000
 0.986  0.000000
 0.987  0.000000
 0.988  0.000000
 0.989  0.000000
 0.990  0.000000
 0.991  0.000000
 0.992  0.000000
 0.993  0.000000
 0.994  0.000000
 0.995  0.000000
 0.996  0.000000
 0.997  0.000000
 0.998  0.000000
 0.999  0.000000
 1.000  0.000000
