 0.00  0.012628  0.000005
 0.04  0.014755  0.000008
 0.08  0.016628  0.000013
 0.12  0.018204  0.000020
 0.16  0.019495  0.000028
 0.20  0.020542  0.000038
 0.24  0.021393  0.000050
 0.28  0.022092  0.000062
 0.32  0.022671  0.000074
 0.36  0.023151  0.000085
 0.40  0.023552  0.000096
 0.44  0.023892  0.000107
 0.48  0.024194  0.000117
 0.52  0.024479  0.000129
 0.56  0.024763  0.000142
 0.60  0.025053  0.000157
 0.64  0.025345  0.000172
 0.68  0.025630  0.000187
 0.72  0.025896  0.000200
 0.76  0.026142  0.000212
 0.80  0.026373  0.000223
 0.84  0.026600  0.000235
 0.88  0.026837  0.000248
 0.92  0.027091  0.000265
 0.96  0.027361  0.000283
 1.00  0.027639  0.000302
 1.04  0.027909  0.000318
 1.08  0.028161  0.000332
 1.12  0.028393  0.000344
 1.16  0.028615  0.000355
 1.20  0.028840  0.000369
 1.24  0.029084  0.000387
 1.28  0.029350  0.000410
 1.32  0.029633  0.000436
 1.36  0.029916  0.000461
 1.40  0.030184  0.000482
 1.44  0.030431  0.000500
 1.48  0.030659  0.000515
 1.52  0.030882  0.000532
 1.56  0.031117  0.000554
 1.60  0.031376  0.000583
 1.64  0.031660  0.000617
 1.68  0.031955  0.000653
 1.72  0.032243  0.000687
 1.76  0.032508  0.000715
 1.80  0.032748  0.000738
 1.84  0.032972  0.000761
 1.88  0.033200  0.000787
 1.92  0.033451  0.000821
 1.96  0.033732  0.000865
 2.00  0.034038  0.000914
 2.04  0.034349  0.000965
 2.08  0.034646  0.001010
 2.12  0.034914  0.001049
 2.16  0.035155  0.001082
 2.20  0.035384  0.001116
 2.24  0.035624  0.001157
 2.28  0.035894  0.001208
 2.32  0.036197  0.001271
 2.36  0.036522  0.001338
 2.40  0.036845  0.001404
 2.44  0.037145  0.001462
 2.48  0.037413  0.001513
 2.52  0.037657  0.001559
 2.56  0.037898  0.001608
 2.60  0.038158  0.001669
 2.64  0.038453  0.001743
 2.68  0.038782  0.001828
 2.72  0.039126  0.001917
 2.76  0.039460  0.002002
 2.80  0.039766  0.002078
 2.84  0.040038  0.002145
 2.88  0.040293  0.002211
 2.92  0.040553  0.002284
 2.96  0.040841  0.002372
 3.00  0.041164  0.002475
 3.04  0.041515  0.002588
 3.08  0.041870  0.002702
 3.12  0.042207  0.002809
 3.16  0.042512  0.002907
 3.20  0.042789  0.002999
 3.24  0.043058  0.003095
 3.28  0.043344  0.003206
 3.32  0.043666  0.003335
 3.36  0.044023  0.003481
 3.40  0.044398  0.003636
 3.44  0.044766  0.003789
 3.48  0.045107  0.003934
 3.52  0.045416  0.004073
 3.56  0.045704  0.004212
 3.60  0.045993  0.004364
 3.64  0.046305  0.004536
 3.68  0.046647  0.004730
 3.72  0.047010  0.004940
 3.76  0.047372  0.005155
 3.80  0.047711  0.005365
 3.84  0.048019  0.005566
 3.88  0.048306  0.005764
 3.92  0.048595  0.005969
 3.96  0.048911  0.006192
 4.00  0.049267  0.006439
 4.04  0.049658  0.006705
 4.08  0.050064  0.006979
 4.12  0.050454  0.007248
 4.16  0.050808  0.007503
 4.20  0.051124  0.007745
 4.24  0.051420  0.007984
 4.28  0.051723  0.008233
 4.32  0.052057  0.008499
 4.36  0.052428  0.008783
 4.40  0.052825  0.009074
 4.44  0.053221  0.009358
 4.48  0.053592  0.009623
 4.52  0.053927  0.009866
 4.56  0.054236  0.010095
 4.60  0.054544  0.010325
 4.64  0.054878  0.010567
 4.68  0.055251  0.010827
 4.72  0.055656  0.011096
 4.76  0.056070  0.011360
 4.80  0.056464  0.011605
 4.84  0.056824  0.011826
 4.88  0.057152  0.012028
 4.92  0.057469  0.012228
 4.96  0.057802  0.012440
 5.00  0.058170  0.012673
 5.04  0.058570  0.012922
 5.08  0.058984  0.013173
 5.12  0.059386  0.013410
 5.16  0.059757  0.013625
 5.20  0.060098  0.013823
 5.24  0.060426  0.014023
 5.28  0.060769  0.014242
 5.32  0.061144  0.014492
 5.36  0.061554  0.014773
 5.40  0.061983  0.015075
 5.44  0.062411  0.015392
 5.48  0.062823  0.015736
 5.52  0.063229  0.016146
 5.56  0.063655  0.016691
 5.60  0.064141  0.017452
 5.64  0.064719  0.018507
 5.68  0.065398  0.019912
 5.72  0.066165  0.021686
 5.76  0.066986  0.023815
 5.80  0.067825  0.026260
 5.84  0.068657  0.028975
 5.88  0.069475  0.031921
 5.92  0.070282  0.035073
 5.96  0.071084  0.038420
 6.00  0.071882  0.041965
 6.04  0.072667  0.045729
 6.08  0.073429  0.049756
 6.12  0.074171  0.054124
 6.16  0.074911  0.058946
 6.20  0.075679  0.064365
 6.24  0.076507  0.070531
 6.28  0.077417  0.077590
 6.32  0.078409  0.085666
 6.36  0.079467  0.094852
 6.40  0.080572  0.105210
 6.44  0.081710  0.116757
 6.48  0.082881  0.129434
 6.52  0.084090  0.143077
 6.56  0.085334  0.157389
 6.60  0.086596  0.171933
 6.64  0.087837  0.186184
 6.68  0.089015  0.199594
 6.72  0.090098  0.211692
 6.76  0.091081  0.222156
 6.80  0.091983  0.230845
 6.84  0.092840  0.237786
 6.88  0.093687  0.243126
 6.92  0.094543  0.247073
 6.96  0.095405  0.249849
 7.00  0.096250  0.251666
 7.04  0.097041  0.252706
 7.08  0.097730  0.253113
 7.12  0.098260  0.252985
 7.16  0.098570  0.252376
 7.20  0.098606  0.251307
 7.24  0.098339  0.249808
 7.28  0.097783  0.247957
 7.32  0.097006  0.245913
 7.36  0.096125  0.243928
 7.40  0.095289  0.242322
 7.44  0.094653  0.241451
 7.48  0.094359  0.241670
 7.52  0.094528  0.243288
 7.56  0.095240  0.246525
 7.60  0.096534  0.251445
 7.64  0.098384  0.257916
 7.68  0.100687  0.265587
 7.72  0.103271  0.273930
 7.76  0.105912  0.282331
 7.80  0.108388  0.290204
 7.84  0.110523  0.297119
 7.88  0.112231  0.302874
 7.92  0.113517  0.307501
 7.96  0.114447  0.311189
 8.00  0.115112  0.314158
 8.04  0.115583  0.316567
 8.08  0.115907  0.318504
 8.12  0.116112  0.320041
 8.16  0.116230  0.321290
 8.20  0.116313  0.322412
 8.24  0.116431  0.323563
 8.28  0.116662  0.324864
 8.32  0.117083  0.326424
 8.36  0.117760  0.328405
 8.40  0.118748  0.331067
 8.44  0.120088  0.334762
 8.48  0.121808  0.339901
 8.52  0.123931  0.346955
 8.56  0.126488  0.356474
 8.60  0.129520  0.369041
 8.64  0.133070  0.385086
 8.68  0.137152  0.404594
 8.72  0.141717  0.426891
 8.76  0.146637  0.450654
 8.80  0.151715  0.474199
 8.84  0.156710  0.495869
 8.88  0.161361  0.514302
 8.92  0.165399  0.528482
 8.96  0.168558  0.537619
 9.00  0.170588  0.541058
 9.04  0.171295  0.538339
 9.08  0.170588  0.529378
 9.12  0.168517  0.514655
 9.16  0.165277  0.495242
 9.20  0.161179  0.472647
 9.24  0.156604  0.448546
 9.28  0.151950  0.424505
 9.32  0.147598  0.401794
 9.36  0.143872  0.381307
 9.40  0.141015  0.363554
 9.44  0.139159  0.348718
 9.48  0.138314  0.336728
 9.52  0.138380  0.327371
 9.56  0.139180  0.320396
 9.60  0.140522  0.315615
 9.64  0.142237  0.312939
 9.68  0.144214  0.312360
 9.72  0.146406  0.313889
 9.76  0.148812  0.317509
 9.80  0.151469  0.323157
 9.84  0.154436  0.330780
 9.88  0.157789  0.340380
 9.92  0.161600  0.352023
 9.96  0.165903  0.365742
10.00  0.170646  0.381370
10.04  0.175644  0.398363
10.08  0.180564  0.415700
10.12  0.184964  0.431951
10.16  0.188385  0.445532
10.20  0.190490  0.455090
10.24  0.191190  0.459902
10.28  0.190709  0.460131
10.32  0.189550  0.456803
10.36  0.188360  0.451517
10.40  0.187745  0.445966
10.44  0.188091  0.441464
10.48  0.189463  0.438628
10.52  0.191598  0.437309
10.56  0.194001  0.436754
10.60  0.196096  0.435905
10.64  0.197382  0.433722
10.68  0.197548  0.429395
10.72  0.196520  0.422417
10.76  0.194419  0.412521
10.80  0.191498  0.399595
10.84  0.188056  0.383671
10.88  0.184397  0.365027
10.92  0.180821  0.344327
10.96  0.177622  0.322668
11.00  0.175070  0.301433
11.04  0.173368  0.281976
11.08  0.172602  0.265265
11.12  0.172716  0.251647
11.16  0.173517  0.240846
11.20  0.174741  0.232165
11.24  0.176122  0.224786
11.28  0.177464  0.218046
11.32  0.178666  0.211576
11.36  0.179717  0.205305
11.40  0.180653  0.199352
11.44  0.181506  0.193897
11.48  0.182278  0.189092
11.52  0.182949  0.185027
11.56  0.183503  0.181752
11.60  0.183962  0.179303
11.64  0.184402  0.177720
11.68  0.184947  0.177050
11.72  0.185739  0.177330
11.76  0.186916  0.178585
11.80  0.188587  0.180821
11.84  0.190818  0.184022
11.88  0.193629  0.188138
11.92  0.196991  0.193069
11.96  0.200830  0.198656
12.00  0.205045  0.204697
12.04  0.209545  0.211004
12.08  0.214288  0.217476
12.12  0.219297  0.224146
12.16  0.224648  0.231179
12.20  0.230414  0.238799
12.24  0.236604  0.247178
12.28  0.243097  0.256318
12.32  0.249608  0.265946
12.36  0.255692  0.275449
12.40  0.260780  0.283890
12.44  0.264282  0.290139
12.48  0.265717  0.293115
12.52  0.264859  0.292095
12.56  0.261847  0.286967
12.60  0.257191  0.278306
12.64  0.251675  0.267241
12.68  0.246175  0.255153
12.72  0.241480  0.243344
12.76  0.238150  0.232785
12.80  0.236471  0.224005
12.84  0.236461  0.217101
12.88  0.237938  0.211832
12.92  0.240582  0.207739
12.96  0.244023  0.204290
13.00  0.247914  0.201000
13.04  0.252006  0.197550
13.08  0.256203  0.193855
13.12  0.260593  0.190095
13.16  0.265442  0.186679
13.20  0.271154  0.184160
13.24  0.278197  0.183096
13.28  0.287012  0.183898
13.32  0.297923  0.186697
13.36  0.311047  0.191271
13.40  0.326228  0.197072
13.44  0.342983  0.203321
13.48  0.360468  0.209167
13.52  0.377501  0.213856
13.56  0.392667  0.216873
13.60  0.404524  0.218019
13.64  0.411876  0.217398
13.68  0.414042  0.215323
13.72  0.411003  0.212165
13.76  0.403385  0.208195
13.80  0.392261  0.203507
13.84  0.378880  0.198035
13.88  0.364411  0.191679
13.92  0.349807  0.184460
13.96  0.335759  0.176628
14.00  0.322735  0.168659
14.04  0.311025  0.161152
14.08  0.300769  0.154668
14.12  0.291972  0.149583
14.16  0.284525  0.146031
14.20  0.278232  0.143916
14.24  0.272866  0.142992
14.28  0.268215  0.142955
14.32  0.264117  0.143523
14.36  0.260471  0.144489
14.40  0.257218  0.145748
14.44  0.254308  0.147296
14.48  0.251642  0.149220
14.52  0.249024  0.151682
14.56  0.246133  0.154906
14.60  0.242520  0.159178
14.64  0.237666  0.164823
14.68  0.231089  0.172182
14.72  0.222498  0.181544
14.76  0.211937  0.193056
14.80  0.199866  0.206603
14.84  0.187110  0.221706
14.88  0.174678  0.237462
14.92  0.163496  0.252594
14.96  0.154166  0.265627
15.00  0.146859  0.275189
15.04  0.141360  0.280340
15.08  0.137238  0.280818
15.12  0.134041  0.277094
15.16  0.131434  0.270203
15.20  0.129236  0.261436
15.24  0.127377  0.251997
15.28  0.125830  0.242768
15.32  0.124560  0.234228
15.36  0.123505  0.226509
15.40  0.122592  0.219531
15.44  0.121748  0.213137
15.48  0.120916  0.207179
15.52  0.120043  0.201558
15.56  0.119091  0.196240
15.60  0.118049  0.191255
15.64  0.116949  0.186698
15.68  0.115879  0.182721
15.72  0.114971  0.179511
15.76  0.114367  0.177251
15.80  0.114181  0.176084
15.84  0.114473  0.176084
15.88  0.115242  0.177235
15.92  0.116435  0.179416
15.96  0.117954  0.182378
16.00  0.119670  0.185729
16.04  0.121430  0.188945
16.08  0.123081  0.191430
16.12  0.124488  0.192629
16.16  0.125574  0.192163
16.20  0.126328  0.189938
16.24  0.126816  0.186190
16.28  0.127161  0.181439
16.32  0.127516  0.176374
16.36  0.128040  0.171713
16.40  0.128877  0.168083
16.44  0.130156  0.165966
16.48  0.131999  0.165698
16.52  0.134527  0.167499
16.56  0.137859  0.171500
16.60  0.142079  0.177709
16.64  0.147192  0.185932
16.68  0.153075  0.195678
16.72  0.159449  0.206114
16.76  0.165899  0.216126
16.80  0.171946  0.224498
16.84  0.177157  0.230165
16.88  0.181252  0.232454
16.92  0.184182  0.231211
16.96  0.186134  0.226805
17.00  0.187483  0.220017
17.04  0.188691  0.211880
17.08  0.190204  0.203539
17.12  0.192350  0.196137
17.16  0.195281  0.190731
17.20  0.198978  0.188225
17.24  0.203303  0.189324
17.28  0.208092  0.194516
17.32  0.213232  0.204071
17.36  0.218669  0.218041
17.40  0.224342  0.236242
17.44  0.230102  0.258238
17.48  0.235683  0.283387
17.52  0.240806  0.310977
17.56  0.245373  0.340411
17.60  0.249634  0.371308
17.64  0.254175  0.403380
17.68  0.259668  0.436071
17.72  0.266487  0.468136
17.76  0.274425  0.497475
17.80  0.282691  0.521438
17.84  0.290228  0.537558
17.88  0.296137  0.544367
17.92  0.299961  0.541847
17.96  0.301645  0.531262
18.00  0.301227  0.514482
18.04  0.298487  0.493173
18.08  0.292840  0.468304
18.12  0.283548  0.440194
18.16  0.270188  0.408993
18.20  0.253082  0.375281
18.24  0.233485  0.340434
18.28  0.213413  0.306569
18.32  0.195203  0.276125
18.36  0.180991  0.251267
18.40  0.172277  0.233378
18.44  0.169677  0.222769
18.48  0.172844  0.218655
18.52  0.180532  0.219333
18.56  0.190739  0.222491
18.60  0.200969  0.225592
18.64  0.208618  0.226294
18.68  0.211472  0.222861
18.72  0.208205  0.214486
18.76  0.198709  0.201416
18.80  0.184091  0.184833
18.84  0.166334  0.166488
18.88  0.147718  0.148229
18.92  0.130237  0.131569
18.96  0.115215  0.117432
19.00  0.103196  0.106121
19.04  0.094086  0.097451
19.08  0.087406  0.090964
19.12  0.082548  0.086122
19.16  0.078944  0.082438
19.20  0.076153  0.079541
19.24  0.073872  0.077183
19.28  0.071917  0.075217
19.32  0.070192  0.073576
19.36  0.068654  0.072236
19.40  0.067288  0.071188
19.44  0.066087  0.070420
19.48  0.065039  0.069896
19.52  0.064122  0.069560
19.56  0.063305  0.069340
19.60  0.062564  0.069168
19.64  0.061891  0.068998
19.68  0.061301  0.068819
19.72  0.060831  0.068653
19.76  0.060533  0.068549
19.80  0.060458  0.068564
19.84  0.060649  0.068748
19.88  0.061132  0.069139
19.92  0.061913  0.069756
19.96  0.062986  0.070607
20.00  0.064330  0.071690
20.04  0.065913  0.072994
20.08  0.067694  0.074490
20.12  0.069623  0.076137
20.16  0.071647  0.077880
20.20  0.073723  0.079666
20.24  0.075815  0.081450
20.28  0.077883  0.083197
20.32  0.079864  0.084874
20.36  0.081652  0.086427
20.40  0.083092  0.087778
20.44  0.084012  0.088825
20.48  0.084268  0.089475
20.52  0.083798  0.089669
20.56  0.082652  0.089411
20.60  0.080981  0.088762
20.64  0.078989  0.087818
20.68  0.076868  0.086663
20.72  0.074732  0.085328
20.76  0.072580  0.083750
20.80  0.070288  0.081762
20.84  0.067637  0.079110
20.88  0.064371  0.075509
20.92  0.060288  0.070728
20.96  0.055315  0.064693
21.00  0.049566  0.057556
21.04  0.043352  0.049713
21.08  0.037118  0.041735
21.12  0.031348  0.034248
21.16  0.026452  0.027791
21.20  0.022697  0.022716
21.24  0.020175  0.019144
21.28  0.018833  0.017004
21.32  0.018540  0.016105
21.36  0.019149  0.016215
21.40  0.020546  0.017132
21.44  0.022662  0.018700
21.48  0.025459  0.020815
21.52  0.028885  0.023391
21.56  0.032837  0.026330
21.60  0.037132  0.029502
21.64  0.041515  0.032741
21.68  0.045701  0.035869
21.72  0.049439  0.038732
21.76  0.052572  0.041232
21.80  0.055065  0.043352
21.84  0.057006  0.045148
21.88  0.058564  0.046726
21.92  0.059944  0.048210
21.96  0.061338  0.049712
22.00  0.062906  0.051315
22.04  0.064755  0.053067
22.08  0.066935  0.054975
22.12  0.069430  0.057007
22.16  0.072151  0.059092
22.20  0.074931  0.061121
22.24  0.077542  0.062967
22.28  0.079734  0.064508
22.32  0.081287  0.065653
22.36  0.082069  0.066373
22.40  0.082070  0.066708
22.44  0.081401  0.066755
22.48  0.080256  0.066646
22.52  0.078857  0.066513
22.56  0.077404  0.066462
22.60  0.076038  0.066560
22.64  0.074838  0.066834
22.68  0.073826  0.067280
22.72  0.072990  0.067879
22.76  0.072301  0.068600
22.80  0.071727  0.069410
22.84  0.071241  0.070277
22.88  0.070822  0.071169
22.92  0.070452  0.072053
22.96  0.070122  0.072899
23.00  0.069823  0.073674
23.04  0.069551  0.074347
23.08  0.069303  0.074890
23.12  0.069076  0.075276
23.16  0.068869  0.075484
23.20  0.068683  0.075496
23.24  0.068518  0.075303
23.28  0.068374  0.074899
23.32  0.068254  0.074285
23.36  0.068160  0.073469
23.40  0.068092  0.072462
23.44  0.068055  0.071279
23.48  0.068051  0.069939
23.52  0.068084  0.068462
23.56  0.068158  0.066871
23.60  0.068277  0.065192
23.64  0.068446  0.063456
23.68  0.068672  0.061693
23.72  0.068961  0.059941
23.76  0.069322  0.058241
23.80  0.069765  0.056637
23.84  0.070301  0.055173
23.88  0.070943  0.053892
23.92  0.071706  0.052827
23.96  0.072601  0.051997
24.00  0.073629  0.051399
24.04  0.074773  0.050997
24.08  0.075975  0.050720
24.12  0.077125  0.050455
24.16  0.078040  0.050058
24.20  0.078474  0.049372
24.24  0.078148  0.048254
24.28  0.076811  0.046610
24.32  0.074313  0.044425
24.36  0.070666  0.041768
24.40  0.066062  0.038772
24.44  0.060816  0.035590
24.48  0.055274  0.032343
24.52  0.049707  0.029090
24.56  0.044246  0.025821
24.60  0.038887  0.022502
24.64  0.033563  0.019115
24.68  0.028236  0.015705
24.72  0.022963  0.012389
24.76  0.017911  0.009324
24.80  0.013313  0.006666
24.84  0.009390  0.004530
24.88  0.006293  0.002963
24.92  0.004074  0.001960
24.96  0.002710  0.001483
25.00  0.002150  0.001498
25.04  0.002371  0.001990
25.08  0.003419  0.002968
25.12  0.005412  0.004446
25.16  0.008509  0.006423
25.20  0.012846  0.008863
25.24  0.018457  0.011688
25.28  0.025207  0.014784
25.32  0.032764  0.018018
25.36  0.040641  0.021264
25.40  0.048279  0.024415
25.44  0.055172  0.027392
25.48  0.060971  0.030146
25.52  0.065534  0.032651
25.56  0.068914  0.034900
25.60  0.071302  0.036899
25.64  0.072947  0.038661
25.68  0.074091  0.040208
25.72  0.074932  0.041566
25.76  0.075608  0.042763
25.80  0.076206  0.043829
25.84  0.076774  0.044793
25.88  0.077338  0.045685
25.92  0.077912  0.046530
25.96  0.078501  0.047353
26.00  0.079110  0.048180
26.04  0.079743  0.049032
26.08  0.080404  0.049936
26.12  0.081100  0.050916
26.16  0.081837  0.052006
26.20  0.082628  0.053248
26.24  0.083492  0.054710
26.28  0.084458  0.056500
26.32  0.085579  0.058809
26.36  0.086940  0.061961
26.40  0.088679  0.066488
26.44  0.090994  0.073185
26.48  0.094147  0.083121
26.52  0.098431  0.097507
26.56  0.104093  0.117401
26.60  0.111227  0.143229
26.64  0.119648  0.174272
26.68  0.128825  0.208342
26.72  0.137910  0.241882
26.76  0.145891  0.270618
26.80  0.151846  0.290602
26.84  0.155189  0.299280
26.88  0.155822  0.296153
26.92  0.154131  0.282773
26.96  0.150843  0.262127
27.00  0.146816  0.237718
27.04  0.142854  0.212728
27.08  0.139605  0.189529
27.12  0.137534  0.169573
27.16  0.136949  0.153552
27.20  0.138013  0.141638
27.24  0.140737  0.133676
27.28  0.144951  0.129285
27.32  0.150286  0.127910
27.36  0.156199  0.128851
27.40  0.162056  0.131338
27.44  0.167250  0.134629
27.48  0.171321  0.138116
27.52  0.174032  0.141381
27.56  0.175388  0.144209
27.60  0.175590  0.146536
27.64  0.174947  0.148378
27.68  0.173795  0.149765
27.72  0.172421  0.150709
27.76  0.171041  0.151200
27.80  0.169788  0.151224
27.84  0.168735  0.150785
27.88  0.167911  0.149927
27.92  0.167327  0.148744
27.96  0.166989  0.147396
28.00  0.166908  0.146114
28.04  0.167110  0.145209
28.08  0.167632  0.145050
28.12  0.168523  0.146016
28.16  0.169829  0.148406
28.20  0.171578  0.152331
28.24  0.173759  0.157627
28.28  0.176312  0.163840
28.32  0.179131  0.170303
28.36  0.182084  0.176300
28.40  0.185039  0.181252
28.44  0.187892  0.184850
28.48  0.190581  0.187093
28.52  0.193094  0.188226
28.56  0.195456  0.188618
28.60  0.197709  0.188635
28.64  0.199893  0.188555
28.68  0.202036  0.188545
28.72  0.204148  0.188672
28.76  0.206230  0.188949
28.80  0.208281  0.189360
28.84  0.210304  0.189887
28.88  0.212314  0.190520
28.92  0.214338  0.191263
28.96  0.216409  0.192130
29.00  0.218553  0.193142
29.04  0.220777  0.194319
29.08  0.223071  0.195682
29.12  0.225411  0.197252
29.16  0.227771  0.199045
29.20  0.230132  0.201073
29.24  0.232482  0.203339
29.28  0.234822  0.205837
29.32  0.237161  0.208556
29.36  0.239511  0.211475
29.40  0.241887  0.214570
29.44  0.244304  0.217814
29.48  0.246772  0.221182
29.52  0.249305  0.224651
29.56  0.251913  0.228205
29.60  0.254605  0.231834
29.64  0.257389  0.235529
29.68  0.260272  0.239290
29.72  0.263260  0.243122
29.76  0.266365  0.247046
29.80  0.269608  0.251106
29.84  0.273027  0.255380
29.88  0.276679  0.259980
29.92  0.280638  0.265047
29.96  0.284983  0.270718
30.00  0.289785  0.277087
30.04  0.295082  0.284168
30.08  0.300872  0.291885
30.12  0.307105  0.300110
30.16  0.313702  0.308754
30.20  0.320583  0.317896
30.24  0.327711  0.327912
30.28  0.335128  0.339550
30.32  0.342980  0.353898
30.36  0.351509  0.372210
30.40  0.360994  0.395586
30.44  0.371650  0.424567
30.48  0.383520  0.458774
30.52  0.396390  0.496733
30.56  0.409789  0.536016
30.60  0.423077  0.573698
30.64  0.435586  0.606976
30.68  0.446776  0.633760
30.72  0.456338  0.653033
30.76  0.464255  0.664954
30.80  0.470810  0.670773
30.84  0.476587  0.672643
30.88  0.482424  0.673299
30.92  0.489287  0.675491
30.96  0.498029  0.681122
31.00  0.509071  0.690266
31.04  0.522111  0.700517
31.08  0.536020  0.707156
31.12  0.549008  0.704379
31.16  0.559053  0.687304
31.20  0.564451  0.653994
31.24  0.564290  0.606633
31.28  0.558693  0.551246
31.32  0.548764  0.496071
31.36  0.536276  0.449218
31.40  0.523215  0.416537
31.44  0.511312  0.400382
31.48  0.501662  0.399488
31.52  0.494523  0.409761
31.56  0.489350  0.425590
31.60  0.485063  0.441313
31.64  0.480504  0.452572
31.68  0.474918  0.457300
31.72  0.468277  0.456077
31.76  0.461290  0.451666
31.80  0.455053  0.447737
31.84  0.450459  0.447157
31.88  0.447624  0.450494
31.92  0.445614  0.455408
31.96  0.442631  0.457287
32.00  0.436633  0.450961
32.04  0.426137  0.432808
32.08  0.410895  0.402381
32.12  0.392152  0.362889
32.16  0.372391  0.320377
32.20  0.354670  0.281979
32.24  0.341820  0.253961
32.28  0.335748  0.240224
32.32  0.337068  0.241672
32.36  0.345092  0.256477
32.40  0.358133  0.280976
32.44  0.373972  0.310794
32.48  0.390360  0.341808
32.52  0.405392  0.370720
32.56  0.417736  0.395205
32.60  0.426691  0.413801
32.64  0.432151  0.425765
32.68  0.434544  0.431060
32.72  0.434741  0.430456
32.76  0.433935  0.425592
32.80  0.433437  0.418808
32.84  0.434389  0.412679
32.88  0.437460  0.409367
32.92  0.442647  0.410016
32.96  0.449264  0.414423
33.00  0.456156  0.421133
33.04  0.462079  0.427940
33.08  0.466117  0.432617
33.12  0.467990  0.433632
33.16  0.468168  0.430591
33.20  0.467759  0.424249
33.24  0.468226  0.416112
33.28  0.471015  0.407795
33.32  0.477149  0.400398
33.36  0.486878  0.394139
33.40  0.499393  0.388363
33.44  0.512715  0.381905
33.48  0.523840  0.373615
33.52  0.529257  0.362831
33.56  0.525794  0.349614
33.60  0.511617  0.334673
33.64  0.486978  0.319096
33.68  0.454389  0.304019
33.72  0.418064  0.290415
33.76  0.382867  0.279047
33.80  0.353183  0.270563
33.84  0.332164  0.265602
33.88  0.321508  0.264801
33.92  0.321666  0.268626
33.96  0.332194  0.277046
34.00  0.352023  0.289206
34.04  0.379604  0.303282
34.08  0.413009  0.316678
34.12  0.450131  0.326587
34.16  0.489022  0.330716
34.20  0.528291  0.327904
34.24  0.567411  0.318352
34.28  0.606816  0.303413
34.32  0.647694  0.285059
34.36  0.691527  0.265289
34.40  0.739455  0.245692
34.44  0.791605  0.227283
34.48  0.846563  0.210555
34.52  0.901118  0.195653
34.56  0.950417  0.182550
34.60  0.988557  0.171169
34.64  1.009585  0.161438
34.68  1.008719  0.153290
34.72  0.983513  0.146655
34.76  0.934601  0.141454
34.80  0.865722  0.137622
34.84  0.782952  0.135142
34.88  0.693369  0.134089
34.92  0.603626  0.134632
34.96  0.518892  0.136998
35.00  0.442443  0.141372
35.04  0.375834  0.147774
35.08  0.319394  0.155946
35.12  0.272729  0.165309
35.16  0.235059  0.175023
35.20  0.205378  0.184133
35.24  0.182529  0.191762
35.28  0.165272  0.197282
35.32  0.152402  0.200409
35.36  0.142874  0.201199
35.40  0.135903  0.199979
35.44  0.131011  0.197238
35.48  0.128008  0.193535
35.52  0.126936  0.189426
35.56  0.127967  0.185418
35.60  0.131296  0.181940
35.64  0.137020  0.179300
35.68  0.145044  0.177659
35.72  0.155024  0.177006
35.76  0.166366  0.177144
35.80  0.178284  0.177725
35.84  0.189912  0.178295
35.88  0.200438  0.178393
35.92  0.209260  0.177661
35.96  0.216106  0.175955
36.00  0.221123  0.173424
36.04  0.224883  0.170518
36.08  0.228316  0.167929
36.12  0.232579  0.166462
36.16  0.238872  0.166861
36.20  0.248230  0.169642
36.24  0.261333  0.174969
36.28  0.278351  0.182601
36.32  0.298891  0.191935
36.36  0.322052  0.202132
36.40  0.346616  0.212285
36.44  0.371318  0.221591
36.48  0.395138  0.229475
36.52  0.417522  0.235690
36.56  0.438496  0.240378
36.60  0.458631  0.244119
36.64  0.478881  0.247931
36.68  0.500310  0.253159
36.72  0.523752  0.261227
36.76  0.549465  0.273264
36.80  0.576855  0.289711
36.84  0.604384  0.310052
36.88  0.629715  0.332771
36.92  0.650093  0.355532
36.96  0.662909  0.375533
37.00  0.666290  0.389921
37.04  0.659586  0.396210
37.08  0.643656  0.392711
37.12  0.620865  0.378934
37.16  0.594808  0.355900
37.20  0.569728  0.326168
37.24  0.549682  0.293445
37.28  0.537580  0.261753
37.32  0.534344  0.234397
37.36  0.538478  0.213119
37.40  0.546289  0.197767
37.44  0.552714  0.186585
37.48  0.552528  0.176959
37.52  0.541576  0.166286
37.56  0.517713  0.152696
37.60  0.481281  0.135462
37.64  0.435030  0.115056
37.68  0.383504  0.092902
37.72  0.331982  0.070910
37.76  0.285286  0.050930
37.80  0.246793  0.034292
37.84  0.217975  0.021581
37.88  0.198535  0.012663
37.92  0.186975  0.006915
37.96  0.181304  0.003509
38.00  0.179612  0.001653
38.04  0.180397  0.000722
38.08  0.182644  0.000292
38.12  0.185753  0.000110
38.16  0.189424  0.000038
38.20  0.193537  0.000012
38.24  0.198075  0.000004
38.28  0.203078  0.000001
38.32  0.208625  0.000000
38.36  0.214833  0.000000
38.40  0.221865  0.000000
38.44  0.229946  0.000000
38.48  0.239370  0.000000
38.52  0.250479  0.000000
38.56  0.263591  0.000000
38.60  0.278867  0.000000
38.64  0.296106  0.000000
38.68  0.314543  0.000000
38.72  0.332717  0.000000
38.76  0.348512  0.000000
38.80  0.359443  0.000000
38.84  0.363147  0.000000
38.88  0.357963  0.000000
38.92  0.343406  0.000000
38.96  0.320376  0.000000
39.00  0.291022  0.000000
39.04  0.258287  0.000000
39.08  0.225293  0.000000
39.12  0.194743  0.000000
39.16  0.168493  0.000000
39.20  0.147398  0.000000
39.24  0.131410  0.000000
39.28  0.119852  0.000000
39.32  0.111750  0.000000
39.36  0.106110  0.000000
39.40  0.102095  0.000000
39.44  0.099093  0.000000
39.48  0.096703  0.000000
39.52  0.094684  0.000000
39.56  0.092904  0.000000
39.60  0.091291  0.000000
39.64  0.089803  0.000000
39.68  0.088415  0.000000
39.72  0.087111  0.000000
39.76  0.085879  0.000000
39.80  0.084709  0.000000
39.84  0.083597  0.000000
39.88  0.082537  0.000000
39.92  0.081526  0.000000
39.96  0.080561  0.000000
40.00  0.079639  0.000000
