-0.0400  0.932097
-0.0399  0.931520
-0.0398  0.931371
-0.0397  0.931220
-0.0396  0.931070
-0.0395  0.930957
-0.0394  0.930765
-0.0393  0.930578
-0.0392  0.930363
-0.0391  0.930128
-0.0390  0.929872
-0.0389  0.929591
-0.0388  0.929361
-0.0387  0.928978
-0.0386  0.928585
-0.0385  0.928442
-0.0384  0.928288
-0.0383  0.928121
-0.0382  0.927932
-0.0381  0.927757
-0.0380  0.927600
-0.0379  0.927444
-0.0378  0.927311
-0.0377  0.927112
-0.0376  0.926859
-0.0375  0.926568
-0.0374  0.926162
-0.0373  0.925856
-0.0372  0.925794
-0.0371  0.925682
-0.0370  0.925553
-0.0369  0.925414
-0.0368  0.925269
-0.0367  0.925148
-0.0366  0.924996
-0.0365  0.924837
-0.0364  0.924663
-0.0363  0.924473
-0.0362  0.924261
-0.0361  0.923989
-0.0360  0.923726
-0.0359  0.923578
-0.0358  0.923423
-0.0357  0.923298
-0.0356  0.923197
-0.0355  0.923041
-0.0354  0.922917
-0.0353  0.922780
-0.0352  0.922633
-0.0351  0.922476
-0.0350  0.922304
-0.0349  0.922110
-0.0348  0.921862
-0.0347  0.921584
-0.0346  0.921489
-0.0345  0.921399
-0.0344  0.921347
-0.0343  0.921233
-0.0342  0.921086
-0.0341  0.921024
-0.0340  0.920948
-0.0339  0.920836
-0.0338  0.920706
-0.0337  0.920559
-0.0336  0.920391
-0.0335  0.920191
-0.0334  0.919899
-0.0333  0.919795
-0.0332  0.919686
-0.0331  0.919576
-0.0330  0.919456
-0.0329  0.919326
-0.0328  0.919219
-0.0327  0.919187
-0.0326  0.919048
-0.0325  0.918971
-0.0324  0.918872
-0.0323  0.918746
-0.0322  0.918592
-0.0321  0.918370
-0.0320  0.918216
-0.0319  0.918121
-0.0318  0.918025
-0.0317  0.917925
-0.0316  0.917823
-0.0315  0.917751
-0.0314  0.917661
-0.0313  0.917570
-0.0312  0.917477
-0.0311  0.917391
-0.0310  0.917333
-0.0309  0.917260
-0.0308  0.917118
-0.0307  0.916924
-0.0306  0.916836
-0.0305  0.916741
-0.0304  0.916633
-0.0303  0.916520
-0.0302  0.916378
-0.0301  0.916283
-0.0300  0.916187
-0.0299  0.916089
-0.0298  0.915988
-0.0297  0.915884
-0.0296  0.915776
-0.0295  0.915667
-0.0294  0.915537
-0.0293  0.915550
-0.0292  0.915486
-0.0291  0.915408
-0.0290  0.915324
-0.0289  0.915255
-0.0288  0.915181
-0.0287  0.915097
-0.0286  0.915006
-0.0285  0.914912
-0.0284  0.914812
-0.0283  0.914707
-0.0282  0.914595
-0.0281  0.914472
-0.0280  0.914318
-0.0279  0.914239
-0.0278  0.914194
-0.0277  0.914254
-0.0276  0.914159
-0.0275  0.914050
-0.0274  0.913970
-0.0273  0.913885
-0.0272  0.913796
-0.0271  0.913703
-0.0270  0.913608
-0.0269  0.913509
-0.0268  0.913402
-0.0267  0.913276
-0.0266  0.913162
-0.0265  0.913080
-0.0264  0.913002
-0.0263  0.912927
-0.0262  0.912954
-0.0261  0.912986
-0.0260  0.912977
-0.0259  0.912905
-0.0258  0.912821
-0.0257  0.912735
-0.0256  0.912643
-0.0255  0.912540
-0.0254  0.912432
-0.0253  0.912300
-0.0252  0.912208
-0.0251  0.912111
-0.0250  0.912012
-0.0249  0.911887
-0.0248  0.911798
-0.0247  0.911726
-0.0246  0.911735
-0.0245  0.911738
-0.0244  0.911748
-0.0243  0.911668
-0.0242  0.911581
-0.0241  0.911492
-0.0240  0.911391
-0.0239  0.911289
-0.0238  0.911204
-0.0237  0.911116
-0.0236  0.911049
-0.0235  0.910982
-0.0234  0.910909
-0.0233  0.910831
-0.0232  0.910755
-0.0231  0.910678
-0.0230  0.910695
-0.0229  0.910684
-0.0228  0.910704
-0.0227  0.910616
-0.0226  0.910511
-0.0225  0.910418
-0.0224  0.910322
-0.0223  0.910211
-0.0222  0.910079
-0.0221  0.909995
-0.0220  0.909910
-0.0219  0.909826
-0.0218  0.909743
-0.0217  0.909660
-0.0216  0.909578
-0.0215  0.909502
-0.0214  0.909532
-0.0213  0.909511
-0.0212  0.909523
-0.0211  0.909451
-0.0210  0.909366
-0.0209  0.909312
-0.0208  0.909238
-0.0207  0.909159
-0.0206  0.909076
-0.0205  0.908991
-0.0204  0.908904
-0.0203  0.908817
-0.0202  0.908725
-0.0201  0.908634
-0.0200  0.908546
-0.0199  0.908512
-0.0198  0.908494
-0.0197  0.908459
-0.0196  0.908450
-0.0195  0.908339
-0.0194  0.908255
-0.0193  0.908170
-0.0192  0.908083
-0.0191  0.907993
-0.0190  0.907904
-0.0189  0.907816
-0.0188  0.907725
-0.0187  0.907635
-0.0186  0.907550
-0.0185  0.907466
-0.0184  0.907376
-0.0183  0.907367
-0.0182  0.907379
-0.0181  0.907369
-0.0180  0.907389
-0.0179  0.907308
-0.0178  0.907221
-0.0177  0.907131
-0.0176  0.907039
-0.0175  0.906947
-0.0174  0.906856
-0.0173  0.906760
-0.0172  0.906666
-0.0171  0.906560
-0.0170  0.906449
-0.0169  0.906330
-0.0168  0.906209
-0.0167  0.906224
-0.0166  0.906198
-0.0165  0.906174
-0.0164  0.906170
-0.0163  0.906083
-0.0162  0.905992
-0.0161  0.905901
-0.0160  0.905810
-0.0159  0.905722
-0.0158  0.905629
-0.0157  0.905528
-0.0156  0.905435
-0.0155  0.905366
-0.0154  0.905280
-0.0153  0.905195
-0.0152  0.905134
-0.0151  0.905140
-0.0150  0.905107
-0.0149  0.905090
-0.0148  0.905048
-0.0147  0.904954
-0.0146  0.904860
-0.0145  0.904766
-0.0144  0.904652
-0.0143  0.904535
-0.0142  0.904393
-0.0141  0.904277
-0.0140  0.904178
-0.0139  0.904080
-0.0138  0.903982
-0.0137  0.903887
-0.0136  0.903869
-0.0135  0.903845
-0.0134  0.903810
-0.0133  0.903821
-0.0132  0.903740
-0.0131  0.903639
-0.0130  0.903533
-0.0129  0.903435
-0.0128  0.903362
-0.0127  0.903269
-0.0126  0.903171
-0.0125  0.903071
-0.0124  0.902971
-0.0123  0.902867
-0.0122  0.902766
-0.0121  0.902668
-0.0120  0.902674
-0.0119  0.902647
-0.0118  0.902609
-0.0117  0.902555
-0.0116  0.902432
-0.0115  0.902296
-0.0114  0.902174
-0.0113  0.902071
-0.0112  0.901966
-0.0111  0.901860
-0.0110  0.901756
-0.0109  0.901651
-0.0108  0.901545
-0.0107  0.901442
-0.0106  0.901351
-0.0105  0.901292
-0.0104  0.901274
-0.0103  0.901234
-0.0102  0.901224
-0.0101  0.901152
-0.0100  0.901057
-0.0099  0.900959
-0.0098  0.900855
-0.0097  0.900748
-0.0096  0.900641
-0.0095  0.900531
-0.0094  0.900419
-0.0093  0.900313
-0.0092  0.900202
-0.0091  0.900080
-0.0090  0.899959
-0.0089  0.899926
-0.0088  0.899849
-0.0087  0.899834
-0.0086  0.899747
-0.0085  0.899643
-0.0084  0.899536
-0.0083  0.899429
-0.0082  0.899319
-0.0081  0.899210
-0.0080  0.899105
-0.0079  0.898995
-0.0078  0.898876
-0.0077  0.898759
-0.0076  0.898643
-0.0075  0.898535
-0.0074  0.898456
-0.0073  0.898493
-0.0072  0.898484
-0.0071  0.898411
-0.0070  0.898313
-0.0069  0.898203
-0.0068  0.898094
-0.0067  0.897986
-0.0066  0.897868
-0.0065  0.897744
-0.0064  0.897617
-0.0063  0.897485
-0.0062  0.897343
-0.0061  0.897185
-0.0060  0.897075
-0.0059  0.896968
-0.0058  0.896946
-0.0057  0.896945
-0.0056  0.896880
-0.0055  0.896778
-0.0054  0.896675
-0.0053  0.896563
-0.0052  0.896447
-0.0051  0.896327
-0.0050  0.896207
-0.0049  0.896086
-0.0048  0.895962
-0.0047  0.895876
-0.0046  0.895768
-0.0045  0.895663
-0.0044  0.895557
-0.0043  0.895454
-0.0042  0.895503
-0.0041  0.895441
-0.0040  0.895338
-0.0039  0.895223
-0.0038  0.895104
-0.0037  0.894976
-0.0036  0.894846
-0.0035  0.894704
-0.0034  0.894544
-0.0033  0.894425
-0.0032  0.894307
-0.0031  0.894190
-0.0030  0.894076
-0.0029  0.893964
-0.0028  0.893862
-0.0027  0.893883
-0.0026  0.893811
-0.0025  0.893712
-0.0024  0.893603
-0.0023  0.893489
-0.0022  0.893372
-0.0021  0.893250
-0.0020  0.893157
-0.0019  0.893054
-0.0018  0.892940
-0.0017  0.892824
-0.0016  0.892708
-0.0015  0.892593
-0.0014  0.892478
-0.0013  0.892374
-0.0012  0.892295
-0.0011  0.892269
-0.0010  0.892171
-0.0009  0.892054
-0.0008  0.891919
-0.0007  0.891773
-0.0006  0.891658
-0.0005  0.891543
-0.0004  0.891424
-0.0003  0.891303
-0.0002  0.891182
-0.0001  0.891063
 0.0000  0.890946
 0.0001  0.890835
 0.0002  0.890749
 0.0003  0.890632
 0.0004  0.890596
 0.0005  0.890517
 0.0006  0.890416
 0.0007  0.890316
 0.0008  0.890234
 0.0009  0.890125
 0.0010  0.890013
 0.0011  0.889900
 0.0012  0.889780
 0.0013  0.889661
 0.0014  0.889544
 0.0015  0.889426
 0.0016  0.889314
 0.0017  0.889222
 0.0018  0.889066
 0.0019  0.888968
 0.0020  0.888886
 0.0021  0.888797
 0.0022  0.888695
 0.0023  0.888584
 0.0024  0.888475
 0.0025  0.888363
 0.0026  0.888251
 0.0027  0.888137
 0.0028  0.888022
 0.0029  0.887907
 0.0030  0.887795
 0.0031  0.887705
 0.0032  0.887583
 0.0033  0.887437
 0.0034  0.887318
 0.0035  0.887319
 0.0036  0.887255
 0.0037  0.887168
 0.0038  0.887071
 0.0039  0.886967
 0.0040  0.886861
 0.0041  0.886745
 0.0042  0.886628
 0.0043  0.886511
 0.0044  0.886394
 0.0045  0.886280
 0.0046  0.886151
 0.0047  0.885989
 0.0048  0.885844
 0.0049  0.885710
 0.0050  0.885721
 0.0051  0.885653
 0.0052  0.885565
 0.0053  0.885471
 0.0054  0.885367
 0.0055  0.885264
 0.0056  0.885157
 0.0057  0.885049
 0.0058  0.884942
 0.0059  0.884839
 0.0060  0.884742
 0.0061  0.884604
 0.0062  0.884481
 0.0063  0.884376
 0.0064  0.884251
 0.0065  0.884266
 0.0066  0.884209
 0.0067  0.884124
 0.0068  0.884035
 0.0069  0.883937
 0.0070  0.883831
 0.0071  0.883714
 0.0072  0.883595
 0.0073  0.883453
 0.0074  0.883377
 0.0075  0.883257
 0.0076  0.883135
 0.0077  0.883010
 0.0078  0.882883
 0.0079  0.882755
 0.0080  0.882773
 0.0081  0.882723
 0.0082  0.882645
 0.0083  0.882561
 0.0084  0.882464
 0.0085  0.882358
 0.0086  0.882266
 0.0087  0.882183
 0.0088  0.882121
 0.0089  0.881997
 0.0090  0.881903
 0.0091  0.881800
 0.0092  0.881686
 0.0093  0.881567
 0.0094  0.881444
 0.0095  0.881474
 0.0096  0.881422
 0.0097  0.881336
 0.0098  0.881250
 0.0099  0.881155
 0.0100  0.881041
 0.0101  0.880975
 0.0102  0.880923
 0.0103  0.880819
 0.0104  0.880709
 0.0105  0.880598
 0.0106  0.880486
 0.0107  0.880369
 0.0108  0.880248
 0.0109  0.880123
 0.0110  0.880176
 0.0111  0.880147
 0.0112  0.880095
 0.0113  0.880034
 0.0114  0.879971
 0.0115  0.879915
 0.0116  0.879850
 0.0117  0.879752
 0.0118  0.879685
 0.0119  0.879587
 0.0120  0.879486
 0.0121  0.879377
 0.0122  0.879251
 0.0123  0.879146
 0.0124  0.879121
 0.0125  0.879145
 0.0126  0.879103
 0.0127  0.879029
 0.0128  0.878990
 0.0129  0.878965
 0.0130  0.878903
 0.0131  0.878820
 0.0132  0.878733
 0.0133  0.878638
 0.0134  0.878529
 0.0135  0.878438
 0.0136  0.878346
 0.0137  0.878254
 0.0138  0.878162
 0.0139  0.878232
 0.0140  0.878248
 0.0141  0.878231
 0.0142  0.878207
 0.0143  0.878191
 0.0144  0.878117
 0.0145  0.878043
 0.0146  0.877983
 0.0147  0.877922
 0.0148  0.877849
 0.0149  0.877774
 0.0150  0.877695
 0.0151  0.877611
 0.0152  0.877516
 0.0153  0.877476
 0.0154  0.877553
 0.0155  0.877577
 0.0156  0.877597
 0.0157  0.877577
 0.0158  0.877518
 0.0159  0.877464
 0.0160  0.877417
 0.0161  0.877366
 0.0162  0.877310
 0.0163  0.877252
 0.0164  0.877190
 0.0165  0.877123
 0.0166  0.877056
 0.0167  0.876989
 0.0168  0.877137
 0.0169  0.877188
 0.0170  0.877212
 0.0171  0.877187
 0.0172  0.877164
 0.0173  0.877148
 0.0174  0.877139
 0.0175  0.877112
 0.0176  0.877078
 0.0177  0.877032
 0.0178  0.876979
 0.0179  0.876922
 0.0180  0.876837
 0.0181  0.876784
 0.0182  0.876938
 0.0183  0.877058
 0.0184  0.877096
 0.0185  0.877117
 0.0186  0.877125
 0.0187  0.877124
 0.0188  0.877114
 0.0189  0.877101
 0.0190  0.877081
 0.0191  0.877058
 0.0192  0.877033
 0.0193  0.877002
 0.0194  0.876961
 0.0195  0.876937
 0.0196  0.877161
 0.0197  0.877276
 0.0198  0.877332
 0.0199  0.877368
 0.0200  0.877392
 0.0201  0.877430
 0.0202  0.877456
 0.0203  0.877474
 0.0204  0.877475
 0.0205  0.877466
 0.0206  0.877436
 0.0207  0.877403
 0.0208  0.877421
 0.0209  0.877458
 0.0210  0.877746
 0.0211  0.877880
 0.0212  0.877976
 0.0213  0.878045
 0.0214  0.878108
 0.0215  0.878154
 0.0216  0.878198
 0.0217  0.878232
 0.0218  0.878248
 0.0219  0.878284
 0.0220  0.878320
 0.0221  0.878357
 0.0222  0.878413
 0.0223  0.878589
 0.0224  0.878834
 0.0225  0.878974
 0.0226  0.879086
 0.0227  0.879177
 0.0228  0.879258
 0.0229  0.879351
 0.0230  0.879426
 0.0231  0.879500
 0.0232  0.879575
 0.0233  0.879623
 0.0234  0.879683
 0.0235  0.879787
 0.0236  0.879853
 0.0237  0.880266
 0.0238  0.880487
 0.0239  0.880664
 0.0240  0.880811
 0.0241  0.880944
 0.0242  0.881060
 0.0243  0.881188
 0.0244  0.881311
 0.0245  0.881429
 0.0246  0.881546
 0.0247  0.881667
 0.0248  0.881804
 0.0249  0.881887
 0.0250  0.882359
 0.0251  0.882637
 0.0252  0.882854
 0.0253  0.883043
 0.0254  0.883220
 0.0255  0.883398
 0.0256  0.883562
 0.0257  0.883757
 0.0258  0.883932
 0.0259  0.884096
 0.0260  0.884240
 0.0261  0.884424
 0.0262  0.884625
 0.0263  0.885212
 0.0264  0.885555
 0.0265  0.885831
 0.0266  0.886107
 0.0267  0.886370
 0.0268  0.886621
 0.0269  0.886861
 0.0270  0.887100
 0.0271  0.887329
 0.0272  0.887563
 0.0273  0.887815
 0.0274  0.888018
 0.0275  0.888637
 0.0276  0.889108
 0.0277  0.889494
 0.0278  0.889853
 0.0279  0.890190
 0.0280  0.890511
 0.0281  0.890827
 0.0282  0.891131
 0.0283  0.891430
 0.0284  0.891722
 0.0285  0.892049
 0.0286  0.892354
 0.0287  0.893081
 0.0288  0.893689
 0.0289  0.894219
 0.0290  0.894693
 0.0291  0.895149
 0.0292  0.895586
 0.0293  0.896013
 0.0294  0.896428
 0.0295  0.896840
 0.0296  0.897249
 0.0297  0.897663
 0.0298  0.898089
 0.0299  0.899162
 0.0300  0.899870
 0.0301  0.900501
 0.0302  0.901090
 0.0303  0.901665
 0.0304  0.902212
 0.0305  0.902759
 0.0306  0.903290
 0.0307  0.903818
 0.0308  0.904343
 0.0309  0.904869
 0.0310  0.906153
 0.0311  0.907075
 0.0312  0.907882
 0.0313  0.908648
 0.0314  0.909422
 0.0315  0.910184
 0.0316  0.910912
 0.0317  0.911640
 0.0318  0.912354
 0.0319  0.913071
 0.0320  0.913841
 0.0321  0.915589
 0.0322  0.916813
 0.0323  0.917886
 0.0324  0.918904
 0.0325  0.919889
 0.0326  0.920863
 0.0327  0.921824
 0.0328  0.922780
 0.0329  0.923739
 0.0330  0.924685
 0.0331  0.926943
 0.0332  0.928524
 0.0333  0.929967
 0.0334  0.931399
 0.0335  0.932749
 0.0336  0.934057
 0.0337  0.935368
 0.0338  0.936663
 0.0339  0.937945
 0.0340  0.940512
 0.0341  0.942814
 0.0342  0.944898
 0.0343  0.946878
 0.0344  0.948826
 0.0345  0.950757
 0.0346  0.952716
 0.0347  0.954625
 0.0348  0.956537
 0.0349  0.960716
 0.0350  0.963835
 0.0351  0.966758
 0.0352  0.969618
 0.0353  0.972496
 0.0354  0.975364
 0.0355  0.978295
 0.0356  0.982673
 0.0357  0.988231
 0.0358  0.993029
 0.0359  0.997643
 0.0360  1.002308
 0.0361  1.007082
 0.0362  1.011963
 0.0363  1.021472
 0.0364  1.030320
 0.0365  1.039024
 0.0366  1.048019
 0.0367  1.057612
 0.0368  1.074594
 0.0369  1.096218
 0.0370  1.119132
 0.0371  1.147309
 0.0372  1.252373
 0.0373  1.249340
 0.0374  1.141894
 0.0375  1.114127
 0.0376  1.089778
 0.0377  1.064931
 0.0378  1.054463
 0.0379  1.036142
 0.0380  1.028213
 0.0381  1.013559
 0.0382  1.007767
 0.0383  0.999442
 0.0384  0.990084
 0.0385  0.985130
 0.0386  0.977582
 0.0387  0.970564
 0.0388  0.966687
 0.0389  0.961152
 0.0390  0.953897
 0.0391  0.950621
 0.0392  0.946745
 0.0393  0.941242
 0.0394  0.936440
 0.0395  0.933480
 0.0396  0.930064
 0.0397  0.925161
 0.0398  0.921132
 0.0399  0.918808
 0.0400  0.915841
