-0.0400  0.912425
-0.0399  0.913195
-0.0398  0.913982
-0.0397  0.914748
-0.0396  0.915477
-0.0395  0.916187
-0.0394  0.917137
-0.0393  0.918089
-0.0392  0.918912
-0.0391  0.919686
-0.0390  0.920447
-0.0389  0.921345
-0.0388  0.922251
-0.0387  0.923107
-0.0386  0.923917
-0.0385  0.924722
-0.0384  0.925554
-0.0383  0.926335
-0.0382  0.927406
-0.0381  0.928415
-0.0380  0.929319
-0.0379  0.930170
-0.0378  0.930997
-0.0377  0.931928
-0.0376  0.932864
-0.0375  0.933717
-0.0374  0.934572
-0.0373  0.935397
-0.0372  0.936194
-0.0371  0.937039
-0.0370  0.938293
-0.0369  0.939316
-0.0368  0.940253
-0.0367  0.941131
-0.0366  0.941986
-0.0365  0.943010
-0.0364  0.943923
-0.0363  0.944841
-0.0362  0.945746
-0.0361  0.946633
-0.0360  0.947509
-0.0359  0.948660
-0.0358  0.949872
-0.0357  0.950939
-0.0356  0.951938
-0.0355  0.952894
-0.0354  0.953889
-0.0353  0.955008
-0.0352  0.955999
-0.0351  0.956945
-0.0350  0.957867
-0.0349  0.958767
-0.0348  0.959829
-0.0347  0.961193
-0.0346  0.962298
-0.0345  0.963371
-0.0344  0.964423
-0.0343  0.965415
-0.0342  0.966661
-0.0341  0.967728
-0.0340  0.968738
-0.0339  0.969706
-0.0338  0.970645
-0.0337  0.971797
-0.0336  0.973220
-0.0335  0.974413
-0.0334  0.975575
-0.0333  0.976658
-0.0332  0.977730
-0.0331  0.979134
-0.0330  0.980315
-0.0329  0.981428
-0.0328  0.982500
-0.0327  0.983549
-0.0326  0.985091
-0.0325  0.986447
-0.0324  0.987686
-0.0323  0.988863
-0.0322  0.989987
-0.0321  0.991288
-0.0320  0.992607
-0.0319  0.993817
-0.0318  0.995048
-0.0317  0.996200
-0.0316  0.997592
-0.0315  0.999233
-0.0314  1.000592
-0.0313  1.001867
-0.0312  1.003086
-0.0311  1.004252
-0.0310  1.005713
-0.0309  1.007076
-0.0308  1.008412
-0.0307  1.009657
-0.0306  1.011096
-0.0305  1.013023
-0.0304  1.014555
-0.0303  1.015988
-0.0302  1.017360
-0.0301  1.018686
-0.0300  1.020306
-0.0299  1.021769
-0.0298  1.023148
-0.0297  1.024470
-0.0296  1.026256
-0.0295  1.028107
-0.0294  1.029707
-0.0293  1.031239
-0.0292  1.032777
-0.0291  1.034217
-0.0290  1.036009
-0.0289  1.037579
-0.0288  1.039072
-0.0287  1.040512
-0.0286  1.042771
-0.0285  1.044575
-0.0284  1.046235
-0.0283  1.047841
-0.0282  1.049478
-0.0281  1.051278
-0.0280  1.053164
-0.0279  1.054906
-0.0278  1.056566
-0.0277  1.058972
-0.0276  1.061065
-0.0275  1.062968
-0.0274  1.064765
-0.0273  1.066512
-0.0272  1.068241
-0.0271  1.070401
-0.0270  1.072291
-0.0269  1.074083
-0.0268  1.076812
-0.0267  1.079144
-0.0266  1.081256
-0.0265  1.083265
-0.0264  1.085196
-0.0263  1.087227
-0.0262  1.089529
-0.0261  1.091566
-0.0260  1.093942
-0.0259  1.096808
-0.0258  1.099217
-0.0257  1.101444
-0.0256  1.103608
-0.0255  1.105783
-0.0254  1.108426
-0.0253  1.110865
-0.0252  1.113316
-0.0251  1.116736
-0.0250  1.119508
-0.0249  1.122069
-0.0248  1.124536
-0.0247  1.126949
-0.0246  1.129607
-0.0245  1.132432
-0.0244  1.135336
-0.0243  1.139103
-0.0242  1.142282
-0.0241  1.145217
-0.0240  1.148026
-0.0239  1.150783
-0.0238  1.153881
-0.0237  1.157002
-0.0236  1.161144
-0.0235  1.164873
-0.0234  1.168274
-0.0233  1.171529
-0.0232  1.174680
-0.0231  1.177768
-0.0230  1.181576
-0.0229  1.186226
-0.0228  1.190719
-0.0227  1.194793
-0.0226  1.198627
-0.0225  1.202334
-0.0224  1.205948
-0.0223  1.210265
-0.0222  1.215995
-0.0221  1.221048
-0.0220  1.225696
-0.0219  1.230173
-0.0218  1.234576
-0.0217  1.238931
-0.0216  1.244712
-0.0215  1.251697
-0.0214  1.257387
-0.0213  1.262738
-0.0212  1.268037
-0.0211  1.273247
-0.0210  1.279492
-0.0209  1.288066
-0.0208  1.295058
-0.0207  1.301633
-0.0206  1.308145
-0.0205  1.314705
-0.0204  1.323901
-0.0203  1.333361
-0.0202  1.341975
-0.0201  1.350211
-0.0200  1.358484
-0.0199  1.368565
-0.0198  1.380881
-0.0197  1.392289
-0.0196  1.403185
-0.0195  1.414084
-0.0194  1.428466
-0.0193  1.443689
-0.0192  1.459216
-0.0191  1.474266
-0.0190  1.490737
-0.0189  1.512633
-0.0188  1.534175
-0.0187  1.556691
-0.0186  1.583465
-0.0185  1.615829
-0.0184  1.648387
-0.0183  1.688292
-0.0182  1.745256
-0.0181  1.807959
-0.0180  1.893080
-0.0179  2.046814
-0.0178  2.441098
-0.0177  2.231959
-0.0176  2.023972
-0.0175  1.702869
-0.0174  1.569538
-0.0173  1.585905
-0.0172  1.620780
-0.0171  1.762372
-0.0170  1.691193
-0.0169  1.592331
-0.0168  1.517746
-0.0167  1.482245
-0.0166  1.286099
-0.0165  1.272338
-0.0164  1.255361
-0.0163  1.246200
-0.0162  1.233825
-0.0161  1.224951
-0.0160  1.216899
-0.0159  1.206750
-0.0158  1.200142
-0.0157  1.195177
-0.0156  1.186514
-0.0155  1.180944
-0.0154  1.176763
-0.0153  1.170422
-0.0152  1.164367
-0.0151  1.161163
-0.0150  1.156074
-0.0149  1.152531
-0.0148  1.147370
-0.0147  1.144287
-0.0146  1.140809
-0.0145  1.137863
-0.0144  1.132891
-0.0143  1.129796
-0.0142  1.127554
-0.0141  1.125291
-0.0140  1.122201
-0.0139  1.118005
-0.0138  1.116030
-0.0137  1.114468
-0.0136  1.112386
-0.0135  1.109509
-0.0134  1.105828
-0.0133  1.104571
-0.0132  1.103106
-0.0131  1.101373
-0.0130  1.098964
-0.0129  1.095513
-0.0128  1.094492
-0.0127  1.093544
-0.0126  1.092229
-0.0125  1.090466
-0.0124  1.087782
-0.0123  1.085909
-0.0122  1.084987
-0.0121  1.084035
-0.0120  1.082831
-0.0119  1.081026
-0.0118  1.079133
-0.0117  1.077777
-0.0116  1.077220
-0.0115  1.076483
-0.0114  1.075506
-0.0113  1.073817
-0.0112  1.072664
-0.0111  1.070948
-0.0110  1.070508
-0.0109  1.069896
-0.0108  1.069142
-0.0107  1.068299
-0.0106  1.067272
-0.0105  1.066278
-0.0104  1.064972
-0.0103  1.064584
-0.0102  1.064065
-0.0101  1.063567
-0.0100  1.062449
-0.0099  1.061885
-0.0098  1.061086
-0.0097  1.060146
-0.0096  1.059965
-0.0095  1.059659
-0.0094  1.059200
-0.0093  1.058305
-0.0092  1.058116
-0.0091  1.057664
-0.0090  1.056441
-0.0089  1.056292
-0.0088  1.056480
-0.0087  1.056393
-0.0086  1.055971
-0.0085  1.055609
-0.0084  1.055385
-0.0083  1.055209
-0.0082  1.054264
-0.0081  1.054307
-0.0080  1.054255
-0.0079  1.054544
-0.0078  1.054210
-0.0077  1.054311
-0.0076  1.054278
-0.0075  1.054262
-0.0074  1.053512
-0.0073  1.053738
-0.0072  1.053855
-0.0071  1.054177
-0.0070  1.054148
-0.0069  1.054458
-0.0068  1.054607
-0.0067  1.054912
-0.0066  1.054903
-0.0065  1.054647
-0.0064  1.054968
-0.0063  1.055555
-0.0062  1.056041
-0.0061  1.056393
-0.0060  1.056861
-0.0059  1.057597
-0.0058  1.057981
-0.0057  1.058011
-0.0056  1.058115
-0.0055  1.059238
-0.0054  1.060003
-0.0053  1.060362
-0.0052  1.061507
-0.0051  1.062333
-0.0050  1.063000
-0.0049  1.063530
-0.0048  1.064472
-0.0047  1.065183
-0.0046  1.066439
-0.0045  1.067646
-0.0044  1.068398
-0.0043  1.069455
-0.0042  1.070383
-0.0041  1.072309
-0.0040  1.073857
-0.0039  1.075425
-0.0038  1.076276
-0.0037  1.077688
-0.0036  1.078971
-0.0035  1.081203
-0.0034  1.083829
-0.0033  1.086104
-0.0032  1.088051
-0.0031  1.089853
-0.0030  1.091874
-0.0029  1.095676
-0.0028  1.098324
-0.0027  1.100976
-0.0026  1.103399
-0.0025  1.106799
-0.0024  1.112293
-0.0023  1.116280
-0.0022  1.119882
-0.0021  1.124926
-0.0020  1.131900
-0.0019  1.137414
-0.0018  1.144657
-0.0017  1.151774
-0.0016  1.162429
-0.0015  1.177538
-0.0014  1.196393
-0.0013  1.255667
-0.0012  1.221829
-0.0011  1.214638
-0.0010  1.224032
-0.0009  1.249617
-0.0008  1.368137
-0.0007  1.240729
-0.0006  1.200859
-0.0005  1.181182
-0.0004  1.164266
-0.0003  1.153238
-0.0002  1.139598
-0.0001  1.133567
 0.0000  1.125565
 0.0001  1.114437
 0.0002  1.109784
 0.0003  1.104924
 0.0004  1.099126
 0.0005  1.090536
 0.0006  1.087416
 0.0007  1.083917
 0.0008  1.079988
 0.0009  1.074827
 0.0010  1.069934
 0.0011  1.066607
 0.0012  1.063610
 0.0013  1.059926
 0.0014  1.056165
 0.0015  1.051933
 0.0016  1.048913
 0.0017  1.046327
 0.0018  1.043900
 0.0019  1.041265
 0.0020  1.037990
 0.0021  1.034818
 0.0022  1.032564
 0.0023  1.029723
 0.0024  1.027268
 0.0025  1.025099
 0.0026  1.022592
 0.0027  1.019254
 0.0028  1.017538
 0.0029  1.015671
 0.0030  1.013486
 0.0031  1.011510
 0.0032  1.009599
 0.0033  1.007407
 0.0034  1.004361
 0.0035  1.002367
 0.0036  1.000719
 0.0037  0.998928
 0.0038  0.996695
 0.0039  0.995121
 0.0040  0.993388
 0.0041  0.991521
 0.0042  0.989190
 0.0043  0.987776
 0.0044  0.986270
 0.0045  0.984666
 0.0046  0.982752
 0.0047  0.980780
 0.0048  0.979238
 0.0049  0.977495
 0.0050  0.975613
 0.0051  0.974118
 0.0052  0.972892
 0.0053  0.971610
 0.0054  0.970238
 0.0055  0.968745
 0.0056  0.967020
 0.0057  0.965521
 0.0058  0.963714
 0.0059  0.961795
 0.0060  0.960387
 0.0061  0.959229
 0.0062  0.958087
 0.0063  0.956890
 0.0064  0.955620
 0.0065  0.954219
 0.0066  0.952744
 0.0067  0.951413
 0.0068  0.949935
 0.0069  0.948078
 0.0070  0.946758
 0.0071  0.945666
 0.0072  0.944452
 0.0073  0.943377
 0.0074  0.942248
 0.0075  0.941045
 0.0076  0.939678
 0.0077  0.938512
 0.0078  0.937265
 0.0079  0.935674
 0.0080  0.934628
 0.0081  0.933464
 0.0082  0.932254
 0.0083  0.931195
 0.0084  0.930063
 0.0085  0.929030
 0.0086  0.927910
 0.0087  0.926662
 0.0088  0.925612
 0.0089  0.924427
 0.0090  0.923016
 0.0091  0.922059
 0.0092  0.921045
 0.0093  0.919895
 0.0094  0.918698
 0.0095  0.917691
 0.0096  0.916612
 0.0097  0.915622
 0.0098  0.914439
 0.0099  0.913453
 0.0100  0.912413
 0.0101  0.911032
 0.0102  0.910183
 0.0103  0.909297
 0.0104  0.908366
 0.0105  0.907364
 0.0106  0.906208
 0.0107  0.905326
 0.0108  0.904328
 0.0109  0.903405
 0.0110  0.902357
 0.0111  0.901381
 0.0112  0.900395
 0.0113  0.899158
 0.0114  0.898363
 0.0115  0.897534
 0.0116  0.896671
 0.0117  0.895739
 0.0118  0.894594
 0.0119  0.893722
 0.0120  0.892706
 0.0121  0.891828
 0.0122  0.890917
 0.0123  0.889912
 0.0124  0.889027
 0.0125  0.888042
 0.0126  0.887036
 0.0127  0.886283
 0.0128  0.885500
 0.0129  0.884663
 0.0130  0.883743
 0.0131  0.882764
 0.0132  0.881903
 0.0133  0.881053
 0.0134  0.880238
 0.0135  0.879419
 0.0136  0.878464
 0.0137  0.877643
 0.0138  0.876712
 0.0139  0.875763
 0.0140  0.875038
 0.0141  0.874275
 0.0142  0.873466
 0.0143  0.872471
 0.0144  0.871707
 0.0145  0.870861
 0.0146  0.870122
 0.0147  0.869339
 0.0148  0.868535
 0.0149  0.867695
 0.0150  0.866798
 0.0151  0.865983
 0.0152  0.864923
 0.0153  0.864227
 0.0154  0.863500
 0.0155  0.862722
 0.0156  0.861816
 0.0157  0.861087
 0.0158  0.860336
 0.0159  0.859659
 0.0160  0.858956
 0.0161  0.858243
 0.0162  0.857491
 0.0163  0.856738
 0.0164  0.855861
 0.0165  0.855097
 0.0166  0.854195
 0.0167  0.853391
 0.0168  0.852649
 0.0169  0.851817
 0.0170  0.851110
 0.0171  0.850428
 0.0172  0.849784
 0.0173  0.849114
 0.0174  0.848404
 0.0175  0.847713
 0.0176  0.847014
 0.0177  0.846290
 0.0178  0.845508
 0.0179  0.844655
 0.0180  0.843854
 0.0181  0.842854
 0.0182  0.842081
 0.0183  0.841401
 0.0184  0.840806
 0.0185  0.840215
 0.0186  0.839613
 0.0187  0.838990
 0.0188  0.838355
 0.0189  0.837707
 0.0190  0.837033
 0.0191  0.836358
 0.0192  0.835677
 0.0193  0.834926
 0.0194  0.834020
 0.0195  0.833160
 0.0196  0.832228
 0.0197  0.831650
 0.0198  0.831085
 0.0199  0.830499
 0.0200  0.829906
 0.0201  0.829268
 0.0202  0.828677
 0.0203  0.828077
 0.0204  0.827457
 0.0205  0.826818
 0.0206  0.826150
 0.0207  0.825420
 0.0208  0.824595
 0.0209  0.823848
 0.0210  0.823088
 0.0211  0.822431
 0.0212  0.821642
 0.0213  0.821097
 0.0214  0.820544
 0.0215  0.819980
 0.0216  0.819402
 0.0217  0.818811
 0.0218  0.818208
 0.0219  0.817583
 0.0220  0.816967
 0.0221  0.816220
 0.0222  0.815599
 0.0223  0.814977
 0.0224  0.814369
 0.0225  0.813737
 0.0226  0.813039
 0.0227  0.812332
 0.0228  0.811572
 0.0229  0.810961
 0.0230  0.810418
 0.0231  0.809862
 0.0232  0.809290
 0.0233  0.808695
 0.0234  0.808036
 0.0235  0.807397
 0.0236  0.806808
 0.0237  0.806263
 0.0238  0.805706
 0.0239  0.805143
 0.0240  0.804559
 0.0241  0.803967
 0.0242  0.803338
 0.0243  0.802638
 0.0244  0.801986
 0.0245  0.801208
 0.0246  0.800642
 0.0247  0.800038
 0.0248  0.799392
 0.0249  0.798859
 0.0250  0.798360
 0.0251  0.797850
 0.0252  0.797325
 0.0253  0.796785
 0.0254  0.796219
 0.0255  0.795652
 0.0256  0.795101
 0.0257  0.794537
 0.0258  0.793951
 0.0259  0.793341
 0.0260  0.792671
 0.0261  0.791868
 0.0262  0.791191
 0.0263  0.790593
 0.0264  0.790110
 0.0265  0.789624
 0.0266  0.789132
 0.0267  0.788633
 0.0268  0.788126
 0.0269  0.787607
 0.0270  0.787076
 0.0271  0.786537
 0.0272  0.785984
 0.0273  0.785409
 0.0274  0.784799
 0.0275  0.784141
 0.0276  0.783545
 0.0277  0.783017
 0.0278  0.782442
 0.0279  0.781834
 0.0280  0.781167
 0.0281  0.780625
 0.0282  0.780142
 0.0283  0.779662
 0.0284  0.779174
 0.0285  0.778676
 0.0286  0.778159
 0.0287  0.777625
 0.0288  0.777024
 0.0289  0.776472
 0.0290  0.775970
 0.0291  0.775478
 0.0292  0.774977
 0.0293  0.774466
 0.0294  0.773942
 0.0295  0.773398
 0.0296  0.772828
 0.0297  0.772200
 0.0298  0.771607
 0.0299  0.771005
 0.0300  0.770500
 0.0301  0.769968
 0.0302  0.769383
 0.0303  0.768870
 0.0304  0.768400
 0.0305  0.767925
 0.0306  0.767479
 0.0307  0.767003
 0.0308  0.766489
 0.0309  0.766017
 0.0310  0.765536
 0.0311  0.765042
 0.0312  0.764530
 0.0313  0.764000
 0.0314  0.763446
 0.0315  0.762845
 0.0316  0.762172
 0.0317  0.761593
 0.0318  0.761081
 0.0319  0.760642
 0.0320  0.760197
 0.0321  0.759748
 0.0322  0.759292
 0.0323  0.758829
 0.0324  0.758358
 0.0325  0.757881
 0.0326  0.757395
 0.0327  0.756897
 0.0328  0.756382
 0.0329  0.755810
 0.0330  0.755257
 0.0331  0.754771
 0.0332  0.754279
 0.0333  0.753759
 0.0334  0.753237
 0.0335  0.752698
 0.0336  0.752171
 0.0337  0.751630
 0.0338  0.751198
 0.0339  0.750758
 0.0340  0.750310
 0.0341  0.749851
 0.0342  0.749374
 0.0343  0.748841
 0.0344  0.748372
 0.0345  0.747937
 0.0346  0.747497
 0.0347  0.747051
 0.0348  0.746601
 0.0349  0.746145
 0.0350  0.745681
 0.0351  0.745207
 0.0352  0.744717
 0.0353  0.744210
 0.0354  0.743684
 0.0355  0.743083
 0.0356  0.742511
 0.0357  0.741913
 0.0358  0.741453
 0.0359  0.741015
 0.0360  0.740562
 0.0361  0.740112
 0.0362  0.739688
 0.0363  0.739299
 0.0364  0.738900
 0.0365  0.738475
 0.0366  0.738044
 0.0367  0.737606
 0.0368  0.737158
 0.0369  0.736694
 0.0370  0.736205
 0.0371  0.735687
 0.0372  0.735225
 0.0373  0.734770
 0.0374  0.734300
 0.0375  0.733795
 0.0376  0.733269
 0.0377  0.732745
 0.0378  0.732328
 0.0379  0.731907
 0.0380  0.731482
 0.0381  0.731052
 0.0382  0.730608
 0.0383  0.730151
 0.0384  0.729675
 0.0385  0.729176
 0.0386  0.728716
 0.0387  0.728265
 0.0388  0.727847
 0.0389  0.727422
 0.0390  0.726991
 0.0391  0.726555
 0.0392  0.726163
 0.0393  0.725733
 0.0394  0.725291
 0.0395  0.724823
 0.0396  0.724293
 0.0397  0.723772
 0.0398  0.723271
 0.0399  0.722820
 0.0400  0.722436
