 0.00  0.012673  0.000023
 0.04  0.014772  0.000037
 0.08  0.016614  0.000057
 0.12  0.018165  0.000081
 0.16  0.019438  0.000109
 0.20  0.020479  0.000139
 0.24  0.021337  0.000169
 0.28  0.022055  0.000199
 0.32  0.022661  0.000226
 0.36  0.023173  0.000248
 0.40  0.023606  0.000266
 0.44  0.023975  0.000280
 0.48  0.024298  0.000292
 0.52  0.024596  0.000303
 0.56  0.024885  0.000316
 0.60  0.025176  0.000331
 0.64  0.025467  0.000347
 0.68  0.025750  0.000363
 0.72  0.026019  0.000376
 0.76  0.026268  0.000386
 0.80  0.026503  0.000394
 0.84  0.026733  0.000402
 0.88  0.026970  0.000412
 0.92  0.027223  0.000426
 0.96  0.027493  0.000442
 1.00  0.027774  0.000461
 1.04  0.028049  0.000477
 1.08  0.028307  0.000490
 1.12  0.028542  0.000499
 1.16  0.028761  0.000505
 1.20  0.028978  0.000512
 1.24  0.029210  0.000523
 1.28  0.029467  0.000540
 1.32  0.029743  0.000560
 1.36  0.030029  0.000581
 1.40  0.030305  0.000599
 1.44  0.030561  0.000612
 1.48  0.030792  0.000621
 1.52  0.031007  0.000627
 1.56  0.031224  0.000637
 1.60  0.031460  0.000652
 1.64  0.031725  0.000674
 1.68  0.032012  0.000701
 1.72  0.032306  0.000728
 1.76  0.032587  0.000750
 1.80  0.032843  0.000767
 1.84  0.033075  0.000779
 1.88  0.033297  0.000791
 1.92  0.033525  0.000808
 1.96  0.033776  0.000833
 2.00  0.034052  0.000866
 2.04  0.034345  0.000903
 2.08  0.034639  0.000937
 2.12  0.034918  0.000966
 2.16  0.035171  0.000989
 2.20  0.035405  0.001008
 2.24  0.035635  0.001031
 2.28  0.035881  0.001062
 2.32  0.036155  0.001104
 2.36  0.036452  0.001154
 2.40  0.036759  0.001205
 2.44  0.037056  0.001252
 2.48  0.037330  0.001292
 2.52  0.037582  0.001325
 2.56  0.037821  0.001358
 2.60  0.038067  0.001397
 2.64  0.038335  0.001447
 2.68  0.038631  0.001509
 2.72  0.038948  0.001577
 2.76  0.039266  0.001644
 2.80  0.039564  0.001703
 2.84  0.039834  0.001752
 2.88  0.040083  0.001796
 2.92  0.040329  0.001842
 2.96  0.040593  0.001899
 3.00  0.040888  0.001970
 3.04  0.041212  0.002052
 3.08  0.041548  0.002138
 3.12  0.041877  0.002218
 3.16  0.042179  0.002287
 3.20  0.042452  0.002346
 3.24  0.042709  0.002402
 3.28  0.042971  0.002466
 3.32  0.043261  0.002544
 3.36  0.043587  0.002638
 3.40  0.043939  0.002743
 3.44  0.044296  0.002847
 3.48  0.044635  0.002943
 3.52  0.044944  0.003029
 3.56  0.045225  0.003108
 3.60  0.045490  0.003193
 3.64  0.045755  0.003293
 3.68  0.046034  0.003415
 3.72  0.046325  0.003556
 3.76  0.046619  0.003706
 3.80  0.046903  0.003854
 3.84  0.047171  0.003993
 3.88  0.047431  0.004126
 3.92  0.047702  0.004261
 3.96  0.048003  0.004411
 4.00  0.048346  0.004583
 4.04  0.048727  0.004779
 4.08  0.049127  0.004991
 4.12  0.049521  0.005205
 4.16  0.049888  0.005410
 4.20  0.050218  0.005604
 4.24  0.050521  0.005794
 4.28  0.050819  0.005990
 4.32  0.051134  0.006204
 4.36  0.051479  0.006440
 4.40  0.051848  0.006689
 4.44  0.052224  0.006940
 4.48  0.052585  0.007177
 4.52  0.052919  0.007395
 4.56  0.053229  0.007596
 4.60  0.053533  0.007793
 4.64  0.053851  0.007999
 4.68  0.054199  0.008219
 4.72  0.054574  0.008452
 4.76  0.054960  0.008684
 4.80  0.055335  0.008901
 4.84  0.055683  0.009094
 4.88  0.056005  0.009264
 4.92  0.056316  0.009425
 4.96  0.056638  0.009590
 5.00  0.056988  0.009770
 5.04  0.057368  0.009963
 5.08  0.057764  0.010160
 5.12  0.058154  0.010344
 5.16  0.058521  0.010505
 5.20  0.058860  0.010642
 5.24  0.059186  0.010768
 5.28  0.059519  0.010897
 5.32  0.059877  0.011042
 5.36  0.060266  0.011204
 5.40  0.060673  0.011371
 5.44  0.061077  0.011530
 5.48  0.061460  0.011668
 5.52  0.061817  0.011785
 5.56  0.062160  0.011892
 5.60  0.062508  0.012008
 5.64  0.062881  0.012144
 5.68  0.063284  0.012303
 5.72  0.063706  0.012475
 5.76  0.064126  0.012644
 5.80  0.064528  0.012799
 5.84  0.064905  0.012940
 5.88  0.065269  0.013080
 5.92  0.065639  0.013238
 5.96  0.066033  0.013428
 6.00  0.066455  0.013651
 6.04  0.066893  0.013893
 6.08  0.067328  0.014137
 6.12  0.067746  0.014369
 6.16  0.068142  0.014593
 6.20  0.068530  0.014823
 6.24  0.068928  0.015079
 6.28  0.069351  0.015374
 6.32  0.069800  0.015702
 6.36  0.070263  0.016046
 6.40  0.070721  0.016382
 6.44  0.071160  0.016696
 6.48  0.071582  0.016995
 6.52  0.072000  0.017296
 6.56  0.072434  0.017624
 6.60  0.072895  0.017987
 6.64  0.073381  0.018377
 6.68  0.073876  0.018769
 6.72  0.074364  0.019140
 6.76  0.074836  0.019480
 6.80  0.075298  0.019803
 6.84  0.075767  0.020136
 6.88  0.076263  0.020505
 6.92  0.076794  0.020919
 6.96  0.077355  0.021366
 7.00  0.077935  0.021822
 7.04  0.078522  0.022269
 7.08  0.079120  0.022712
 7.12  0.079745  0.023179
 7.16  0.080417  0.023704
 7.20  0.081143  0.024306
 7.24  0.081902  0.024968
 7.28  0.082643  0.025634
 7.32  0.083287  0.026225
 7.36  0.083756  0.026663
 7.40  0.083985  0.026895
 7.44  0.083952  0.026909
 7.48  0.083680  0.026726
 7.52  0.083237  0.026402
 7.56  0.082726  0.026010
 7.60  0.082273  0.025637
 7.64  0.082003  0.025380
 7.68  0.082024  0.025336
 7.72  0.082402  0.025583
 7.76  0.083143  0.026164
 7.80  0.084191  0.027075
 7.84  0.085441  0.028284
 7.88  0.086773  0.029771
 7.92  0.088092  0.031596
 7.96  0.089359  0.033948
 8.00  0.090604  0.037170
 8.04  0.091906  0.041711
 8.08  0.093365  0.048029
 8.12  0.095063  0.056443
 8.16  0.097033  0.066996
 8.20  0.099244  0.079373
 8.24  0.101612  0.092926
 8.28  0.104017  0.106802
 8.32  0.106328  0.120146
 8.36  0.108430  0.132292
 8.40  0.110245  0.142898
 8.44  0.111748  0.151958
 8.48  0.112969  0.159735
 8.52  0.113986  0.166638
 8.56  0.114911  0.173083
 8.60  0.115859  0.179404
 8.64  0.116927  0.185796
 8.68  0.118167  0.192320
 8.72  0.119595  0.198931
 8.76  0.121189  0.205534
 8.80  0.122910  0.212018
 8.84  0.124700  0.218285
 8.88  0.126490  0.224250
 8.92  0.128196  0.229835
 8.96  0.129734  0.234974
 9.00  0.131040  0.239632
 9.04  0.132099  0.243831
 9.08  0.132961  0.247674
 9.12  0.133734  0.251333
 9.16  0.134551  0.255018
 9.20  0.135524  0.258914
 9.24  0.136698  0.263123
 9.28  0.138022  0.267611
 9.32  0.139344  0.272184
 9.36  0.140438  0.276512
 9.40  0.141060  0.280219
 9.44  0.141032  0.283014
 9.48  0.140320  0.284869
 9.52  0.139094  0.286166
 9.56  0.137734  0.287767
 9.60  0.136776  0.290967
 9.64  0.136800  0.297288
 9.68  0.138289  0.308128
 9.72  0.141488  0.324272
 9.76  0.146284  0.345371
 9.80  0.152164  0.369522
 9.84  0.158252  0.393193
 9.88  0.163459  0.411670
 9.92  0.166725  0.420072
 9.96  0.167298  0.414706
10.00  0.164946  0.394296
10.04  0.160040  0.360576
10.08  0.153440  0.317944
10.12  0.146242  0.272276
10.16  0.139477  0.229367
10.20  0.133873  0.193579
10.24  0.129760  0.167151
10.28  0.127114  0.150256
10.32  0.125699  0.141608
10.36  0.125220  0.139248
10.40  0.125437  0.141218
10.44  0.126218  0.145951
10.48  0.127535  0.152399
10.52  0.129423  0.159981
10.56  0.131939  0.168444
10.60  0.135121  0.177733
10.64  0.138963  0.187894
10.68  0.143414  0.199020
10.72  0.148395  0.211235
10.76  0.153823  0.224696
10.80  0.159638  0.239580
10.84  0.165805  0.256034
10.88  0.172291  0.274072
10.92  0.179011  0.293429
10.96  0.185768  0.313427
11.00  0.192216  0.332916
11.04  0.197872  0.350355
11.08  0.202180  0.364035
11.12  0.204630  0.372418
11.16  0.204880  0.374474
11.20  0.202853  0.369949
11.24  0.198783  0.359516
11.28  0.193196  0.344838
11.32  0.186852  0.328558
11.36  0.180650  0.314200
11.40  0.175503  0.305861
11.44  0.172187  0.307585
11.48  0.171192  0.322412
11.52  0.172608  0.351314
11.56  0.176102  0.392414
11.60  0.181016  0.440939
11.64  0.186539  0.490111
11.68  0.191912  0.532777
11.72  0.196566  0.563180
11.76  0.200162  0.578176
11.80  0.202539  0.577489
11.84  0.203634  0.563092
11.88  0.203445  0.538202
11.92  0.202064  0.506421
11.96  0.199739  0.471269
12.00  0.196919  0.436022
12.04  0.194221  0.403607
12.08  0.192318  0.376405
12.12  0.191796  0.356000
12.16  0.193036  0.342999
12.20  0.196171  0.337082
12.24  0.201106  0.337225
12.28  0.207585  0.342038
12.32  0.215262  0.350045
12.36  0.223756  0.359857
12.40  0.232668  0.370198
12.44  0.241580  0.379863
12.48  0.250040  0.387661
12.52  0.257557  0.392429
12.56  0.263636  0.393131
12.60  0.267830  0.389032
12.64  0.269838  0.379898
12.68  0.269602  0.366162
12.72  0.267393  0.348969
12.76  0.263817  0.330065
12.80  0.259739  0.311528
12.84  0.256119  0.295368
12.88  0.253811  0.283143
12.92  0.253395  0.275673
12.96  0.255091  0.272967
13.00  0.258779  0.274334
13.04  0.264087  0.278625
13.08  0.270520  0.284496
13.12  0.277573  0.290623
13.16  0.284803  0.295843
13.20  0.291887  0.299226
13.24  0.298654  0.300137
13.28  0.305123  0.298308
13.32  0.311536  0.293903
13.36  0.318349  0.287550
13.40  0.326165  0.280282
13.44  0.335573  0.273373
13.48  0.346925  0.268099
13.52  0.360126  0.265498
13.56  0.374526  0.266201
13.60  0.388984  0.270376
13.64  0.402119  0.277780
13.68  0.412659  0.287860
13.72  0.419748  0.299857
13.76  0.423107  0.312853
13.80  0.422972  0.325785
13.84  0.419886  0.337464
13.88  0.414450  0.346649
13.92  0.407157  0.352212
13.96  0.398365  0.353364
14.00  0.388369  0.349859
14.04  0.377500  0.342067
14.08  0.366162  0.330892
14.12  0.354806  0.317524
14.16  0.343831  0.303144
14.20  0.333503  0.288681
14.24  0.323907  0.274687
14.28  0.314963  0.261361
14.32  0.306491  0.248675
14.36  0.298300  0.236546
14.40  0.290265  0.224992
14.44  0.282354  0.214226
14.48  0.274616  0.204668
14.52  0.267097  0.196868
14.56  0.259751  0.191383
14.60  0.252354  0.188638
14.64  0.244493  0.188815
14.68  0.235654  0.191797
14.72  0.225390  0.197176
14.76  0.213523  0.204323
14.80  0.200294  0.212498
14.84  0.186385  0.220991
14.88  0.172788  0.229260
14.92  0.160565  0.237037
14.96  0.150594  0.244361
15.00  0.143383  0.251528
15.04  0.139011  0.258937
15.08  0.137181  0.266887
15.12  0.137340  0.275364
15.16  0.138814  0.283924
15.20  0.140925  0.291706
15.24  0.143073  0.297621
15.28  0.144804  0.300645
15.32  0.145844  0.300123
15.36  0.146112  0.295958
15.40  0.145687  0.288616
15.44  0.144750  0.278953
15.48  0.143513  0.267947
15.52  0.142149  0.256443
15.56  0.140755  0.245004
15.60  0.139343  0.233890
15.64  0.137862  0.223129
15.68  0.136231  0.212647
15.72  0.134382  0.202374
15.76  0.132297  0.192327
15.80  0.130032  0.182633
15.84  0.127720  0.173529
15.88  0.125549  0.165315
15.92  0.123720  0.158307
15.96  0.122407  0.152782
16.00  0.121722  0.148953
16.04  0.121720  0.146955
16.08  0.122397  0.146833
16.12  0.123715  0.148523
16.16  0.125606  0.151822
16.20  0.127973  0.156372
16.24  0.130698  0.161687
16.28  0.133649  0.167222
16.32  0.136700  0.172486
16.36  0.139754  0.177146
16.40  0.142758  0.181090
16.44  0.145713  0.184420
16.48  0.148664  0.187397
16.52  0.151686  0.190347
16.56  0.154865  0.193579
16.60  0.158287  0.197332
16.64  0.162031  0.201763
16.68  0.166171  0.206953
16.72  0.170763  0.212921
16.76  0.175830  0.219620
16.80  0.181324  0.226895
16.84  0.187093  0.234426
16.88  0.192878  0.241699
16.92  0.198352  0.248059
16.96  0.203217  0.252857
17.00  0.207309  0.255656
17.04  0.210663  0.256403
17.08  0.213481  0.255462
17.12  0.216016  0.253485
17.16  0.218412  0.251179
17.20  0.220611  0.249083
17.24  0.222369  0.247491
17.28  0.223410  0.246541
17.32  0.223639  0.246446
17.36  0.223331  0.247729
17.40  0.223171  0.251323
17.44  0.224135  0.258439
17.48  0.227185  0.270199
17.52  0.232894  0.287112
17.56  0.241113  0.308607
17.60  0.250831  0.332841
17.64  0.260367  0.356989
17.68  0.267901  0.378064
17.72  0.272208  0.394068
17.76  0.273322  0.405054
17.80  0.272787  0.413576
17.84  0.273268  0.424123
17.88  0.277555  0.441508
17.92  0.287287  0.468676
17.96  0.301929  0.504784
18.00  0.318496  0.544483
18.04  0.332238  0.578913
18.08  0.338087  0.598238
18.12  0.332322  0.594801
18.16  0.313777  0.565640
18.20  0.284156  0.513370
18.24  0.247376  0.445172
18.28  0.208287  0.370433
18.32  0.171335  0.298095
18.36  0.139622  0.234682
18.40  0.114579  0.183511
18.44  0.096197  0.145005
18.48  0.083543  0.117649
18.52  0.075313  0.099063
18.56  0.070237  0.086824
18.60  0.067299  0.078918
18.64  0.065784  0.073886
18.68  0.065247  0.070763
18.72  0.065449  0.068966
18.76  0.066294  0.068163
18.80  0.067787  0.068179
18.84  0.070012  0.068936
18.88  0.073122  0.070408
18.92  0.077326  0.072604
18.96  0.082873  0.075548
19.00  0.090003  0.079276
19.04  0.098877  0.083845
19.08  0.109493  0.089350
19.12  0.121620  0.095959
19.16  0.134779  0.103923
19.20  0.148294  0.113551
19.24  0.161396  0.125087
19.28  0.173322  0.138511
19.32  0.183372  0.153313
19.36  0.190904  0.168368
19.40  0.195323  0.182036
19.44  0.196134  0.192508
19.48  0.193073  0.198303
19.52  0.186255  0.198692
19.56  0.176251  0.193868
19.60  0.164005  0.184785
19.64  0.150635  0.172785
19.68  0.137198  0.159210
19.72  0.124521  0.145161
19.76  0.113141  0.131433
19.80  0.103331  0.118586
19.84  0.095179  0.107026
19.88  0.088649  0.097047
19.92  0.083622  0.088826
19.96  0.079931  0.082395
20.00  0.077376  0.077643
20.04  0.075748  0.074347
20.08  0.074851  0.072234
20.12  0.074517  0.071028
20.16  0.074599  0.070491
20.20  0.074967  0.070428
20.24  0.075485  0.070675
20.28  0.076004  0.071078
20.32  0.076355  0.071482
20.36  0.076373  0.071727
20.40  0.075928  0.071672
20.44  0.074963  0.071228
20.48  0.073523  0.070379
20.52  0.071750  0.069197
20.56  0.069862  0.067824
20.60  0.068097  0.066434
20.64  0.066661  0.065187
20.68  0.065685  0.064187
20.72  0.065192  0.063457
20.76  0.065096  0.062934
20.80  0.065212  0.062488
20.84  0.065294  0.061953
20.88  0.065091  0.061176
20.92  0.064406  0.060068
20.96  0.063163  0.058637
21.00  0.061429  0.056999
21.04  0.059402  0.055350
21.08  0.057364  0.053916
21.12  0.055608  0.052900
21.16  0.054376  0.052438
21.20  0.053825  0.052588
21.24  0.054018  0.053335
21.28  0.054940  0.054622
21.32  0.056519  0.056364
21.36  0.058632  0.058461
21.40  0.061115  0.060799
21.44  0.063757  0.063242
21.48  0.066321  0.065630
21.52  0.068566  0.067793
21.56  0.070286  0.069571
21.60  0.071335  0.070831
21.64  0.071644  0.071487
21.68  0.071221  0.071512
21.72  0.070137  0.070942
21.76  0.068523  0.069885
21.80  0.066562  0.068530
21.84  0.064482  0.067137
21.88  0.062540  0.066021
21.92  0.060989  0.065511
21.96  0.060041  0.065899
22.00  0.059833  0.067396
22.04  0.060411  0.070098
22.08  0.061734  0.073967
22.12  0.063681  0.078823
22.16  0.066071  0.084344
22.20  0.068680  0.090096
22.24  0.071265  0.095576
22.28  0.073596  0.100301
22.32  0.075489  0.103903
22.36  0.076838  0.106214
22.40  0.077634  0.107294
22.44  0.077948  0.107403
22.48  0.077910  0.106914
22.52  0.077664  0.106203
22.56  0.077335  0.105573
22.60  0.077012  0.105201
22.64  0.076743  0.105147
22.68  0.076541  0.105374
22.72  0.076399  0.105799
22.76  0.076301  0.106315
22.80  0.076230  0.106823
22.84  0.076171  0.107236
22.88  0.076113  0.107489
22.92  0.076048  0.107533
22.96  0.075971  0.107340
23.00  0.075881  0.106897
23.04  0.075777  0.106204
23.08  0.075661  0.105277
23.12  0.075534  0.104140
23.16  0.075402  0.102827
23.20  0.075268  0.101373
23.24  0.075137  0.099814
23.28  0.075015  0.098183
23.32  0.074908  0.096505
23.36  0.074823  0.094797
23.40  0.074768  0.093069
23.44  0.074749  0.091319
23.48  0.074775  0.089540
23.52  0.074856  0.087721
23.56  0.075001  0.085848
23.60  0.075222  0.083908
23.64  0.075532  0.081892
23.68  0.075948  0.079800
23.72  0.076486  0.077641
23.76  0.077172  0.075439
23.80  0.078031  0.073233
23.84  0.079096  0.071077
23.88  0.080395  0.069040
23.92  0.081949  0.067196
23.96  0.083745  0.065606
24.00  0.085708  0.064301
24.04  0.087654  0.063239
24.08  0.089257  0.062280
24.12  0.090034  0.061164
24.16  0.089386  0.059529
24.20  0.086714  0.056979
24.24  0.081583  0.053184
24.28  0.073905  0.048007
24.32  0.064039  0.041586
24.36  0.052772  0.034339
24.40  0.041155  0.026878
24.44  0.030251  0.019850
24.48  0.020888  0.013779
24.52  0.013511  0.008964
24.56  0.008168  0.005451
24.60  0.004608  0.003093
24.64  0.002421  0.001635
24.68  0.001184  0.000804
24.72  0.000538  0.000368
24.76  0.000228  0.000156
24.80  0.000092  0.000061
24.84  0.000043  0.000022
24.88  0.000041  0.000008
24.92  0.000082  0.000002
24.96  0.000195  0.000001
25.00  0.000442  0.000000
25.04  0.000938  0.000000
25.08  0.001851  0.000000
25.12  0.003406  0.000000
25.16  0.005851  0.000000
25.20  0.009405  0.000000
25.24  0.014177  0.000000
25.28  0.020098  0.000000
25.32  0.026888  0.000000
25.36  0.034089  0.000000
25.40  0.041154  0.000000
25.44  0.047575  0.000000
25.48  0.052988  0.000000
25.52  0.057236  0.000001
25.56  0.060355  0.000002
25.60  0.062524  0.000006
25.64  0.063979  0.000017
25.68  0.064956  0.000041
25.72  0.065650  0.000096
25.76  0.066206  0.000207
25.80  0.066726  0.000414
25.84  0.067283  0.000775
25.88  0.067932  0.001354
25.92  0.068716  0.002213
25.96  0.069661  0.003395
26.00  0.070771  0.004903
26.04  0.072020  0.006695
26.08  0.073359  0.008685
26.12  0.074720  0.010763
26.16  0.076035  0.012822
26.20  0.077250  0.014782
26.24  0.078335  0.016600
26.28  0.079288  0.018270
26.32  0.080126  0.019805
26.36  0.080878  0.021230
26.40  0.081577  0.022562
26.44  0.082248  0.023815
26.48  0.082915  0.024994
26.52  0.083592  0.026106
26.56  0.084290  0.027159
26.60  0.085019  0.028170
26.64  0.085786  0.029163
26.68  0.086604  0.030175
26.72  0.087491  0.031265
26.76  0.088476  0.032522
26.80  0.089610  0.034090
26.84  0.090980  0.036206
26.88  0.092724  0.039241
26.92  0.095055  0.043746
26.96  0.098260  0.050459
27.00  0.102681  0.060240
27.04  0.108646  0.073900
27.08  0.116354  0.091908
27.12  0.125734  0.114053
27.16  0.136336  0.139183
27.20  0.147310  0.165181
27.24  0.157525  0.189272
27.28  0.165824  0.208627
27.32  0.171314  0.221056
27.36  0.173607  0.225554
27.40  0.172900  0.222461
27.44  0.169872  0.213242
27.48  0.165470  0.199994
27.52  0.160660  0.184919
27.56  0.156271  0.169960
27.60  0.152931  0.156655
27.64  0.151091  0.146167
27.68  0.151063  0.139355
27.72  0.153020  0.136773
27.76  0.156942  0.138568
27.80  0.162537  0.144317
27.84  0.169214  0.152946
27.88  0.176140  0.162823
27.92  0.182416  0.172089
27.96  0.187294  0.179101
28.00  0.190358  0.182844
28.04  0.191593  0.183124
28.08  0.191323  0.180484
28.12  0.190055  0.175911
28.16  0.188315  0.170475
28.20  0.186525  0.165049
28.24  0.184952  0.160177
28.28  0.183720  0.156087
28.32  0.182857  0.152781
28.36  0.182334  0.150153
28.40  0.182112  0.148076
28.44  0.182156  0.146459
28.48  0.182453  0.145278
28.52  0.183014  0.144581
28.56  0.183881  0.144492
28.60  0.185114  0.145185
28.64  0.186787  0.146841
28.68  0.188959  0.149589
28.72  0.191650  0.153432
28.76  0.194821  0.158203
28.80  0.198366  0.163566
28.84  0.202130  0.169075
28.88  0.205943  0.174282
28.92  0.209654  0.178836
28.96  0.213168  0.182561
29.00  0.216445  0.185455
29.04  0.219496  0.187644
29.08  0.222362  0.189312
29.12  0.225091  0.190633
29.16  0.227727  0.191733
29.20  0.230305  0.192685
29.24  0.232847  0.193513
29.28  0.235368  0.194217
29.32  0.237868  0.194780
29.36  0.240339  0.195177
29.40  0.242765  0.195382
29.44  0.245128  0.195377
29.48  0.247413  0.195166
29.52  0.249628  0.194794
29.56  0.251803  0.194368
29.60  0.254005  0.194061
29.64  0.256323  0.194106
29.68  0.258861  0.194758
29.72  0.261718  0.196264
29.76  0.264968  0.198820
29.80  0.268654  0.202551
29.84  0.272783  0.207494
29.88  0.277321  0.213590
29.92  0.282196  0.220667
29.96  0.287292  0.228425
30.00  0.292455  0.236434
30.04  0.297499  0.244171
30.08  0.302241  0.251105
30.12  0.306535  0.256807
30.16  0.310314  0.261056
30.20  0.313609  0.263898
30.24  0.316543  0.265617
30.28  0.319314  0.266659
30.32  0.322154  0.267528
30.36  0.325305  0.268706
30.40  0.329000  0.270632
30.44  0.333462  0.273740
30.48  0.338905  0.278529
30.52  0.345552  0.285645
30.56  0.353648  0.295943
30.60  0.363469  0.310482
30.64  0.375318  0.330437
30.68  0.389491  0.356885
30.72  0.406190  0.390470
30.76  0.425426  0.431024
30.80  0.446902  0.477237
30.84  0.469957  0.526543
30.88  0.493596  0.575317
30.92  0.516620  0.619372
30.96  0.537856  0.654689
31.00  0.556404  0.678181
31.04  0.571833  0.688295
31.08  0.584217  0.685274
31.12  0.593980  0.670976
31.16  0.601581  0.648298
31.20  0.607181  0.620407
31.24  0.610439  0.590034
31.28  0.610576  0.559083
31.32  0.606679  0.528601
31.36  0.598126  0.499035
31.40  0.584937  0.470626
31.44  0.567917  0.443773
31.48  0.548541  0.419260
31.52  0.528641  0.398261
31.56  0.509994  0.382083
31.60  0.493938  0.371704
31.64  0.481096  0.367266
31.68  0.471293  0.367776
31.72  0.463690  0.371191
31.76  0.457102  0.374945
31.80  0.450418  0.376739
31.84  0.442986  0.375338
31.88  0.434861  0.371086
31.92  0.426835  0.365965
31.96  0.420244  0.363146
32.00  0.416577  0.366107
32.04  0.416988  0.377489
32.08  0.421820  0.397973
32.12  0.430313  0.425588
32.16  0.440640  0.455805
32.20  0.450334  0.482597
32.24  0.457000  0.500194
32.28  0.459049  0.504895
32.32  0.456153  0.496166
32.36  0.449230  0.476555
32.40  0.439996  0.450527
32.44  0.430317  0.422830
32.48  0.421661  0.397156
32.52  0.414850  0.375595
32.56  0.410132  0.358904
32.60  0.407443  0.347201
32.64  0.406652  0.340570
32.68  0.407646  0.339244
32.72  0.410266  0.343342
32.76  0.414158  0.352436
32.80  0.418707  0.365289
32.84  0.423119  0.379964
32.88  0.426634  0.394275
32.92  0.428753  0.406323
32.96  0.429353  0.414864
33.00  0.428647  0.419366
33.04  0.427021  0.419819
33.08  0.424860  0.416476
33.12  0.422476  0.409693
33.16  0.420153  0.399921
33.20  0.418273  0.387776
33.24  0.417438  0.374090
33.28  0.418488  0.359864
33.32  0.422365  0.346153
33.36  0.429817  0.333917
33.40  0.440971  0.323921
33.44  0.454941  0.316703
33.48  0.469648  0.312566
33.52  0.482057  0.311587
33.56  0.488905  0.313612
33.60  0.487719  0.318228
33.64  0.477708  0.324749
33.68  0.460098  0.332222
33.72  0.437705  0.339486
33.76  0.413946  0.345284
33.80  0.391784  0.348435
33.84  0.373091  0.348035
33.88  0.358642  0.343634
33.92  0.348590  0.335334
33.96  0.343057  0.323736
34.00  0.342505  0.309785
34.04  0.347744  0.294534
34.08  0.359645  0.278919
34.12  0.378768  0.263627
34.16  0.405111  0.249042
34.20  0.438108  0.235291
34.24  0.476877  0.222326
34.28  0.520583  0.210018
34.32  0.568738  0.198242
34.36  0.621245  0.186959
34.40  0.678140  0.176286
34.44  0.739098  0.166564
34.48  0.802868  0.158407
34.52  0.866857  0.152689
34.56  0.927026  0.150441
34.60  0.978185  0.152614
34.64  1.014678  0.159749
34.68  1.031351  0.171622
34.72  1.024614  0.187025
34.76  0.993294  0.203818
34.80  0.939017  0.219328
34.84  0.865945  0.230995
34.88  0.779940  0.237064
34.92  0.687438  0.237047
34.96  0.594411  0.231792
35.00  0.505695  0.223147
35.04  0.424784  0.213401
35.08  0.353957  0.204747
35.12  0.294536  0.198931
35.16  0.247089  0.197120
35.20  0.211515  0.199916
35.24  0.187039  0.207387
35.28  0.172223  0.219044
35.32  0.165065  0.233815
35.36  0.163233  0.250082
35.40  0.164385  0.265870
35.44  0.166517  0.279177
35.48  0.168243  0.288379
35.52  0.168922  0.292570
35.56  0.168628  0.291736
35.60  0.167960  0.286696
35.64  0.167779  0.278849
35.68  0.168929  0.269787
35.72  0.172026  0.260913
35.76  0.177347  0.253164
35.80  0.184844  0.246922
35.84  0.194238  0.242134
35.88  0.205145  0.238539
35.92  0.217163  0.235918
35.96  0.229874  0.234188
36.00  0.242755  0.233328
36.04  0.255085  0.233136
36.08  0.265922  0.233003
36.12  0.274261  0.231860
36.16  0.279355  0.228424
36.20  0.281121  0.221689
36.24  0.280417  0.211471
36.28  0.279035  0.198717
36.32  0.279329  0.185368
36.36  0.283581  0.173799
36.40  0.293332  0.166036
36.44  0.308948  0.163094
36.48  0.329592  0.164736
36.52  0.353617  0.169706
36.56  0.379227  0.176341
36.60  0.405131  0.183245
36.64  0.430950  0.189759
36.68  0.457209  0.196044
36.72  0.484920  0.202803
36.76  0.514895  0.210808
36.80  0.547055  0.220463
36.84  0.579995  0.231584
36.88  0.611016  0.243491
36.92  0.636685  0.255314
36.96  0.653776  0.266388
37.00  0.660304  0.276525
37.04  0.656259  0.286042
37.08  0.643736  0.295492
37.12  0.626401  0.305226
37.16  0.608524  0.314972
37.20  0.593975  0.323693
37.24  0.585510  0.329820
37.28  0.584446  0.331778
37.32  0.590586  0.328544
37.36  0.602184  0.319932
37.40  0.615947  0.306473
37.44  0.627233  0.288982
37.48  0.630684  0.268100
37.52  0.621357  0.244097
37.56  0.596077  0.217036
37.60  0.554549  0.187202
37.64  0.499719  0.155476
37.68  0.437167  0.123434
37.72  0.373692  0.093070
37.76  0.315619  0.066287
37.80  0.267418  0.044399
37.84  0.231083  0.027870
37.88  0.206322  0.016350
37.92  0.191303  0.008946
37.96  0.183561  0.004557
38.00  0.180728  0.002158
38.04  0.180935  0.000950
38.08  0.182915  0.000388
38.12  0.185916  0.000147
38.16  0.189552  0.000052
38.20  0.193661  0.000017
38.24  0.198206  0.000005
38.28  0.203218  0.000001
38.32  0.208772  0.000000
38.36  0.214982  0.000000
38.40  0.222013  0.000000
38.44  0.230090  0.000000
38.48  0.239510  0.000000
38.52  0.250616  0.000000
38.56  0.263728  0.000000
38.60  0.279004  0.000000
38.64  0.296240  0.000000
38.68  0.314664  0.000000
38.72  0.332807  0.000000
38.76  0.348545  0.000000
38.80  0.359390  0.000000
38.84  0.362981  0.000000
38.88  0.357664  0.000000
38.92  0.342973  0.000000
38.96  0.319829  0.000000
39.00  0.290397  0.000000
39.04  0.257634  0.000000
39.08  0.224664  0.000000
39.12  0.194181  0.000000
39.16  0.168027  0.000000
39.20  0.147036  0.000000
39.24  0.131146  0.000000
39.28  0.119670  0.000000
39.32  0.111629  0.000000
39.36  0.106032  0.000000
39.40  0.102046  0.000000
39.44  0.099062  0.000000
39.48  0.096682  0.000000
39.52  0.094669  0.000000
39.56  0.092892  0.000000
39.60  0.091277  0.000000
39.64  0.089787  0.000000
39.68  0.088397  0.000000
39.72  0.087091  0.000000
39.76  0.085858  0.000000
39.80  0.084689  0.000000
39.84  0.083578  0.000000
39.88  0.082521  0.000000
39.92  0.081513  0.000000
39.96  0.080551  0.000000
40.00  0.079631  0.000000
