-0.400  0.000000
-0.399  0.000000
-0.398  0.000000
-0.397  0.000000
-0.396  0.000000
-0.395  0.000000
-0.394  0.000000
-0.393  0.000000
-0.392  0.000000
-0.391  0.000000
-0.390  0.000000
-0.389  0.000000
-0.388  0.000000
-0.387  0.000000
-0.386  0.000000
-0.385  0.000000
-0.384  0.000000
-0.383  0.000000
-0.382  0.000000
-0.381  0.000000
-0.380  0.000000
-0.379  0.000000
-0.378  0.000000
-0.377  0.000000
-0.376  0.000000
-0.375  0.000000
-0.374  0.000000
-0.373  0.000000
-0.372  0.000000
-0.371  0.000000
-0.370  0.000000
-0.369  0.000000
-0.368  0.000000
-0.367  0.000000
-0.366  0.000000
-0.365  0.000000
-0.364  0.000000
-0.363  0.000000
-0.362  0.000000
-0.361  0.000000
-0.360  0.000000
-0.359  0.000000
-0.358  0.000000
-0.357  0.000000
-0.356  0.000000
-0.355  0.000000
-0.354  0.000000
-0.353  0.000000
-0.352  0.000000
-0.351  0.000000
-0.350  0.000000
-0.349  0.000000
-0.348  0.000000
-0.347  0.000000
-0.346  0.000000
-0.345  0.000000
-0.344  0.000000
-0.343  0.000000
-0.342  0.000000
-0.341  0.000000
-0.340  0.000000
-0.339  0.000000
-0.338  0.000000
-0.337  0.000000
-0.336  0.000000
-0.335  0.000000
-0.334  0.000000
-0.333  0.000000
-0.332  0.000000
-0.331  0.000000
-0.330  0.000000
-0.329  0.000000
-0.328  0.000000
-0.327  0.000000
-0.326  0.000000
-0.325  0.000000
-0.324  0.000000
-0.323  0.000000
-0.322  0.000000
-0.321  0.000000
-0.320  0.000000
-0.319  0.000000
-0.318  0.000000
-0.317  0.000000
-0.316  0.000000
-0.315  0.000000
-0.314  0.000000
-0.313  0.000000
-0.312  0.000000
-0.311  0.000000
-0.310  0.000000
-0.309  0.000000
-0.308  0.000000
-0.307  0.000000
-0.306  0.000000
-0.305  0.000000
-0.304  0.000000
-0.303  0.000000
-0.302  0.000000
-0.301  0.000000
-0.300  0.000000
-0.299  0.000000
-0.298  0.000000
-0.297  0.000000
-0.296  0.000000
-0.295  0.000000
-0.294  0.000000
-0.293  0.000000
-0.292  0.000000
-0.291  0.000000
-0.290  0.000000
-0.289  0.000000
-0.288  0.000000
-0.287  0.000000
-0.286  0.000000
-0.285  0.000000
-0.284  0.000000
-0.283  0.000000
-0.282  0.000000
-0.281  0.000000
-0.280  0.000000
-0.279  0.000000
-0.278  0.000000
-0.277  0.663306
-0.276  0.534540
-0.275  0.479444
-0.274  0.447776
-0.273  0.428698
-0.272  0.415083
-0.271  0.405477
-0.270  0.398456
-0.269  0.393587
-0.268  0.390097
-0.267  0.387688
-0.266  0.386179
-0.265  0.385447
-0.264  0.864740
-0.263  0.871130
-0.262  0.879966
-0.261  0.888951
-0.260  0.898779
-0.259  0.910341
-0.258  0.920388
-0.257  0.932536
-0.256  0.945045
-0.255  0.957297
-0.254  0.969800
-0.253  0.982004
-0.252  0.994442
-0.251  1.007719
-0.250  1.018706
-0.249  1.032094
-0.248  1.042336
-0.247  1.054922
-0.246  1.064986
-0.245  1.076417
-0.244  1.088155
-0.243  1.097702
-0.242  1.108753
-0.241  1.120217
-0.240  1.130845
-0.239  1.141705
-0.238  1.152894
-0.237  1.164681
-0.236  1.176438
-0.235  1.188360
-0.234  1.201243
-0.233  1.214213
-0.232  1.228099
-0.231  1.242331
-0.230  1.257212
-0.229  1.272300
-0.228  1.288693
-0.227  1.305790
-0.226  1.323315
-0.225  1.341908
-0.224  1.361678
-0.223  1.381962
-0.222  1.403684
-0.221  1.426779
-0.220  1.451403
-0.219  1.476787
-0.218  1.503625
-0.217  1.533114
-0.216  1.563321
-0.215  1.596254
-0.214  2.410812
-0.213  2.283559
-0.212  2.277375
-0.211  2.305305
-0.210  2.332764
-0.209  2.374817
-0.208  2.425648
-0.207  2.478797
-0.206  2.540373
-0.205  2.607102
-0.204  2.683124
-0.203  2.770149
-0.202  2.867346
-0.201  2.981843
-0.200  3.117023
-0.199  3.281593
-0.198  3.493132
-0.197  3.778022
-0.196  4.219047
-0.195  5.254916
-0.194  5.166473
-0.193  4.368917
-0.192  3.993821
-0.191  3.758462
-0.190  3.587046
-0.189  3.452984
-0.188  3.343390
-0.187  3.252368
-0.186  3.176171
-0.185  3.109805
-0.184  3.051617
-0.183  2.997753
-0.182  2.952927
-0.181  2.910400
-0.180  2.870617
-0.179  2.834231
-0.178  2.800733
-0.177  2.770511
-0.176  2.738317
-0.175  2.710339
-0.174  2.465739
-0.173  2.456360
-0.172  2.446330
-0.171  2.437329
-0.170  2.428023
-0.169  2.418428
-0.168  2.409529
-0.167  2.400174
-0.166  2.391970
-0.165  2.382865
-0.164  2.375252
-0.163  2.366455
-0.162  2.359232
-0.161  2.351308
-0.160  2.343713
-0.159  2.337302
-0.158  2.331394
-0.157  2.325127
-0.156  2.319633
-0.155  2.314808
-0.154  2.311119
-0.153  2.308841
-0.152  2.307339
-0.151  2.306327
-0.150  2.306878
-0.149  2.309232
-0.148  2.313916
-0.147  2.322373
-0.146  2.338710
-0.145  2.365200
-0.144  2.419787
-0.143  2.603008
-0.142  2.332054
-0.141  2.245786
-0.140  2.208638
-0.139  1.930497
-0.138  1.909415
-0.137  1.891687
-0.136  1.877963
-0.135  1.867154
-0.134  1.857754
-0.133  1.849387
-0.132  1.842210
-0.131  1.835790
-0.130  1.831955
-0.129  1.828029
-0.128  1.825213
-0.127  1.926656
-0.126  1.933504
-0.125  1.939975
-0.124  1.949522
-0.123  1.958359
-0.122  1.969464
-0.121  1.982351
-0.120  1.996997
-0.119  2.012774
-0.118  2.031825
-0.117  2.054202
-0.116  2.080283
-0.115  2.113852
-0.114  2.163589
-0.113  2.255873
-0.112  2.309948
-0.111  2.214605
-0.110  2.180204
-0.109  2.159410
-0.108  2.148073
-0.107  2.141001
-0.106  2.137172
-0.105  2.137733
-0.104  2.137837
-0.103  2.142225
-0.102  2.146694
-0.101  2.151575
-0.100  2.155862
-0.099  1.602810
-0.098  1.626358
-0.097  1.651110
-0.096  1.678057
-0.095  1.707072
-0.094  1.737311
-0.093  1.769261
-0.092  1.802275
-0.091  1.838427
-0.090  1.879002
-0.089  1.922225
-0.088  1.970101
-0.087  2.021567
-0.086  2.079419
-0.085  2.142565
-0.084  2.214166
-0.083  2.300056
-0.082  2.402945
-0.081  2.518622
-0.080  2.655992
-0.079  2.848817
-0.078  3.106237
-0.077  3.488260
-0.076  4.233176
-0.075  5.785802
-0.074  3.621976
-0.073  2.827156
-0.072  2.445102
-0.071  2.302714
-0.070  2.416417
-0.069  1.672878
-0.068  0.926362
-0.067  0.940461
-0.066  0.957732
-0.065  0.975537
-0.064  0.998258
-0.063  1.024702
-0.062  1.057512
-0.061  1.100781
-0.060  1.167077
-0.059  1.311103
-0.058  1.285944
-0.057  1.162085
-0.056  1.102087
-0.055  1.065859
-0.054  1.041741
-0.053  1.021310
-0.052  1.006657
-0.051  0.994000
-0.050  0.983038
-0.049  0.973704
-0.048  0.966167
-0.047  0.959971
-0.046  0.954655
-0.045  0.949801
-0.044  0.945430
-0.043  0.941490
-0.042  0.937796
-0.041  0.934672
-0.040  0.932097
-0.039  0.929872
-0.038  0.927600
-0.037  0.925553
-0.036  0.923726
-0.035  0.922304
-0.034  0.920948
-0.033  0.919456
-0.032  0.918216
-0.031  0.917333
-0.030  0.916187
-0.029  0.915324
-0.028  0.914318
-0.027  0.913608
-0.026  0.912977
-0.025  0.912012
-0.024  0.911391
-0.023  0.910695
-0.022  0.909910
-0.021  0.909366
-0.020  0.908546
-0.019  0.907904
-0.018  0.907389
-0.017  0.906449
-0.016  0.905810
-0.015  0.905107
-0.014  0.904178
-0.013  0.903533
-0.012  0.902674
-0.011  0.901756
-0.010  0.901057
-0.009  0.899959
-0.008  0.899105
-0.007  0.898313
-0.006  0.897075
-0.005  0.896207
-0.004  0.895338
-0.003  0.894076
-0.002  0.893157
-0.001  0.892171
 0.000  0.890946
 0.001  0.890013
 0.002  0.888886
 0.003  0.887795
 0.004  0.886861
 0.005  0.885721
 0.006  0.884742
 0.007  0.883831
 0.008  0.882773
 0.009  0.881903
 0.010  0.881041
 0.011  0.880176
 0.012  0.879486
 0.013  0.878903
 0.014  0.878248
 0.015  0.877695
 0.016  0.877417
 0.017  0.877212
 0.018  0.876837
 0.019  0.877081
 0.020  0.877392
 0.021  0.877746
 0.022  0.878320
 0.023  0.879426
 0.024  0.880811
 0.025  0.882359
 0.026  0.884240
 0.027  0.887100
 0.028  0.890511
 0.029  0.894693
 0.030  0.899870
 0.031  0.906153
 0.032  0.913841
 0.033  0.924685
 0.034  0.940512
 0.035  0.963835
 0.036  1.002308
 0.037  1.119132
 0.038  1.028213
 0.039  0.953897
 0.040  0.915841
 0.041  0.886987
 0.042  0.863718
 0.043  0.843506
 0.044  0.827995
 0.045  0.813364
 0.046  0.799753
 0.047  0.786988
 0.048  0.775846
 0.049  0.765377
 0.050  0.755329
 0.051  0.745775
 0.052  0.737335
 0.053  0.729042
 0.054  0.721059
 0.055  0.713231
 0.056  0.705185
 0.057  0.698138
 0.058  0.691729
 0.059  0.684124
 0.060  0.678048
 0.061  0.671803
 0.062  0.665443
 0.063  0.659621
 0.064  0.653868
 0.065  0.642085
 0.066  0.460649
 0.067  0.458602
 0.068  0.456936
 0.069  0.455424
 0.070  0.453665
 0.071  0.452633
 0.072  0.451243
 0.073  0.450425
 0.074  0.449190
 0.075  0.448682
 0.076  0.447757
 0.077  0.447377
 0.078  0.446810
 0.079  0.446626
 0.080  0.446321
 0.081  0.446459
 0.082  0.446377
 0.083  0.446840
 0.084  0.447108
 0.085  0.447833
 0.086  0.448475
 0.087  0.449625
 0.088  0.450722
 0.089  0.452207
 0.090  0.453863
 0.091  0.455673
 0.092  0.457983
 0.093  0.460389
 0.094  0.463259
 0.095  0.466463
 0.096  0.470190
 0.097  0.474264
 0.098  0.479123
 0.099  0.484347
 0.100  0.490368
 0.101  0.497308
 0.102  0.504988
 0.103  0.514110
 0.104  0.524590
 0.105  0.536325
 0.106  0.550382
 0.107  0.566946
 0.108  0.586745
 0.109  0.610747
 0.110  0.640316
 0.111  0.677611
 0.112  0.726586
 0.113  0.794412
 0.114  0.894637
 0.115  1.063828
 0.116  1.449508
 0.117  1.249879
 0.118  1.025652
 0.119  0.935047
 0.120  0.888875
 0.121  0.863931
 0.122  0.851734
 0.123  0.848399
 0.124  0.855127
 0.125  0.871534
 0.126  0.902292
 0.127  0.957010
 0.128  1.058171
 0.129  1.347493
 0.130  1.542504
 0.131  1.127612
 0.132  0.960692
 0.133  0.850581
 0.134  0.772366
 0.135  0.701682
 0.136  0.160513
 0.137  0.160968
 0.138  0.161563
 0.139  0.162081
 0.140  0.162571
 0.141  0.163217
 0.142  0.163769
 0.143  2.154411
 0.144  1.837896
 0.145  1.450013
 0.146  1.218606
 0.147  1.096871
 0.148  1.017441
 0.149  0.961861
 0.150  0.921049
 0.151  0.890307
 0.152  0.866309
 0.153  0.847496
 0.154  0.832434
 0.155  0.820574
 0.156  1.119166
 0.157  1.114731
 0.158  1.115057
 0.159  1.111955
 0.160  1.107540
 0.161  1.110150
 0.162  1.110858
 0.163  1.117022
 0.164  1.124482
 0.165  1.133251
 0.166  1.143356
 0.167  1.154891
 0.168  1.168729
 0.169  1.184476
 0.170  1.201990
 0.171  1.224343
 0.172  1.248325
 0.173  1.280315
 0.174  1.320596
 0.175  1.377223
 0.176  1.467727
 0.177  2.567525
 0.178  2.009523
 0.179  1.815763
 0.180  1.733902
 0.181  1.694432
 0.182  1.684679
 0.183  1.702045
 0.184  1.773179
 0.185  1.859579
 0.186  1.647339
 0.187  1.542252
 0.188  1.474053
 0.189  1.419821
 0.190  1.372071
 0.191  1.333272
 0.192  1.295915
 0.193  1.264180
 0.194  1.233845
 0.195  1.206043
 0.196  1.178330
 0.197  1.157227
 0.198  1.133911
 0.199  1.109254
 0.200  1.089029
 0.201  1.070572
 0.202  1.050392
 0.203  1.031918
 0.204  1.014517
 0.205  0.995384
 0.206  0.979379
 0.207  0.965776
 0.208  0.947769
 0.209  0.932844
 0.210  0.917687
 0.211  0.901730
 0.212  0.887564
 0.213  0.874697
 0.214  0.863473
 0.215  0.847106
 0.216  0.832658
 0.217  0.821914
 0.218  0.807708
 0.219  0.932995
 0.220  0.932340
 0.221  0.929449
 0.222  0.926017
 0.223  0.925407
 0.224  0.916099
 0.225  0.911668
 0.226  0.906174
 0.227  0.900979
 0.228  0.894962
 0.229  0.824030
 0.230  0.831004
 0.231  0.831831
 0.232  0.759924
 0.233  0.778336
 0.234  0.795458
 0.235  0.813430
 0.236  0.833941
 0.237  0.855830
 0.238  0.883889
 0.239  0.915152
 0.240  0.960637
 0.241  1.042567
 0.242  1.049313
 0.243  1.001903
 0.244  0.984539
 0.245  0.979929
 0.246  0.985391
 0.247  0.999784
 0.248  1.021093
 0.249  1.045332
 0.250  1.092969
 0.251  1.190743
 0.252  1.603055
 0.253  1.216264
 0.254  1.117762
 0.255  1.002403
 0.256  0.441488
 0.257  0.427127
 0.258  0.415197
 0.259  0.405478
 0.260  0.396770
 0.261  0.389597
 0.262  0.493591
 0.263  0.495498
 0.264  0.499693
 0.265  0.502009
 0.266  0.504806
 0.267  0.506666
 0.268  0.515864
 0.269  0.518867
 0.270  0.523398
 0.271  0.527816
 0.272  0.539611
 0.273  0.543612
 0.274  0.548611
 0.275  0.561276
 0.276  0.564787
 0.277  0.571963
 0.278  0.583474
 0.279  0.598770
 0.280  0.607203
 0.281  0.617244
 0.282  0.629806
 0.283  0.643906
 0.284  0.660369
 0.285  0.676771
 0.286  0.704432
 0.287  0.732458
 0.288  0.754724
 0.289  0.803716
 0.290  0.846762
 0.291  0.966673
 0.292  1.186795
 0.293  1.291753
 0.294  1.101581
 0.295  1.020524
 0.296  0.971285
 0.297  0.936274
 0.298  0.910246
 0.299  0.888862
 0.300  0.871561
 0.301  0.856654
 0.302  0.843615
 0.303  0.832491
 0.304  0.822125
 0.305  0.813190
 0.306  0.804948
 0.307  0.796998
 0.308  0.790377
 0.309  0.783538
 0.310  0.777664
 0.311  0.771631
 0.312  0.766399
 0.313  0.761197
 0.314  0.756320
 0.315  0.751691
 0.316  0.747252
 0.317  0.743022
 0.318  0.738854
 0.319  0.734853
 0.320  0.731145
 0.321  0.727441
 0.322  0.724118
 0.323  0.720548
 0.324  0.717164
 0.325  0.714028
 0.326  0.710823
 0.327  0.707754
 0.328  0.704851
 0.329  0.701760
 0.330  0.699104
 0.331  0.696173
 0.332  0.693519
 0.333  0.690947
 0.334  0.688190
 0.335  0.685756
 0.336  0.682926
 0.337  0.680835
 0.338  0.677934
 0.339  0.676025
 0.340  0.673480
 0.341  0.671306
 0.342  0.669020
 0.343  0.666524
 0.344  0.664708
 0.345  0.662195
 0.346  0.660418
 0.347  0.657969
 0.348  0.656220
 0.349  0.653838
 0.350  0.651948
 0.351  0.649908
 0.352  0.647996
 0.353  0.646100
 0.354  0.644117
 0.355  0.642424
 0.356  0.640381
 0.357  0.638593
 0.358  0.636726
 0.359  0.634834
 0.360  0.633066
 0.361  0.631270
 0.362  0.629619
 0.363  0.627877
 0.364  0.626064
 0.365  0.624515
 0.366  0.622713
 0.367  0.621089
 0.368  0.619237
 0.369  0.617891
 0.370  0.615920
 0.371  0.614455
 0.372  0.612955
 0.373  0.611069
 0.374  0.609837
 0.375  0.608202
 0.376  0.606519
 0.377  0.605504
 0.378  0.603265
 0.379  0.602699
 0.380  0.600170
 0.381  0.598359
 0.382  0.583111
 0.383  0.582283
 0.384  0.581947
 0.385  0.581085
 0.386  0.580849
 0.387  0.580010
 0.388  0.579778
 0.389  0.578998
 0.390  0.578857
 0.391  0.578181
 0.392  0.578003
 0.393  0.577406
 0.394  0.577348
 0.395  0.576797
 0.396  0.576790
 0.397  0.576361
 0.398  0.576586
 0.399  0.576622
 0.400  0.576749
 0.401  0.577138
 0.402  0.577370
 0.403  0.578565
 0.404  0.580009
 0.405  0.582111
 0.406  0.587873
 0.407  0.621968
 0.408  0.583018
 0.409  0.573479
 0.410  0.569201
 0.411  0.564874
 0.412  0.561663
 0.413  0.558358
 0.414  0.555519
 0.415  0.553164
 0.416  0.550537
 0.417  0.547924
 0.418  0.545748
 0.419  0.543372
 0.420  0.541156
 0.421  0.538793
 0.422  0.537166
 0.423  0.534629
 0.424  0.544189
 0.425  0.543435
 0.426  0.542335
 0.427  0.540723
 0.428  0.541023
 0.429  0.538710
 0.430  0.537975
 0.431  0.536932
 0.432  0.535396
 0.433  0.535104
 0.434  0.533629
 0.435  0.533042
 0.436  0.531854
 0.437  0.530037
 0.438  0.530125
 0.439  0.528380
 0.440  0.527396
 0.441  0.527216
 0.442  0.525169
 0.443  0.524660
 0.444  0.523848
 0.445  0.522132
 0.446  0.521529
 0.447  0.521221
 0.448  0.519134
 0.449  0.518291
 0.450  0.518525
 0.451  0.516280
 0.452  0.515458
 0.453  0.515623
 0.454  0.512970
 0.455  0.512677
 0.456  0.512451
 0.457  0.510429
 0.458  0.510076
 0.459  0.509256
 0.460  0.507660
 0.461  0.507698
 0.462  0.506118
 0.463  0.505068
 0.464  0.506173
 0.465  0.503349
 0.466  0.502576
 0.467  0.502689
 0.468  0.500679
 0.469  0.500261
 0.470  0.499732
 0.471  0.497425
 0.472  0.498424
 0.473  0.496853
 0.474  0.495719
 0.475  0.494751
 0.476  0.493294
 0.477  0.494057
 0.478  0.492060
 0.479  0.492134
 0.480  0.490301
 0.481  0.488579
 0.482  0.489627
 0.483  0.487980
 0.484  0.488001
 0.485  0.486504
 0.486  0.487004
 0.487  0.484362
 0.488  0.484219
 0.489  0.482337
 0.490  0.481603
 0.491  0.482479
 0.492  0.478504
 0.493  0.479967
 0.494  0.479542
 0.495  0.478169
 0.496  0.476921
 0.497  0.475420
 0.498  0.475311
 0.499  0.474454
 0.500  0.476701
 0.501  0.473838
 0.502  0.474316
 0.503  0.471976
 0.504  0.470610
 0.505  0.469822
 0.506  0.468457
 0.507  0.469751
 0.508  0.471467
 0.509  0.465741
 0.510  0.468943
 0.511  0.468580
 0.512  0.464789
 0.513  0.463409
 0.514  0.465504
 0.515  0.464895
 0.516  0.466504
 0.517  0.460921
 0.518  0.459687
 0.519  0.456495
 0.520  0.458843
 0.521  0.463391
 0.522  0.457219
 0.523  0.454587
 0.524  0.485045
 0.525  0.454282
 0.526  0.449777
 0.527  0.445510
 0.528  0.379401
 0.529  0.379175
 0.530  0.384754
 0.531  0.387568
 0.532  0.388107
 0.533  0.389150
 0.534  0.396109
 0.535  0.400113
 0.536  0.402483
 0.537  0.405487
 0.538  0.409084
 0.539  0.413496
 0.540  0.418830
 0.541  0.425191
 0.542  0.429078
 0.543  0.436429
 0.544  0.446531
 0.545  0.459086
 0.546  0.476975
 0.547  0.563572
 0.548  0.488360
 0.549  0.474310
 0.550  0.466256
 0.551  0.462343
 0.552  0.457074
 0.553  0.454504
 0.554  0.351748
 0.555  0.349864
 0.556  0.348184
 0.557  0.346780
 0.558  0.345473
 0.559  0.344368
 0.560  0.343296
 0.561  0.342357
 0.562  0.341491
 0.563  0.340649
 0.564  0.339949
 0.565  0.339140
 0.566  0.338523
 0.567  0.337805
 0.568  0.337204
 0.569  0.336634
 0.570  0.336020
 0.571  0.335529
 0.572  0.334920
 0.573  0.334446
 0.574  0.334032
 0.575  0.333409
 0.576  0.332992
 0.577  0.332555
 0.578  0.332027
 0.579  0.331644
 0.580  0.331244
 0.581  0.330736
 0.582  0.330363
 0.583  0.330062
 0.584  0.329527
 0.585  0.329130
 0.586  0.328810
 0.587  0.328546
 0.588  0.327997
 0.589  0.327603
 0.590  0.327272
 0.591  0.327000
 0.592  0.326711
 0.593  0.326443
 0.594  0.325940
 0.595  0.325544
 0.596  0.325189
 0.597  0.324856
 0.598  0.324596
 0.599  0.324566
 0.600  0.324094
 0.601  0.323605
 0.602  0.323158
 0.603  0.323377
 0.604  0.322517
 0.605  0.322576
 0.606  0.322525
 0.607  0.321643
 0.608  0.321207
 0.609  0.230197
 0.610  0.230121
 0.611  0.230056
 0.612  0.230021
 0.613  0.229947
 0.614  0.229882
 0.615  0.229834
 0.616  0.229788
 0.617  0.229723
 0.618  0.229670
 0.619  0.229643
 0.620  0.229579
 0.621  0.229524
 0.622  0.229491
 0.623  0.229447
 0.624  0.229392
 0.625  0.229350
 0.626  0.229328
 0.627  0.229272
 0.628  0.229227
 0.629  0.229220
 0.630  0.229164
 0.631  0.229117
 0.632  0.229089
 0.633  0.229067
 0.634  0.229020
 0.635  0.228985
 0.636  0.228981
 0.637  0.228932
 0.638  0.228895
 0.639  0.228889
 0.640  0.228855
 0.641  0.228816
 0.642  0.228796
 0.643  0.228787
 0.644  0.228748
 0.645  0.228722
 0.646  0.228729
 0.647  0.228688
 0.648  0.228660
 0.649  0.228669
 0.650  0.228638
 0.651  0.228608
 0.652  0.228599
 0.653  0.228597
 0.654  0.228565
 0.655  0.228551
 0.656  0.228563
 0.657  0.228531
 0.658  0.228514
 0.659  0.228538
 0.660  0.228506
 0.661  0.228486
 0.662  0.228499
 0.663  0.228488
 0.664  0.228467
 0.665  0.228469
 0.666  0.228478
 0.667  0.228456
 0.668  0.228454
 0.669  0.228476
 0.670  0.228454
 0.671  0.228448
 0.672  0.228481
 0.673  0.228459
 0.674  0.228452
 0.675  0.228494
 0.676  0.228471
 0.677  0.228463
 0.678  0.228496
 0.679  0.228491
 0.680  0.228483
 0.681  0.228505
 0.682  0.228518
 0.683  0.228510
 0.684  0.228527
 0.685  0.228553
 0.686  0.228544
 0.687  0.228559
 0.688  0.228594
 0.689  0.228586
 0.690  0.228600
 0.691  0.228643
 0.692  0.228635
 0.693  0.228649
 0.694  0.228698
 0.695  0.228691
 0.696  0.228706
 0.697  0.228760
 0.698  0.228754
 0.699  0.228770
 0.700  0.228829
 0.701  0.228825
 0.702  0.228842
 0.703  0.228905
 0.704  0.228903
 0.705  0.228922
 0.706  0.228988
 0.707  0.228987
 0.708  0.229009
 0.709  0.229078
 0.710  0.229079
 0.711  0.229104
 0.712  0.229175
 0.713  0.229179
 0.714  0.229207
 0.715  0.229279
 0.716  0.229285
 0.717  0.229319
 0.718  0.229390
 0.719  0.229400
 0.720  0.229439
 0.721  0.229508
 0.722  0.229522
 0.723  0.229568
 0.724  0.229633
 0.725  0.229652
 0.726  0.229709
 0.727  0.229766
 0.728  0.229790
 0.729  0.229864
 0.730  0.229907
 0.731  0.229937
 0.732  0.230044
 0.733  0.230056
 0.734  0.230094
 0.735  0.230195
 0.736  0.230213
 0.737  0.230261
 0.738  0.230355
 0.739  0.230379
 0.740  0.230440
 0.741  0.230523
 0.742  0.230555
 0.743  0.230639
 0.744  0.230700
 0.745  0.230742
 0.746  0.230863
 0.747  0.230886
 0.748  0.230941
 0.749  0.231051
 0.750  0.231083
 0.751  0.231156
 0.752  0.231248
 0.753  0.231291
 0.754  0.231409
 0.755  0.231456
 0.756  0.231513
 0.757  0.231639
 0.758  0.231675
 0.759  0.231754
 0.760  0.231858
 0.761  0.231908
 0.762  0.232046
 0.763  0.232090
 0.764  0.232157
 0.765  0.232289
 0.766  0.232334
 0.767  0.232433
 0.768  0.232533
 0.769  0.232596
 0.770  0.232747
 0.771  0.232791
 0.772  0.232881
 0.773  0.233004
 0.774  0.233066
 0.775  0.233232
 0.776  0.233276
 0.777  0.233366
 0.778  0.233503
 0.779  0.233568
 0.780  0.233744
 0.781  0.233791
 0.782  0.233886
 0.783  0.234030
 0.784  0.234100
 0.785  0.234283
 0.786  0.234337
 0.787  0.234443
 0.788  0.234587
 0.789  0.234667
 0.790  0.234851
 0.791  0.234913
 0.792  0.235042
 0.793  0.235175
 0.794  0.235270
 0.795  0.235449
 0.796  0.235525
 0.797  0.235716
 0.798  0.235796
 0.799  0.235918
 0.800  0.236080
 0.801  0.236177
 0.802  0.236375
 0.803  0.236456
 0.804  0.236654
 0.805  0.236748
 0.806  0.236883
 0.807  0.237052
 0.808  0.237164
 0.809  0.237367
 0.810  0.237462
 0.811  0.237691
 0.812  0.237774
 0.813  0.237952
 0.814  0.238097
 0.815  0.238241
 0.816  0.238430
 0.817  0.238555
 0.818  0.238772
 0.819  0.238885
 0.820  0.239123
 0.821  0.239225
 0.822  0.239482
 0.823  0.239576
 0.824  0.239793
 0.825  0.239937
 0.826  0.240122
 0.827  0.240307
 0.828  0.240476
 0.829  0.240685
 0.830  0.240844
 0.831  0.241071
 0.832  0.241224
 0.833  0.241465
 0.834  0.241613
 0.835  0.241868
 0.836  0.242014
 0.837  0.242277
 0.838  0.242424
 0.839  0.242695
 0.840  0.242844
 0.841  0.243120
 0.842  0.243274
 0.843  0.243553
 0.844  0.243714
 0.845  0.243995
 0.846  0.244165
 0.847  0.244444
 0.848  0.244629
 0.849  0.244903
 0.850  0.245107
 0.851  0.245371
 0.852  0.245603
 0.853  0.245849
 0.854  0.246133
 0.855  0.246339
 0.856  0.246695
 0.857  0.246843
 0.858  0.247189
 0.859  0.247362
 0.860  0.247694
 0.861  0.247905
 0.862  0.248212
 0.863  0.248488
 0.864  0.248747
 0.865  0.249133
 0.866  0.249303
 0.867  0.249668
 0.868  0.249891
 0.869  0.250220
 0.870  0.250555
 0.871  0.250798
 0.872  0.251195
 0.873  0.251413
 0.874  0.251771
 0.875  0.252122
 0.876  0.252379
 0.877  0.252791
 0.878  0.253043
 0.879  0.253399
 0.880  0.253847
 0.881  0.254058
 0.882  0.254459
 0.883  0.254871
 0.884  0.255123
 0.885  0.255552
 0.886  0.255910
 0.887  0.256230
 0.888  0.256677
 0.889  0.257051
 0.890  0.257376
 0.891  0.257832
 0.892  0.258300
 0.893  0.258567
 0.894  0.259019
 0.895  0.259532
 0.896  0.259821
 0.897  0.260247
 0.898  0.260749
 0.899  0.261260
 0.900  0.261547
 0.901  0.262017
 0.902  0.262545
 0.903  0.263112
 0.904  0.263384
 0.905  0.263863
 0.906  0.264396
 0.907  0.264966
 0.908  0.265412
 0.909  0.265822
 0.910  0.266334
 0.911  0.266888
 0.912  0.267469
 0.913  0.268072
 0.914  0.268603
 0.915  0.269013
 0.916  0.269540
 0.917  0.270103
 0.918  0.270689
 0.919  0.271287
 0.920  0.271899
 0.921  0.272518
 0.922  0.273143
 0.923  0.273773
 0.924  0.274403
 0.925  0.275037
 0.926  0.275672
 0.927  0.276308
 0.928  0.276949
 0.929  0.277598
 0.930  0.278259
 0.931  0.278951
 0.932  0.279712
 0.933  0.280705
 0.934  0.281295
 0.935  0.281914
 0.936  0.282617
 0.937  0.283664
 0.938  0.284328
 0.939  0.284966
 0.940  0.286199
 0.941  0.286669
 0.942  0.287550
 0.943  0.288373
 0.944  0.289543
 0.945  0.290034
 0.946  0.291130
 0.947  0.292348
 0.948  0.292930
 0.949  0.293784
 0.950  0.294804
 0.951  0.296323
 0.952  0.296828
 0.953  0.297818
 0.954  0.298615
 0.955  0.299597
 0.956  0.301382
 0.957  0.301650
 0.958  0.302363
 0.959  0.000000
 0.960  0.000000
 0.961  0.000000
 0.962  0.000000
 0.963  0.000000
 0.964  0.000000
 0.965  0.000000
 0.966  0.000000
 0.967  0.000000
 0.968  0.000000
 0.969  0.000000
 0.970  0.000000
 0.971  0.000000
 0.972  0.000000
 0.973  0.000000
 0.974  0.000000
 0.975  0.000000
 0.976  0.000000
 0.977  0.000000
 0.978  0.000000
 0.979  0.000000
 0.980  0.000000
 0.981  0.000000
 0.982  0.000000
 0.983  0.000000
 0.984  0.000000
 0.985  0.000000
 0.986  0.000000
 0.987  0.000000
 0.988  0.000000
 0.989  0.000000
 0.990  0.000000
 0.991  0.000000
 0.992  0.000000
 0.993  0.000000
 0.994  0.000000
 0.995  0.000000
 0.996  0.000000
 0.997  0.000000
 0.998  0.000000
 0.999  0.000000
 1.000  0.000000
