bias (mV)	dI/dV_1	dI/dV_2	dI/dV_3	dI/dV_4	dI/dV_5	dI/dV_6	dI/dV_7
25	2.059474119020521e-11	1.920878907324397e-11	2.070693616573749e-11	2.098553622542632e-11	2.044076193030708e-11	2.399029239152917e-11	2.055465173067539e-11
24.84984984984985	2.054615505509005e-11	1.953076068927917e-11	2.025051133724975e-11	2.135893892307728e-11	2.057733324012379e-11	2.402865406647692e-11	2.056877237976984e-11
24.6996996996997	2.043687268027394e-11	1.937378382721455e-11	2.034503295000878e-11	2.102709326101682e-11	2.059766072981528e-11	2.372464551203546e-11	2.097265937306414e-11
24.54954954954955	2.088628575647178e-11	1.946197369928626e-11	2.073925232937146e-11	2.13761664619172e-11	2.045809702200252e-11	2.409977946371544e-11	2.083114236661743e-11
24.3993993993994	2.079610268712617e-11	1.946912249473076e-11	2.060593536079569e-11	2.104806086367095e-11	2.050655305285698e-11	2.389466055574552e-11	2.120241135439294e-11
24.24924924924925	2.043686921082699e-11	1.937805645113588e-11	2.110987253056695e-11	2.110925843845646e-11	2.057327051774305e-11	2.378414999670841e-11	2.040114431556272e-11
24.0990990990991	2.095336924801128e-11	1.922319248226501e-11	2.032043977528986e-11	2.078521035842051e-11	2.069688864736463e-11	2.403316434751446e-11	2.083148757658915e-11
23.94894894894895	2.060902316858293e-11	1.985861995679183e-11	2.115773181654568e-11	2.10645789006092e-11	2.06890130027837e-11	2.396601146703592e-11	2.060243815826812e-11
23.7987987987988	2.015481358197402e-11	1.950892572488705e-11	2.072621761717297e-11	2.002185049698735e-11	2.022388680134046e-11	2.394554693418982e-11	2.022182768457448e-11
23.64864864864865	2.080640000567957e-11	1.966858793889248e-11	2.085889794223306e-11	2.062675377723089e-11	2.027759904432713e-11	2.370180440802727e-11	2.087718713184028e-11
23.4984984984985	1.986845063473019e-11	1.92295762646566e-11	2.063272122598825e-11	2.030555064369555e-11	2.085679198793322e-11	2.37186780632781e-11	2.05009481613061e-11
23.34834834834835	2.055878384199517e-11	1.933783341789841e-11	2.061963620680896e-11	2.050401862185858e-11	2.048390450315463e-11	2.379940342023268e-11	2.055460836258849e-11
23.1981981981982	2.013017356972124e-11	1.918116186716556e-11	2.120007294714732e-11	2.085257140571617e-11	2.071764981792512e-11	2.406660634668434e-11	2.029809827164275e-11
23.04804804804805	2.053924738620871e-11	1.882849952339338e-11	2.010462976653749e-11	2.033111179411407e-11	2.073930263635226e-11	2.369032921223369e-11	2.055615400120558e-11
22.8978978978979	2.063007577268738e-11	1.944677231746628e-11	2.09826201552632e-11	2.049439437601386e-11	2.060817488880318e-11	2.391191238071411e-11	2.037828759904325e-11
22.74774774774775	1.979214361846893e-11	1.902167139078426e-11	2.090924308695286e-11	2.051253437940215e-11	2.057955021672608e-11	2.352979616704332e-11	2.04115734731003e-11
22.5975975975976	2.073765811849704e-11	1.961306984876732e-11	2.090252623765387e-11	2.064718014616052e-11	2.021098392812615e-11	2.372034860198546e-11	2.046165493985175e-11
22.44744744744745	1.99543732232188e-11	1.93683645510756e-11	2.059129429465845e-11	2.015634187335635e-11	2.051322306462211e-11	2.34905289664411e-11	2.019399231167895e-11
22.2972972972973	2.01124204096681e-11	1.943199941234486e-11	2.043970027953979e-11	2.01190054199829e-11	2.012909630644266e-11	2.392717968202618e-11	2.046009542344684e-11
22.14714714714715	2.019226105764993e-11	1.872360946841845e-11	2.088699699309693e-11	2.003901385105866e-11	2.03472984988684e-11	2.391456130346192e-11	2.004136960553904e-11
21.996996996997	2.041405412767094e-11	1.871216202820047e-11	2.011111936706111e-11	2.049905037382338e-11	2.017227704320668e-11	2.380135498414315e-11	2.03367635231988e-11
21.84684684684685	1.989741010843815e-11	1.905446980754455e-11	2.082138628178853e-11	2.026396585252943e-11	2.001531579365334e-11	2.407101080958984e-11	2.024149771406858e-11
21.6966966966967	1.973740441918448e-11	1.912680604176931e-11	2.010418220788068e-11	1.985561021156101e-11	2.032773602222981e-11	2.348329516954628e-11	2.044140551271667e-11
21.54654654654655	1.991550674373954e-11	1.913959962740464e-11	2.048235712981405e-11	2.034723084465284e-11	2.00367222813469e-11	2.389478719055926e-11	2.031445150985078e-11
21.3963963963964	1.984154160417084e-11	1.90318212578422e-11	2.042502798837997e-11	1.95520318685416e-11	2.051878458808609e-11	2.355371973850051e-11	1.997367202188904e-11
21.24624624624625	1.988999416557835e-11	1.905853946881919e-11	2.033966224612715e-11	2.020986676620762e-11	2.006032492896104e-11	2.397310301660571e-11	2.02291482176431e-11
21.0960960960961	1.966691740018511e-11	1.878877088634656e-11	2.036149200634885e-11	2.016434935692146e-11	2.028355955419059e-11	2.367479649822979e-11	2.003901385105866e-11
20.94594594594594	2.039377694496025e-11	1.931312922087702e-11	2.012646473092961e-11	2.004843166480974e-11	2.039476400261808e-11	2.374566689111735e-11	2.035156938806626e-11
20.7957957957958	2.003239067682738e-11	1.876592284344447e-11	2.056192195676321e-11	2.004786787968005e-11	2.02127273252195e-11	2.340526210342642e-11	2.003981529330456e-11
20.64564564564564	2.029706611117454e-11	1.903735155628361e-11	2.009444347028655e-11	1.970932618500232e-11	2.027929039971621e-11	2.352984820874759e-11	2.003622268098582e-11
20.4954954954955	2.007590101105183e-11	1.896377152532658e-11	2.072545954301397e-11	2.033876018991965e-11	2.002513085908042e-11	2.353699526946862e-11	2.013374710008176e-11
20.34534534534534	1.95593107682468e-11	1.866409457540463e-11	2.017137325227569e-11	1.95919929585342e-11	2.009041197292838e-11	2.311079452810283e-11	1.987377797052492e-11
20.1951951951952	2.012053718081219e-11	1.899041861264106e-11	2.021767128712604e-11	2.003317130239157e-11	1.993203692374212e-11	2.319478116519225e-11	2.002289653524336e-11
20.04504504504504	1.931308585279012e-11	1.861317870666124e-11	2.063310980404687e-11	1.965928982106124e-11	2.038156449168937e-11	2.307345980945286e-11	1.994830342577636e-11
19.8948948948949	1.985418079941681e-11	1.870438352813419e-11	2.006954324951238e-11	1.986224552885663e-11	2.05374935807745e-11	2.350830641262291e-11	1.999596842272577e-11
19.74474474474474	1.973264607268987e-11	1.883196897034534e-11	2.078874572486455e-11	1.972504277969467e-11	2.02207642990837e-11	2.35357115740964e-11	1.972877937406192e-11
19.5945945945946	1.945221761445737e-11	1.902141291698634e-11	2.025686736406573e-11	1.949524049138507e-11	2.050354330762616e-11	2.3311599178788e-11	1.993878846751063e-11
19.44444444444444	1.979246974648241e-11	1.869778637475505e-11	2.040881352805002e-11	2.010688837650321e-11	2.005669935689625e-11	2.368542341424362e-11	1.974426871997892e-11
19.2942942942943	1.946757165194324e-11	1.856055760474096e-11	2.046600042215907e-11	1.950560199470708e-11	2.008909011363968e-11	2.327442058525087e-11	1.973395925836119e-11
19.14414414414414	1.97041358923622e-11	1.832516430266828e-11	2.064461969430997e-11	2.007759930533481e-11	2.002382634702649e-11	2.35304397494529e-11	2.008972328770842e-11
18.993993993994	1.937845196808841e-11	1.837310859009733e-11	2.049762963529655e-11	1.956973298689046e-11	2.020920063239284e-11	2.292521207591935e-11	1.990349204894493e-11
18.84384384384384	1.962185101900271e-11	1.828857898455993e-11	2.020773999522607e-11	1.975116424579593e-11	2.017260317122016e-11	2.296754973707404e-11	1.995582518676819e-11
18.69369369369369	1.96460347989813e-11	1.871930561947455e-11	2.056730480370916e-11	1.961381057569156e-11	2.00362313546032e-11	2.306769532334219e-11	2.009059585361683e-11
18.54354354354354	1.93107335677567e-11	1.861196266550458e-11	2.052626645043798e-11	1.950602006306479e-11	2.026679692124222e-11	2.303203634757001e-11	1.992375014969738e-11
18.39339339339339	1.952152849094002e-11	1.829985989132421e-11	2.06578105316213e-11	1.949154899982819e-11	2.007376383172943e-11	2.320945172162858e-11	1.981270182638273e-11
18.24324324324324	1.939077370893827e-11	1.857758391565767e-11	2.015003788824465e-11	1.916332544038557e-11	2.030925601304023e-11	2.264939971685642e-11	1.97776742899558e-11
18.09309309309309	1.956607445507963e-11	1.841095678689619e-11	2.02072542726528e-11	1.990902755155677e-11	2.007579345819632e-11	2.331885205764106e-11	1.980195521444905e-11
17.94294294294294	1.892654956370254e-11	1.826008441674354e-11	2.050178950219195e-11	1.925866584262526e-11	2.018907263590108e-11	2.315885157255781e-11	1.9756791688752e-11
17.79279279279279	1.953602557502876e-11	1.840372992889527e-11	2.024900906671956e-11	1.991667594736235e-11	2.007978679163802e-11	2.322898644269156e-11	1.947322338102797e-11
17.64264264264264	1.949630387687584e-11	1.841961999593522e-11	2.049024318273585e-11	1.974121213721425e-11	2.005632465662543e-11	2.286920826322092e-11	1.998042876982797e-11
17.49249249249249	1.953671079080177e-11	1.831414533914888e-11	2.011709722415933e-11	1.960509012077782e-11	1.998766083199932e-11	2.30296250819384e-11	1.979736166668467e-11
17.34234234234234	1.932645883606643e-11	1.822481748847693e-11	2.064688871261655e-11	1.959530974982027e-11	1.998478986464658e-11	2.316378686084697e-11	1.971949686874197e-11
17.19219219219219	1.911503073881438e-11	1.803885339712874e-11	2.001966648013109e-11	1.938169243154153e-11	2.029308492079718e-11	2.289661515941788e-11	1.991242414012273e-11
17.04204204204204	1.938028383607904e-11	1.80825215911895e-11	2.036973714703016e-11	1.961518447668453e-11	1.986225246775053e-11	2.31016039631271e-11	1.968650242822889e-11
16.89189189189189	1.902029922451476e-11	1.807706415113408e-11	2.024522736954193e-11	1.930225423940612e-11	2.023635946313274e-11	2.258523923437394e-11	1.988639981853613e-11
16.74174174174174	1.91647097497194e-11	1.796428283906693e-11	2.000926334344566e-11	1.948500041870638e-11	2.019955383514294e-11	2.292948816928764e-11	1.943501956591653e-11
16.59159159159159	1.916147102098975e-11	1.815775134417219e-11	2.032436198506904e-11	1.92343346111512e-11	2.012879099511089e-11	2.270672712356703e-11	1.987007607062719e-11
16.44144144144144	1.896809272150524e-11	1.781124553401625e-11	1.996875234611117e-11	1.947119028511413e-11	2.031440467231693e-11	2.288430035746192e-11	1.976923486024518e-11
16.29129129129129	1.91126819232279e-11	1.8177117797058e-11	2.029845909412575e-11	1.947102722110738e-11	2.001913392002397e-11	2.280995184400503e-11	1.977070070158238e-11
16.14114114114114	1.90695653712325e-11	1.77624859265535e-11	1.987164079120252e-11	1.948090994075002e-11	2.021315406719459e-11	2.266804452477622e-11	1.987868029906803e-11
15.99099099099099	1.917400613282716e-11	1.794227440232721e-11	1.985640818435996e-11	1.952047724851358e-11	2.011567301618555e-11	2.270131652104546e-11	1.95087487830925e-11
15.84084084084084	1.912186207986277e-11	1.805516326724987e-11	1.999624597848193e-11	1.935285612320037e-11	1.992625162094974e-11	2.237220478318314e-11	1.965458872044135e-11
15.69069069069069	1.906139655838412e-11	1.770660007505143e-11	1.99452676596934e-11	1.974687600936331e-11	2.016447772645868e-11	2.262877385472706e-11	1.936224965082278e-11
15.54054054054054	1.919976330699846e-11	1.790208085938882e-11	2.012691922848031e-11	1.909443957115453e-11	2.009531430147149e-11	2.239476312726474e-11	1.973334343152722e-11
15.39039039039039	1.89601667699435e-11	1.751460608490074e-11	1.999427359788974e-11	1.948788352912345e-11	2.001420557062872e-11	2.235889771939892e-11	1.944014567378805e-11
15.24024024024024	1.906596061584942e-11	1.781036429449045e-11	2.001233206927466e-11	1.925192991136804e-11	1.982464539751483e-11	2.218713060497812e-11	1.963736118160142e-11
15.09009009009009	1.889855459624723e-11	1.774214802852114e-11	1.997291221300657e-11	1.943503864787477e-11	2.028181615709723e-11	2.207947887022943e-11	1.936201199370657e-11
14.93993993993994	1.875670452289313e-11	1.762740647892613e-11	1.971832246094873e-11	1.924226229743642e-11	2.007941556081416e-11	2.210032330751677e-11	1.946425659538065e-11
14.78978978978979	1.892942746994919e-11	1.767935450813773e-11	1.981884968638159e-11	1.946820135656502e-11	2.017924542740968e-11	2.173895612134213e-11	1.943352596900372e-11
14.63963963963964	1.905191976403486e-11	1.774187394221194e-11	1.97748727115421e-11	1.932402154958268e-11	2.024270334688438e-11	2.206080977618097e-11	1.913788745533385e-11
14.48948948948949	1.909655246434827e-11	1.747192494849781e-11	1.97330988355171e-11	1.910397708082545e-11	1.982671839206862e-11	2.181575926851753e-11	1.963205986665884e-11
14.33933933933934	1.904958829568315e-11	1.734349122650691e-11	1.980548711144614e-11	1.935478687042913e-11	2.018802833236855e-11	2.18001276752755e-11	1.897275045403823e-11
14.18918918918919	1.88378132537359e-11	1.756321824086804e-11	1.983106213965247e-11	1.907686682234289e-11	1.975990204794442e-11	2.163679131694796e-11	1.939846547283075e-11
14.03903903903904	1.890353151789981e-11	1.74215589870963e-11	1.953631006967882e-11	1.975126832920449e-11	1.993036291558781e-11	2.155795160441176e-11	1.909005939437769e-11
13.88888888888889	1.904920839124191e-11	1.751947371897433e-11	1.948986631805649e-11	1.917962490216585e-11	2.001589519129432e-11	2.148172265070691e-11	1.898566893976383e-11
13.73873873873874	1.886527913053104e-11	1.722324192987568e-11	1.953878031590861e-11	1.938051975847177e-11	1.999542718900127e-11	2.137785434785933e-11	1.919478291589893e-11
13.58858858858859	1.891697562483863e-11	1.727367034132232e-11	1.953349114403036e-11	1.933589920122269e-11	2.003490082169712e-11	2.13149463357265e-11	1.886434584930097e-11
13.43843843843844	1.888135307825944e-11	1.712284307398004e-11	1.952630938883981e-11	1.939550429985726e-11	1.975468053028173e-11	2.100110016445278e-11	1.921588929643114e-11
13.28828828828829	1.880171192347735e-11	1.734765976701969e-11	1.941055996490526e-11	1.978979306815898e-11	2.007509956880593e-11	2.09713045540294e-11	1.886060578548676e-11
13.13813813813814	1.859527982983611e-11	1.705655582051602e-11	1.936357844900538e-11	1.924556174148773e-11	1.953726590231408e-11	2.086661746170115e-11	1.90716019365933e-11
12.98798798798799	1.856626137552997e-11	1.691972083273097e-11	1.91782995734302e-11	1.933665207121127e-11	1.985174177820959e-11	2.075656313493823e-11	1.871607556436228e-11
12.83783783783784	1.844717434362764e-11	1.700317837916021e-11	1.946088602766682e-11	1.903513284495784e-11	1.968222633486061e-11	2.050909789219624e-11	1.871047934642878e-11
12.68768768768769	1.853958306319292e-11	1.672502414340471e-11	1.925420586856852e-11	1.928442475152004e-11	1.977481546566739e-11	2.025164931585e-11	1.868312622665957e-11
12.53753753753754	1.841655647427665e-11	1.674387711814163e-11	1.935667945374142e-11	1.907650773458336e-11	1.974093284673462e-11	2.003144004836255e-11	1.8503797452607e-11
12.38738738738739	1.824126787119962e-11	1.653780237753644e-11	1.88091313357841e-11	1.941092252211174e-11	1.943384689284677e-11	1.996029209971883e-11	1.866925017357524e-11
12.23723723723724	1.817909017765018e-11	1.654080344914988e-11	1.90377713593648e-11	1.913465913494505e-11	1.957133240193532e-11	1.964290015366021e-11	1.837077712174562e-11
12.08708708708709	1.794631457330276e-11	1.65515396527427e-11	1.888550600626093e-11	1.914691495630283e-11	1.947355124376493e-11	1.951543614209239e-11	1.855706040221339e-11
11.93693693693694	1.820305017830037e-11	1.655485123985834e-11	1.895202571267074e-11	1.927161902282037e-11	1.944294204803132e-11	1.933255118491406e-11	1.844028922615149e-11
11.78678678678679	1.79171382591603e-11	1.619510428541027e-11	1.882992199664368e-11	1.913983381507389e-11	1.927503816279152e-11	1.90973591107646e-11	1.821982321958959e-11
11.63663663663664	1.766192921082155e-11	1.635037938374495e-11	1.856183089177232e-11	1.95777023065391e-11	1.944262285891174e-11	1.901762775036175e-11	1.822198295031718e-11
11.48648648648649	1.739271573986123e-11	1.606903846096408e-11	1.87931944312103e-11	1.940869687189206e-11	1.925341136521652e-11	1.866396100169698e-11	1.804716098785519e-11
11.33633633633634	1.752193355686327e-11	1.589319648109822e-11	1.856168690972382e-11	1.974661927028887e-11	1.903767768429709e-11	1.854981446225423e-11	1.825257306409256e-11
11.18618618618619	1.739880635398539e-11	1.577175195999203e-11	1.855810990991635e-11	1.951271609568206e-11	1.890068310195225e-11	1.841856528406183e-11	1.796962752209641e-11
11.03603603603604	1.716792333295025e-11	1.568561600051588e-11	1.83063304098896e-11	1.952965740514845e-11	1.892952461446384e-11	1.816341348159778e-11	1.821497293275076e-11
10.88588588588589	1.724266909808314e-11	1.570843455311888e-11	1.838051585933975e-11	1.994750371825393e-11	1.901204714493954e-11	1.788405534774995e-11	1.792240141018642e-11
10.73573573573574	1.712119335195439e-11	1.535060099866481e-11	1.826337345245399e-11	1.941841999697491e-11	1.877695741947516e-11	1.77776786347561e-11	1.795241386104429e-11
10.58558558558559	1.673887417563691e-11	1.544676886400254e-11	1.805664125165141e-11	1.991191239669732e-11	1.872955263104714e-11	1.747597899726117e-11	1.809711755451637e-11
10.43543543543544	1.689095044388189e-11	1.517191754174529e-11	1.820246731121244e-11	1.970732431411104e-11	1.84254781571136e-11	1.717099552822621e-11	1.789051198852754e-11
10.28528528528529	1.658472317811466e-11	1.516718348137935e-11	1.785875267112935e-11	1.99175242271421e-11	1.841874743002681e-11	1.729250770354795e-11	1.809184919931983e-11
10.13513513513514	1.658957519967696e-11	1.488637338398213e-11	1.797136224557239e-11	1.976935108671807e-11	1.863115911548974e-11	1.706784887034463e-11	1.791886604374238e-11
9.984984984984985	1.660557975846633e-11	1.487273325329053e-11	1.771060902100441e-11	1.979619072833838e-11	1.8507660681788e-11	1.688436716829056e-11	1.794366218110799e-11
9.834834834834835	1.660977778927819e-11	1.484527258066581e-11	1.770950573687369e-11	1.998477251741182e-11	1.86274138475051e-11	1.670385878227432e-11	1.783414214917567e-11
9.684684684684685	1.647874198207333e-11	1.462976094435131e-11	1.767002863473088e-11	1.97250618616529e-11	1.807289387589783e-11	1.677655063481165e-11	1.777409469605473e-11
9.534534534534535	1.670404613240972e-11	1.458614479199483e-11	1.740927367543943e-11	2.008810652542881e-11	1.847446848279866e-11	1.652938202978405e-11	1.743915255258965e-11
9.384384384384385	1.664448787130901e-11	1.440884304232393e-11	1.765364070205333e-11	1.971349472551509e-11	1.831318256761971e-11	1.643275272800171e-11	1.762223700296772e-11
9.234234234234235	1.649774067358223e-11	1.451447729367006e-11	1.737018688607872e-11	2.013298035230537e-11	1.813126211669402e-11	1.645403258088152e-11	1.774658371644922e-11
9.084084084084084	1.608723571022708e-11	1.428914018358762e-11	1.747228403625734e-11	1.985939190873864e-11	1.835943376493621e-11	1.62117177321397e-11	1.760646836657109e-11
8.933933933933933	1.631504653598626e-11	1.428853129564756e-11	1.72350467231297e-11	1.99903843478566e-11	1.806856053665484e-11	1.611544404866994e-11	1.769219146185996e-11
8.783783783783782	1.595056378644877e-11	1.419157499849e-11	1.731797691362225e-11	2.003582022513939e-11	1.801719884397812e-11	1.592870280120451e-11	1.755847724160819e-11
8.633633633633632	1.594954723849185e-11	1.408232471605819e-11	1.719379846831792e-11	1.975499971940131e-11	1.804608025512966e-11	1.59844429359346e-11	1.759040482718355e-11
8.483483483483482	1.578146467673402e-11	1.418287536025797e-11	1.710352866279852e-11	2.01512764808065e-11	1.793924557513815e-11	1.59008518157977e-11	1.76152703534882e-11
8.333333333333332	1.571998087257498e-11	1.387463928470556e-11	1.710170199897831e-11	1.977366187455587e-11	1.773544158756302e-11	1.57774730780158e-11	1.764268071913211e-11
8.183183183183182	1.592255494120565e-11	1.405025228107259e-11	1.702506538525661e-11	1.990898244874639e-11	1.774566951717738e-11	1.57785277898892e-11	1.753486245092972e-11
8.033033033033032	1.565697918537445e-11	1.391528992727986e-11	1.706119967526121e-11	1.98068401957574e-11	1.775454783192743e-11	1.556080438114282e-11	1.746399205804217e-11
7.882882882882882	1.569692813230272e-11	1.415682068101054e-11	1.671319506402202e-11	1.988684043829902e-11	1.766886983944893e-11	1.571970158209535e-11	1.752623393636021e-11
7.732732732732732	1.567990355610949e-11	1.391870906725101e-11	1.700184437680718e-11	1.981283193064343e-11	1.756696697829963e-11	1.541069702404307e-11	1.738494417868885e-11
7.582582582582582	1.54140814695447e-11	1.404430998580564e-11	1.669405932935852e-11	1.990063322465652e-11	1.726472610708019e-11	1.542267528964469e-11	1.708129124255997e-11
7.432432432432432	1.553115448749143e-11	1.388966719417795e-11	1.662037694971641e-11	1.991279190149964e-11	1.719891937201901e-11	1.560691506585776e-11	1.715312787642365e-11
7.282282282282281	1.532450902286264e-11	1.390515480537147e-11	1.645583669329653e-11	1.974498863022145e-11	1.704590288365004e-11	1.549238341780335e-11	1.725387541173795e-11
7.132132132132131	1.540940118560652e-11	1.391768904984714e-11	1.624838978642185e-11	1.999189008783375e-11	1.698725188292727e-11	1.550610854994527e-11	1.713224874466679e-11
6.981981981981981	1.514675711244973e-11	1.371976577485556e-11	1.622700064596305e-11	1.961792013560615e-11	1.687518354220874e-11	1.551797405852096e-11	1.710016156453165e-11
6.831831831831831	1.538033589376653e-11	1.368765691067697e-11	1.580541600376684e-11	1.982880006023979e-11	1.673857059902861e-11	1.545110914213943e-11	1.704482215092451e-11
6.681681681681681	1.544160632693803e-11	1.348078072782588e-11	1.593429208024411e-11	1.938711344240396e-11	1.659634409068023e-11	1.54941632440897e-11	1.698736984412363e-11
6.531531531531531	1.539733791855458e-11	1.341997173109899e-11	1.556556793180786e-11	1.969262773682257e-11	1.633983053028754e-11	1.543009643667492e-11	1.702190645380686e-11
6.381381381381381	1.524862007495909e-11	1.327585524152353e-11	1.557342622915403e-11	1.951733566429859e-11	1.621804600338006e-11	1.53882739883926e-11	1.685462706901841e-11
6.231231231231231	1.5236928038731e-11	1.309611100119845e-11	1.512038931561488e-11	1.935750518211599e-11	1.610082206449093e-11	1.526295929921151e-11	1.676827947327819e-11
6.081081081081081	1.533097260253413e-11	1.300344814464394e-11	1.47906027703204e-11	1.936919374889712e-11	1.598040276495905e-11	1.53517355078181e-11	1.687295442254211e-11
5.930930930930931	1.526018200692647e-11	1.282024660043124e-11	1.485046981219984e-11	1.904921533013582e-11	1.584141845478726e-11	1.520116151010331e-11	1.674595358214237e-11
5.780780780780781	1.532125641634519e-11	1.258926643488145e-11	1.427883852822553e-11	1.923422011940179e-11	1.556069856301079e-11	1.510904769352894e-11	1.656260892324291e-11
5.63063063063063	1.508826397156326e-11	1.237252574698422e-11	1.442409039431602e-11	1.902801007036548e-11	1.54284519188197e-11	1.500608665105929e-11	1.641165675581036e-11
5.48048048048048	1.501146949800525e-11	1.212609700151912e-11	1.382560385621012e-11	1.896887161234595e-11	1.524384958540015e-11	1.493602984348197e-11	1.613831117353026e-11
5.33033033033033	1.480854501523243e-11	1.193613697464402e-11	1.374942260740086e-11	1.895594445300297e-11	1.496103588238817e-11	1.461769247312894e-11	1.601262872297227e-11
5.18018018018018	1.479111277902234e-11	1.175075748510723e-11	1.335493521326114e-11	1.875890588698415e-11	1.482731819268945e-11	1.452752675101809e-11	1.590250500727031e-11
5.03003003003003	1.465518158216828e-11	1.151598261195375e-11	1.307294029972983e-11	1.850001228598241e-11	1.465924777399596e-11	1.430440661753796e-11	1.560855611426604e-11
4.87987987987988	1.449578564821641e-11	1.151529219201031e-11	1.286495996538628e-11	1.806391494718618e-11	1.451009971897843e-11	1.416400070147761e-11	1.537683001762158e-11
4.72972972972973	1.438873672987562e-11	1.123405795472321e-11	1.245501705243734e-11	1.791370697612482e-11	1.423887223406251e-11	1.406764114919579e-11	1.521092973799654e-11
4.57957957957958	1.41707930112478e-11	1.109753781924905e-11	1.232825733860077e-11	1.727716407440294e-11	1.409576361882658e-11	1.387810352748708e-11	1.493027750043563e-11
4.42942942942943	1.430854046358121e-11	1.083270365770383e-11	1.203800253923859e-11	1.716802741635881e-11	1.390688345731528e-11	1.377755201592556e-11	1.477628089330274e-11
4.27927927927928	1.396980187778896e-11	1.071837063548742e-11	1.204064105364555e-11	1.665999456446077e-11	1.364006477211355e-11	1.374756645328157e-11	1.492123959112579e-11
4.129129129129129	1.411557416092224e-11	1.060013968962048e-11	1.184862364472794e-11	1.625236230318183e-11	1.371966429353222e-11	1.370075147083538e-11	1.485852239857532e-11
3.978978978978979	1.414549814088284e-11	1.047071110371611e-11	1.171365348467956e-11	1.587696120408655e-11	1.367626845105718e-11	1.359284559909746e-11	1.488941955840595e-11
3.828828828828829	1.42499640559679e-11	1.054903039920951e-11	1.186021940380311e-11	1.563939776294543e-11	1.363099216833419e-11	1.342256254061036e-11	1.491155983412984e-11
3.678678678678679	1.465789642440818e-11	1.043696639529967e-11	1.187411887565437e-11	1.53153271315043e-11	1.3562351762475e-11	1.353673076409656e-11	1.482400140140339e-11
3.528528528528529	1.45361916947806e-11	1.052516667571224e-11	1.211165803066683e-11	1.505955429803585e-11	1.351809636451762e-11	1.337627057729218e-11	1.488237658109348e-11
3.378378378378379	1.499298601936871e-11	1.05893679241964e-11	1.220448568595156e-11	1.500025798018001e-11	1.364518567581463e-11	1.345708613986751e-11	1.487662944221757e-11
3.228228228228229	1.499876785271415e-11	1.078487906619463e-11	1.243618576174388e-11	1.488611837963116e-11	1.355773826539064e-11	1.351547693206889e-11	1.48716594594589e-11
3.078078078078079	1.524859058465999e-11	1.100277161047991e-11	1.252817467822798e-11	1.509258169829497e-11	1.379956132002702e-11	1.349856684762507e-11	1.495360779646404e-11
2.927927927927929	1.549626572894258e-11	1.121092541717106e-11	1.296176100479274e-11	1.505553494374201e-11	1.378505209287395e-11	1.34506928164968e-11	1.494223668407901e-11
2.777777777777779	1.556341860942112e-11	1.140587190667786e-11	1.29796971781726e-11	1.507689979807214e-11	1.360427482471893e-11	1.343203152870398e-11	1.479315801800052e-11
2.627627627627628	1.560875560746577e-11	1.141899942658231e-11	1.308907409541815e-11	1.528592356858649e-11	1.347314447508463e-11	1.348700925246638e-11	1.45412787713739e-11
2.477477477477478	1.55379008270895e-11	1.150334254934604e-11	1.299954675154646e-11	1.526788764860676e-11	1.315345835722903e-11	1.309192077664223e-11	1.440316269030184e-11
2.327327327327328	1.555268414055178e-11	1.127853452992378e-11	1.288201489924035e-11	1.53919134382452e-11	1.284682516616842e-11	1.309632003537731e-11	1.406873142290044e-11
2.177177177177178	1.528405700612634e-11	1.136386991451577e-11	1.282388951973079e-11	1.517144222751288e-11	1.260154827709137e-11	1.284823896580134e-11	1.387981309747266e-11
2.027027027027028	1.535847490852227e-11	1.128200310951399e-11	1.253982941790133e-11	1.515542552565918e-11	1.222554783103513e-11	1.268333788689846e-11	1.374824906696936e-11
1.876876876876878	1.514778233402403e-11	1.122632976163773e-11	1.249913974404882e-11	1.500090503203655e-11	1.203418701495318e-11	1.251734566692919e-11	1.333158410055102e-11
1.726726726726728	1.504325830570252e-11	1.123054687440783e-11	1.211261126121688e-11	1.489593344505824e-11	1.181863114319004e-11	1.240624616927199e-11	1.304032489629625e-11
1.576576576576578	1.483342615404837e-11	1.114283665337723e-11	1.196180654527979e-11	1.489996147296946e-11	1.17688376405356e-11	1.235489661965961e-11	1.284398021966782e-11
1.426426426426428	1.472613524178268e-11	1.111283721294543e-11	1.16871642572014e-11	1.472643881839097e-11	1.157273842727902e-11	1.218576628492229e-11	1.261294020615811e-11
1.276276276276278	1.462831418497235e-11	1.107842463599074e-11	1.153688516247753e-11	1.477416279593857e-11	1.152016329553085e-11	1.205210931054523e-11	1.239259736496301e-11
1.126126126126128	1.458308647450668e-11	1.125606465673945e-11	1.153197416031704e-11	1.491748218007682e-11	1.150235462432647e-11	1.196517451090839e-11	1.238867342046035e-11
0.9759759759759774	1.474825643554833e-11	1.140529164167514e-11	1.122872281267284e-11	1.518936365574319e-11	1.158190557348782e-11	1.200746967133792e-11	1.24039424564959e-11
0.8258258258258238	1.472562002891031e-11	1.161689928280696e-11	1.152013727467871e-11	1.534822789694967e-11	1.18238908247692e-11	1.216029620748627e-11	1.256743407257455e-11
0.6756756756756737	1.493741068336885e-11	1.187293839632897e-11	1.136477977697892e-11	1.58886046680573e-11	1.21404717876028e-11	1.255175390707519e-11	1.286006370837534e-11
0.5255255255255236	1.502707333567166e-11	1.199506466376121e-11	1.166804933921961e-11	1.625651002701289e-11	1.226889770333806e-11	1.28892859926899e-11	1.303333309332633e-11
0.3753753753753735	1.492673346037421e-11	1.22616335487824e-11	1.176904060318229e-11	1.668837290580427e-11	1.25128319164447e-11	1.321243548596529e-11	1.349493693875159e-11
0.2252252252252234	1.498113612330432e-11	1.23799321488649e-11	1.197481523662614e-11	1.698733514965411e-11	1.267534948529159e-11	1.352570659640673e-11	1.366607955272103e-11
0.07507507507507327	1.482485141590661e-11	1.2589244750838e-11	1.22362120436037e-11	1.723165360401069e-11	1.292924795004424e-11	1.38924540274421e-11	1.409492574738769e-11
-0.07507507507507682	1.4589779037677e-11	1.264425977115513e-11	1.238453176816146e-11	1.769579621724304e-11	1.305191545120099e-11	1.415573994828501e-11	1.436278700139848e-11
-0.2252252252252269	1.448772352086181e-11	1.278302116936025e-11	1.285752060375955e-11	1.807221906846568e-11	1.320675947075189e-11	1.44893489567588e-11	1.464359536407223e-11
-0.375375375375377	1.418445569334459e-11	1.292252242712788e-11	1.30084406788078e-11	1.870583896113054e-11	1.333485665638845e-11	1.464211391022374e-11	1.497037216413588e-11
-0.5255255255255271	1.415193656706393e-11	1.305320001393495e-11	1.339947250378337e-11	1.930079186751588e-11	1.349277547330052e-11	1.495698530307177e-11	1.509341263083996e-11
-0.6756756756756772	1.414398459465005e-11	1.323350283521929e-11	1.372345553168897e-11	1.982991201798789e-11	1.368935086815126e-11	1.495922656580273e-11	1.520179641889552e-11
-0.8258258258258273	1.399656432421459e-11	1.333256335195321e-11	1.41705579562168e-11	2.024667933309132e-11	1.375072625209306e-11	1.526059313639028e-11	1.532736784715105e-11
-0.9759759759759774	1.416974263618309e-11	1.344020554572278e-11	1.455334984468148e-11	2.052195219315323e-11	1.392095466679066e-11	1.539614963297353e-11	1.519859585408234e-11
-1.126126126126128	1.421605541618298e-11	1.364738183573522e-11	1.497604297517885e-11	2.065223166092256e-11	1.41141872495032e-11	1.55256398015613e-11	1.524722015311397e-11
-1.276276276276278	1.457755964551222e-11	1.376666749347555e-11	1.537302056486833e-11	2.079025840373561e-11	1.427781330665123e-11	1.572057414800376e-11	1.520094813911577e-11
-1.426426426426428	1.488498560520135e-11	1.399898513082531e-11	1.562721306525017e-11	2.099613191641758e-11	1.454877190942838e-11	1.601274841889211e-11	1.526445810029475e-11
-1.576576576576578	1.501130469927503e-11	1.431572395349523e-11	1.61968060491402e-11	2.105544211206123e-11	1.497689992857598e-11	1.625085135903426e-11	1.550550139672868e-11
-1.726726726726728	1.577221860060707e-11	1.466151852702602e-11	1.651302185268211e-11	2.117152460290317e-11	1.535557271614696e-11	1.65213051572799e-11	1.571938933186967e-11
-1.876876876876878	1.592849810383434e-11	1.486497210045901e-11	1.706026292458418e-11	2.115227264176678e-11	1.571091520768952e-11	1.674312424815305e-11	1.597244732309822e-11
-2.027027027027028	1.636273755378781e-11	1.501991760133325e-11	1.728474828543991e-11	2.103057832048005e-11	1.588547696163012e-11	1.689318476771895e-11	1.613809086364881e-11
-2.177177177177178	1.636263347037925e-11	1.50005979859813e-11	1.76580763899814e-11	2.086648562271698e-11	1.603063862209986e-11	1.683631012383557e-11	1.629104316724916e-11
-2.327327327327328	1.629660295598967e-11	1.468112784119846e-11	1.771851415588444e-11	2.058938783355835e-11	1.603234038582979e-11	1.673485655606655e-11	1.619187249557452e-11
-2.477477477477478	1.618839957917562e-11	1.441428400250633e-11	1.756329283397751e-11	2.03072801630011e-11	1.595759288597343e-11	1.650184155987944e-11	1.613897036845113e-11
-2.627627627627628	1.574254442082701e-11	1.394348612265839e-11	1.743639954643328e-11	1.999259265084152e-11	1.590453116429025e-11	1.618440798045739e-11	1.591027136427225e-11
-2.777777777777779	1.56246543481231e-11	1.36487262464291e-11	1.716778108562522e-11	1.987163732175556e-11	1.584789591224656e-11	1.594591299280967e-11	1.56996308314783e-11
-2.927927927927929	1.547859063144585e-11	1.325268020324621e-11	1.720418599249207e-11	1.980027079795388e-11	1.56587520727669e-11	1.576998080732306e-11	1.555373711770169e-11
-3.078078078078079	1.556301441885122e-11	1.307220824642297e-11	1.705464415524549e-11	1.966357111859995e-11	1.567876384278577e-11	1.549536367273507e-11	1.53888516513101e-11
-3.228228228228229	1.557468563839759e-11	1.296820290042078e-11	1.71512318236644e-11	1.975057270509062e-11	1.541011936112557e-11	1.541277175332034e-11	1.517800815586945e-11
-3.378378378378379	1.567082227871275e-11	1.273210877006381e-11	1.703106926320697e-11	1.999376879335824e-11	1.537857514943841e-11	1.519403006189357e-11	1.504606508828665e-11
-3.528528528528529	1.561607787525787e-11	1.278641255375579e-11	1.70238528135469e-11	1.9973999884626e-11	1.506980998322582e-11	1.514043751482674e-11	1.497070696576674e-11
-3.678678678678679	1.561121544535471e-11	1.264781682164262e-11	1.693215880005372e-11	2.006847812929813e-11	1.508404512406969e-11	1.490038127605064e-11	1.496152854385535e-11
-3.828828828828829	1.590148325514296e-11	1.254896100227887e-11	1.689780780578243e-11	1.991750167573691e-11	1.503017502124671e-11	1.489623008277263e-11	1.49946548233526e-11
-3.978978978978979	1.587959798377003e-11	1.250713768663481e-11	1.712000159692639e-11	1.996103456136655e-11	1.485668359169079e-11	1.476818493884036e-11	1.502718782742107e-11
-4.129129129129129	1.599859481005161e-11	1.255061592847495e-11	1.716249191374697e-11	2.003150770257811e-11	1.470937434355779e-11	1.460840823308551e-11	1.508067455635587e-11
-4.27927927927928	1.582391682963813e-11	1.251561441290017e-11	1.742767735679607e-11	2.022848034910485e-11	1.439827770899349e-11	1.458138124132979e-11	1.510728347975387e-11
-4.42942942942943	1.57443502679655e-11	1.250191530161038e-11	1.764818846616834e-11	2.028800391573604e-11	1.42801985514307e-11	1.450467350394558e-11	1.530225078594238e-11
-4.57957957957958	1.545302948102734e-11	1.227547924420591e-11	1.772393343202339e-11	2.046494917973263e-11	1.437417893046522e-11	1.454715514714877e-11	1.532866021614065e-11
-4.72972972972973	1.517195917510872e-11	1.223742288058993e-11	1.785350166316757e-11	2.064129596413e-11	1.416039334400931e-11	1.449777711076683e-11	1.529964696600494e-11
-4.87987987987988	1.478498747042867e-11	1.224534189325777e-11	1.798858804968884e-11	2.054318000432875e-11	1.413707172159828e-11	1.454121198452007e-11	1.532149927763182e-11
-5.03003003003003	1.474918277788451e-11	1.21502348113256e-11	1.815447792097302e-11	2.090413953048653e-11	1.415013418937239e-11	1.457332865495431e-11	1.542632514783815e-11
-5.18018018018018	1.437309906510142e-11	1.217122583274666e-11	1.820227128745966e-11	2.100974776098052e-11	1.411835665737771e-11	1.446572462510121e-11	1.547492342601764e-11
-5.33033033033033	1.436203066196295e-11	1.209772039489909e-11	1.820521511319839e-11	2.127975747001631e-11	1.4038290495344e-11	1.46355531860376e-11	1.566710823575068e-11
-5.48048048048048	1.406607989806741e-11	1.23834414944568e-11	1.820350814529803e-11	2.125991917234504e-11	1.427167498763149e-11	1.436097595008956e-11	1.571779512099525e-11
-5.63063063063063	1.397210472320332e-11	1.233786770665768e-11	1.803187633930836e-11	2.146539890279797e-11	1.431710132393516e-11	1.452530717233058e-11	1.581770478487066e-11
-5.780780780780781	1.397462093960522e-11	1.246969541512932e-11	1.799187535067581e-11	2.163933615628721e-11	1.434588298848682e-11	1.424296791618929e-11	1.593583945358468e-11
-5.930930930930931	1.378723090555978e-11	1.277644916947152e-11	1.783758730999896e-11	2.150128165789855e-11	1.448517000790517e-11	1.425012711997464e-11	1.584606057480897e-11
-6.081081081081081	1.390993136646257e-11	1.265768739822093e-11	1.763954607381102e-11	2.158577309951948e-11	1.442705590409821e-11	1.391505834169582e-11	1.582188026427733e-11
-6.231231231231231	1.370178449866533e-11	1.290702527495524e-11	1.76463062911969e-11	2.149346672863928e-11	1.46710369547387e-11	1.376315728052191e-11	1.607968619365963e-11
-6.381381381381381	1.362260564768958e-11	1.274417290447749e-11	1.748054652417341e-11	2.139740641615706e-11	1.474552598079715e-11	1.368722236244624e-11	1.595098879370038e-11
-6.531531531531531	1.354219514304589e-11	1.268554705724512e-11	1.735542438929816e-11	2.114837124866931e-11	1.47516599630082e-11	1.338977106274397e-11	1.603882304745952e-11
-6.681681681681681	1.352978666602223e-11	1.271265558100421e-11	1.730991391890591e-11	2.103211008130934e-11	1.482850300882355e-11	1.326057146033843e-11	1.596609823517614e-11
-6.831831831831831	1.365040198930689e-11	1.281548218240447e-11	1.703215346537945e-11	2.108494455421717e-11	1.501955677885025e-11	1.294245006305816e-11	1.59068522243011e-11
-6.981981981981981	1.35603151971142e-11	1.268717856467427e-11	1.712641140017013e-11	2.08242190852248e-11	1.512291160354895e-11	1.292654091405998e-11	1.593743713390605e-11
-7.132132132132135	1.380955939878081e-11	1.265355702162463e-11	1.700960206019175e-11	2.084435228588699e-11	1.524174883527074e-11	1.271347610520834e-11	1.588508491412455e-11
-7.282282282282281	1.382655882148365e-11	1.270495167404739e-11	1.684203991547673e-11	2.066976971526469e-11	1.531484661310145e-11	1.263776409909934e-11	1.614291166018855e-11
-7.432432432432435	1.406051230307126e-11	1.251526660084323e-11	1.672924125617481e-11	2.084358206866366e-11	1.52678633624781e-11	1.270360032445961e-11	1.622133330436704e-11
-7.582582582582582	1.412332577277464e-11	1.261771589988747e-11	1.664100454656925e-11	2.08869484208396e-11	1.550728816190894e-11	1.261536881902448e-11	1.624691353674379e-11
-7.732732732732735	1.423642887604659e-11	1.259773708961465e-11	1.658643708490892e-11	2.111613314759175e-11	1.555054696122937e-11	1.258479865456907e-11	1.638311361573663e-11
-7.882882882882882	1.459030812833717e-11	1.267020863227053e-11	1.657984166625326e-11	2.103526380858867e-11	1.568184991584953e-11	1.254820553020508e-11	1.646976652280863e-11
-8.033033033033036	1.452664030732187e-11	1.280273890374994e-11	1.649542134829485e-11	2.112452920921548e-11	1.579243853744305e-11	1.269003652160094e-11	1.646529614041103e-11
-8.183183183183182	1.486796102900811e-11	1.282092140786339e-11	1.66795466327585e-11	2.142643007463363e-11	1.59645126979191e-11	1.265347115281257e-11	1.652483011538308e-11
-8.333333333333336	1.494774269639176e-11	1.288171218999379e-11	1.666547455592138e-11	2.152445235936717e-11	1.606494451356077e-11	1.280809833192897e-11	1.664342101637128e-11
-8.483483483483482	1.528438660358677e-11	1.3054947747837e-11	1.650573427935953e-11	2.192169536174848e-11	1.6171005506882e-11	1.293275556091267e-11	1.6592749743638e-11
-8.633633633633636	1.502817315035543e-11	1.304530788948099e-11	1.66841974263976e-11	2.198372213435551e-11	1.618274785009088e-11	1.302195937885609e-11	1.690016009081585e-11
-8.783783783783782	1.559128000316878e-11	1.311779677937164e-11	1.640255813117886e-11	2.25235316508865e-11	1.634498265901119e-11	1.309046707836936e-11	1.669220664468618e-11
-8.933933933933936	1.567604379637544e-11	1.326417187891282e-11	1.682604923447517e-11	2.246296725016972e-11	1.661859712343006e-11	1.313113420081669e-11	1.680202851850332e-11
-9.084084084084083	1.586148573595736e-11	1.329773877817297e-11	1.686543266155027e-11	2.270971431739266e-11	1.65998916001886e-11	1.3438420515266e-11	1.686263975675395e-11
-9.234234234234236	1.610471478397102e-11	1.36702593689364e-11	1.680821280769518e-11	2.307755375685616e-11	1.675884951646278e-11	1.365264498676133e-11	1.689298007034878e-11
-9.384384384384383	1.615806273502773e-11	1.346443529587349e-11	1.698468796162977e-11	2.295065006097108e-11	1.67879269513671e-11	1.396555180527281e-11	1.711770308832072e-11
-9.534534534534536	1.628486408222773e-11	1.363097568846117e-11	1.689548848049505e-11	2.381721729560748e-11	1.702152654936562e-11	1.386078231357946e-11	1.686231536346394e-11
-9.684684684684683	1.624650414200346e-11	1.3815755831037e-11	1.721848011393412e-11	2.365477778931702e-11	1.710975632007727e-11	1.41238956294365e-11	1.724106100942091e-11
-9.834834834834837	1.679073720339819e-11	1.407802693864646e-11	1.717564285241835e-11	2.414025576658041e-11	1.7381828615326e-11	1.431225363918154e-11	1.724949870440806e-11
-9.984984984984983	1.662622470255393e-11	1.411851451721402e-11	1.746758467036091e-11	2.418553725347383e-11	1.74483413828419e-11	1.448975401469044e-11	1.741029195811983e-11
-10.13513513513514	1.702814625414995e-11	1.416686733202166e-11	1.752255458786767e-11	2.443221840120469e-11	1.759210832563696e-11	1.465059670802127e-11	1.739279380241765e-11
-10.28528528528528	1.722226354583523e-11	1.446827380124915e-11	1.742239165436477e-11	2.476756300051619e-11	1.781351455232283e-11	1.482580377909493e-11	1.759282823587949e-11
-10.43543543543544	1.714417496856413e-11	1.43751946110604e-11	1.776582526924475e-11	2.480392800874309e-11	1.77468231082889e-11	1.50028219014775e-11	1.772279198397619e-11
-10.58558558558558	1.755789437452027e-11	1.456583291481461e-11	1.791139112028439e-11	2.556170899947752e-11	1.805907680341168e-11	1.511310000756882e-11	1.796932914965854e-11
-10.73573573573574	1.744129840552944e-11	1.455434210650974e-11	1.831308889255201e-11	2.520082580115268e-11	1.810048985695367e-11	1.533913968065903e-11	1.813593372701483e-11
-10.88588588588588	1.769723430300463e-11	1.49250230230269e-11	1.795111108371383e-11	2.568694389137871e-11	1.848541632265555e-11	1.521496817424861e-11	1.80252011233728e-11
-11.03603603603604	1.769879902357996e-11	1.473463365209149e-11	1.847049943548562e-11	2.579008361036639e-11	1.84367642680483e-11	1.567070952168681e-11	1.848758993117094e-11
-11.18618618618618	1.817060737985265e-11	1.50370063622951e-11	1.834569128555952e-11	2.636224051555391e-11	1.885462098949464e-11	1.565300146444404e-11	1.836750543326993e-11
-11.33633633633634	1.815273452387967e-11	1.489330707371561e-11	1.838864650827166e-11	2.648717183084681e-11	1.884246925154542e-11	1.581710457054797e-11	1.869466907666872e-11
-11.48648648648648	1.82665792214376e-11	1.505129354484325e-11	1.879009101091178e-11	2.639500076839774e-11	1.870925810110169e-11	1.588028666899e-11	1.888834921803806e-11
-11.63663663663664	1.851829974086616e-11	1.525684439895869e-11	1.872054594675987e-11	2.692778465485102e-11	1.89318890425616e-11	1.622082849983553e-11	1.879716347852334e-11
-11.78678678678678	1.831837459498331e-11	1.515728341450195e-11	1.92335331689053e-11	2.671707993728845e-11	1.873497884608e-11	1.621701731235881e-11	1.907345115181869e-11
-11.93693693693694	1.913725254654164e-11	1.557124394702125e-11	1.900770166263221e-11	2.723828107509263e-11	1.930659798698997e-11	1.609030096660913e-11	1.912859280694956e-11
-12.08708708708708	1.907419708291336e-11	1.556872686325761e-11	1.938128824097163e-11	2.699793166804909e-11	1.918259474875672e-11	1.653352975361511e-11	1.939474622569826e-11
-12.23723723723724	1.908930652438912e-11	1.586763706540317e-11	1.927973058979404e-11	2.711825208834284e-11	1.933725575498091e-11	1.651170693228732e-11	1.93685380234232e-11
-12.38738738738738	1.934403331960155e-11	1.573562981305177e-11	1.963039279739842e-11	2.723780749558369e-11	1.948280772823274e-11	1.673320856876437e-11	1.952368128277371e-11
-12.53753753753754	1.959806796014707e-11	1.587160958216316e-11	1.974781102531686e-11	2.775801116738918e-11	1.959130947748466e-11	1.687123704630089e-11	1.976688430993523e-11
-12.68768768768768	1.993582555981366e-11	1.590025507092196e-11	1.953926950792884e-11	2.77219341232593e-11	1.954996060871128e-11	1.697191866212311e-11	1.967475835029653e-11
-12.83783783783784	1.988136391628537e-11	1.60818615368985e-11	1.974602079068966e-11	2.757383557594473e-11	1.947389818846013e-11	1.702414251236739e-11	1.994491724555125e-11
-12.98798798798799	1.998747174714044e-11	1.601025388653365e-11	1.972473226419247e-11	2.797805216669946e-11	1.987275795312105e-11	1.720097501933804e-11	1.988726197610369e-11
-13.13813813813814	2.000748004771236e-11	1.612866264155688e-11	1.994942405714184e-11	2.754998833232047e-11	1.976861035979383e-11	1.731582759123551e-11	2.017771366658039e-11
-13.28828828828829	2.037952098743467e-11	1.667553595208204e-11	1.986261329023353e-11	2.829712159035935e-11	1.996666200432262e-11	1.72978697338122e-11	2.006981213165115e-11
-13.43843843843844	2.04257340208347e-11	1.622925058231139e-11	2.045566320496572e-11	2.76732421700121e-11	2.007486885058363e-11	1.766311576167912e-11	2.027672127424829e-11
-13.58858858858859	2.054859060685033e-11	1.678271757676875e-11	2.037292730350249e-11	2.812088235881749e-11	1.991159841174817e-11	1.752004097355098e-11	2.037264974774633e-11
-13.73873873873874	2.054465278455986e-11	1.647637061508167e-11	2.027328825648933e-11	2.812335260504728e-11	2.011928297573906e-11	1.773382829473036e-11	2.023645140347696e-11
-13.88888888888889	2.068947270450483e-11	1.699421679768331e-11	2.041065233493455e-11	2.851157331063003e-11	2.005088456380477e-11	1.77370462067783e-11	2.043030848664085e-11
-14.03903903903904	2.101725564418455e-11	1.65677437047318e-11	2.035877369466199e-11	2.838580759334519e-11	2.003791924054532e-11	1.777187771945243e-11	2.027852885611026e-11
-14.18918918918919	2.115927398571582e-11	1.715019792847272e-11	2.063293633169927e-11	2.818206258636824e-11	2.002813713486429e-11	1.79281433448919e-11	2.068050071468708e-11
-14.33933933933934	2.120027590979401e-11	1.707974560394288e-11	2.020205877584225e-11	2.81625105180705e-11	2.035184173965199e-11	1.776110682139009e-11	2.038911400825683e-11
-14.48948948948949	2.100474828792276e-11	1.693634642252473e-11	2.050259267916132e-11	2.809231319789163e-11	2.02159556456083e-11	1.806518476477059e-11	2.049267353032569e-11
-14.63963963963964	2.140913661630162e-11	1.708654051579828e-11	2.037813667810084e-11	2.831805970271439e-11	2.009064616059764e-11	1.782973768627016e-11	2.057445880332409e-11
-14.78978978978979	2.148077549168903e-11	1.705802860074712e-11	2.06372956917944e-11	2.789928531254926e-11	2.014858939414221e-11	1.808584185192252e-11	2.067266670346957e-11
-14.93993993993994	2.129051969446127e-11	1.71844274921007e-11	2.045380358139948e-11	2.824001622825367e-11	2.026248960285137e-11	1.801013331526047e-11	2.07915872019182e-11
-15.09009009009009	2.144644010992902e-11	1.726130176293861e-11	2.033383357524787e-11	2.803713164412081e-11	2.057399736687948e-11	1.813335245848258e-11	2.050446964996233e-11
-15.24024024024024	2.131925712356431e-11	1.726590051487342e-11	2.054006097151895e-11	2.82478415658538e-11	2.037911332741782e-11	1.849108019480461e-11	2.077380281684249e-11
-15.39039039039039	2.154024354716899e-11	1.712237122919458e-11	2.017527811482012e-11	2.833639226040852e-11	2.052206321545569e-11	1.811150361630265e-11	2.063840418009555e-11
-15.54054054054054	2.145797428632079e-11	1.752739446636564e-11	2.066223928065547e-11	2.759835762700114e-11	2.038584405450461e-11	1.834461575700441e-11	2.067764882929257e-11
-15.69069069069069	2.170316530658578e-11	1.732938618992375e-11	2.036841355301799e-11	2.864168971439263e-11	2.03506274332188e-11	1.801722659955374e-11	2.081955961796833e-11
-15.84084084084084	2.155238314205388e-11	1.751958127182984e-11	2.043856923983345e-11	2.796554134099072e-11	2.046693370338915e-11	1.843425932734899e-11	2.067610319067548e-11
-15.99099099099099	2.155983551410667e-11	1.766643775713561e-11	2.044110540555533e-11	2.822603262231382e-11	2.039314897506195e-11	1.820561409959787e-11	2.050915513807094e-11
-16.14114114114114	2.179533116486443e-11	1.740242498715627e-11	2.06234387206683e-11	2.820784578139168e-11	2.036365867597034e-11	1.845191881233443e-11	2.078675426231413e-11
-16.29129129129129	2.156249311047187e-11	1.763203992533047e-11	2.035599119820652e-11	2.809770645317844e-11	2.024064076067145e-11	1.850792609447982e-11	2.087752713764157e-11
-16.44144144144144	2.14748999832759e-11	1.750397049526953e-11	2.006346998262298e-11	2.811012707326643e-11	2.024624565222233e-11	1.831500055782254e-11	2.088429949809179e-11
-16.59159159159159	2.18233434795545e-11	1.773427932283411e-11	2.043774004201193e-11	2.781753993819081e-11	2.022464661022294e-11	1.859227355405224e-11	2.092914730411621e-11
-16.74174174174174	2.137933233226086e-11	1.782238072400855e-11	2.027395265558063e-11	2.829550656280322e-11	2.034949812823594e-11	1.824609907608021e-11	2.095592102624444e-11
-16.89189189189189	2.160594272937466e-11	1.795152741734807e-11	2.05577343342922e-11	2.784206198924721e-11	2.026019803313961e-11	1.871360184868553e-11	2.099950074940793e-11
-17.04204204204204	2.134757995375658e-11	1.776277389065051e-11	2.035705631842077e-11	2.830738768389018e-11	2.011027108728136e-11	1.84338828923547e-11	2.106132976353869e-11
-17.19219219219219	2.114946412445917e-11	1.795843508622941e-11	2.023796408234801e-11	2.796424723727764e-11	2.054235427595419e-11	1.876083663421291e-11	2.070519970753804e-11
-17.34234234234234	2.163146051170628e-11	1.76951855945795e-11	2.016548560079823e-11	2.831037314299234e-11	2.041241307926267e-11	1.863405263424767e-11	2.074830238174563e-11
-17.4924924924925	2.156042878953546e-11	1.796742789272887e-11	2.024854242610452e-11	2.807267959759052e-11	2.049881965560107e-11	1.883547831593724e-11	2.064417387037665e-11
-17.64264264264264	2.211489498471497e-11	1.776340532999576e-11	2.028250484231719e-11	2.792838009468834e-11	2.050631539574077e-11	1.889385002618038e-11	2.087896522340316e-11
-17.7927927927928	2.162325873911186e-11	1.7733240223472e-11	2.008121273433527e-11	2.797423230560536e-11	2.022107307986243e-11	1.863902088228286e-11	2.076291048813683e-11
-17.94294294294294	2.154826143907496e-11	1.774397642706482e-11	2.056693704233226e-11	2.772850178633934e-11	2.038565496964573e-11	1.895039333787985e-11	2.065781747051521e-11
-18.0930930930931	2.142679610128706e-11	1.784841198448905e-11	2.023541924300876e-11	2.822370982757949e-11	2.02897976198102e-11	1.884072585445207e-11	2.081617170301975e-11
-18.24324324324324	2.135993291962901e-11	1.828914623913658e-11	2.03087893724252e-11	2.732493918633505e-11	2.041676723518737e-11	1.89652356319403e-11	2.055684095170207e-11
-18.3933933933934	2.158254477913069e-11	1.792967163627424e-11	2.01160164914338e-11	2.83531392808456e-11	2.042788681266838e-11	1.899646759340179e-11	2.073138535840791e-11
-18.54354354354354	2.09710374066141e-11	1.803253726895271e-11	2.014712355280501e-11	2.753075892258927e-11	2.031917689659934e-11	1.890570165696825e-11	2.061782342077656e-11
-18.6936936936937	2.146763496135851e-11	1.807735558467805e-11	2.023820867835813e-11	2.741744158096804e-11	2.069363951029413e-11	1.902273130682808e-11	2.059087275685378e-11
-18.84384384384384	2.142110620828586e-11	1.785046416236113e-11	2.000519368217102e-11	2.822054916140626e-11	2.069985328978508e-11	1.902728322122904e-11	2.083472110114837e-11
-18.993993993994	2.154994759029361e-11	1.789550972686182e-11	2.003851772014453e-11	2.71360624942707e-11	2.053969841431247e-11	1.896881783591819e-11	2.052180474165777e-11
-19.14414414414414	2.164647627811433e-11	1.790026633863295e-11	1.995271309285229e-11	2.791708357541278e-11	2.069861296249975e-11	1.919676917427893e-11	2.098370088798873e-11
-19.2942942942943	2.149204425538898e-11	1.79840847075452e-11	2.026298746848898e-11	2.731620311891003e-11	2.019746349335438e-11	1.903812697767737e-11	2.073301426375185e-11
-19.44444444444444	2.182646771653474e-11	1.824720409493441e-11	2.007148960925242e-11	2.763137808836635e-11	2.064044768435025e-11	1.924205933478973e-11	2.098375466441649e-11
-19.5945945945946	2.126266870905447e-11	1.831158141785139e-11	2.014491524982009e-11	2.740735589867871e-11	2.038118632197161e-11	1.9311037144365e-11	2.082180261542277e-11
-19.74474474474474	2.107520928606998e-11	1.803866257754638e-11	2.0140264456181e-11	2.758712355777071e-11	2.061720065504868e-11	1.917892754332851e-11	2.091344111776472e-11
-19.8948948948949	2.096368911796986e-11	1.840567628863532e-11	2.047282482431356e-11	2.770551670028265e-11	2.038077172306085e-11	1.950488208446455e-11	2.067542317907289e-11
-20.04504504504504	2.102302359974217e-11	1.814353355056308e-11	2.033894060116115e-11	2.789877183440037e-11	2.038627947009708e-11	1.930936313621068e-11	2.039279682619632e-11
-20.1951951951952	2.121299143287292e-11	1.811524368011685e-11	2.031006786362699e-11	2.802481684216485e-11	2.051577484285527e-11	1.94339457720849e-11	2.086856208671772e-11
-20.34534534534534	2.145944359710494e-11	1.813622169111184e-11	2.02818109529268e-11	2.790125075424754e-11	2.056136684525089e-11	1.931641131769357e-11	2.068571355873239e-11
-20.4954954954955	2.165652726593414e-11	1.831761999027126e-11	1.993907296216069e-11	2.827708900365877e-11	2.07674190344509e-11	1.912803596071377e-11	2.091891070088447e-11
-20.64564564564564	2.19435164483528e-11	1.83752266874615e-11	2.022760951791991e-11	2.716375388511771e-11	2.058759239476071e-11	1.937869656409852e-11	2.091299702855487e-11
-20.7957957957958	2.18769672516439e-11	1.828259592329129e-11	1.992699408259746e-11	2.782970902337478e-11	2.097376786136529e-11	1.941483258882659e-11	2.080891188527279e-11
-20.94594594594594	2.206869756382623e-11	1.823131576261794e-11	2.068027867008215e-11	2.763936648997323e-11	2.038580762531161e-11	1.990950460051266e-11	2.080376496071956e-11
-21.0960960960961	2.227828165002332e-11	1.788003946290306e-11	2.010016285358684e-11	2.785684356798601e-11	2.074313984468112e-11	1.932901061429959e-11	2.04890982652417e-11
-21.24624624624624	2.173007607186861e-11	1.866477632173069e-11	2.056631080715743e-11	2.808363611106479e-11	2.063283398301419e-11	1.961874933342767e-11	2.108887370289025e-11
-21.3963963963964	2.199814115588783e-11	1.819443207207172e-11	2.011771825516373e-11	2.751707715853424e-11	2.04829313232846e-11	1.938699548120759e-11	2.077849871329196e-11
-21.54654654654654	2.168637665278528e-11	1.839810595538616e-11	2.019233044658897e-11	2.764108039676749e-11	2.065328116862553e-11	1.959746427637743e-11	2.100799915971674e-11
-21.6966966966967	2.170154334013574e-11	1.838157057121315e-11	2.071270238657164e-11	2.712721713926669e-11	2.058345854871746e-11	1.94639929174123e-11	2.060267408066085e-11
-21.84684684684684	2.229518826502019e-11	1.865842202963819e-11	2.016955699679635e-11	2.848220097273479e-11	2.085346999247673e-11	1.899017401663095e-11	2.090984156655207e-11
-21.996996996997	2.100037331531635e-11	1.833372169357528e-11	2.069887143629767e-11	2.750214465885303e-11	2.059746817550945e-11	1.967428477078759e-11	2.121083517159228e-11
-22.14714714714714	2.209299410083077e-11	1.843799418699277e-11	2.021404051089082e-11	2.787976273455062e-11	2.102143112359123e-11	1.949880881757515e-11	2.098726921417882e-11
-22.2972972972973	2.147781778816249e-11	1.840551842879901e-11	2.054176620469583e-11	2.787005695670253e-11	2.062639989364179e-11	1.99662161803893e-11	2.072851265633169e-11
-22.44744744744744	2.186971957696127e-11	1.863866873341724e-11	2.020127294610763e-11	2.768906458283649e-11	2.083753829207335e-11	1.955630969663336e-11	2.067865496890864e-11
-22.5975975975976	2.205465150784125e-11	1.875452917965426e-11	2.023445473675611e-11	2.832012922782123e-11	2.044906778631006e-11	2.004958178647431e-11	2.121238081020937e-11
-22.74774774774774	2.17154107196027e-11	1.832171046822761e-11	2.034669828454572e-11	2.767239562495583e-11	2.043823964237301e-11	1.993916316778144e-11	2.093534720581935e-11
-22.8978978978979	2.198288599764009e-11	1.848473631105296e-11	1.988575103195611e-11	2.82904168841247e-11	2.103238243289507e-11	1.969522982203653e-11	2.122657084824286e-11
-23.04804804804805	2.200008404618092e-11	1.833329148215324e-11	2.070596645531442e-11	2.734429176143305e-11	2.045204977596526e-11	2.009598910890364e-11	2.143738311866095e-11
-23.1981981981982	2.218442790580255e-11	1.861407382397484e-11	2.019636714811757e-11	2.781058196232866e-11	2.089646164438186e-11	1.951488970419746e-11	2.097069740081281e-11
-23.34834834834835	2.199489548826428e-11	1.863165004223344e-11	2.074218921621629e-11	2.766343924764936e-11	2.063971042687296e-11	1.992675642548125e-11	2.119397712885274e-11
-23.4984984984985	2.21282662332678e-11	1.870379372215236e-11	2.03078717037064e-11	2.751768951592126e-11	2.064334987672556e-11	1.975117118468983e-11	2.111542364569008e-11
-23.64864864864865	2.163851736680655e-11	1.851205126690569e-11	2.044954830471291e-11	2.831880216436211e-11	2.089885035860828e-11	2.000265404700219e-11	2.074428823162222e-11
-23.7987987987988	2.166705356798637e-11	1.877004107697644e-11	2.075767509268633e-11	2.749624486431124e-11	2.048598096715537e-11	1.978049495032774e-11	2.093459780527773e-11
-23.94894894894895	2.223127584799478e-11	1.867131449451165e-11	2.007622020017141e-11	2.851204168596855e-11	2.101590255987329e-11	1.942633554019579e-11	2.048785793795638e-11
-24.0990990990991	2.219726659424825e-11	1.841814201153369e-11	2.09705534187643e-11	2.757323362689856e-11	2.101531275389146e-11	1.968488393122581e-11	2.085592115674828e-11
-24.24924924924925	2.233667591167166e-11	1.882326759738984e-11	2.007048693908331e-11	2.865932317852593e-11	2.092778207674062e-11	1.939015267793387e-11	2.101910312468647e-11
-24.3993993993994	2.209565516664291e-11	1.831526943996131e-11	2.081597047509653e-11	2.798337776777071e-11	2.072611526848789e-11	2.028215963234548e-11	2.055162463820981e-11
-24.54954954954955	2.243210305008514e-11	1.896305161508405e-11	1.99737188594229e-11	2.818414945870984e-11	2.07527311307798e-11	1.975233344941874e-11	2.114188858703958e-11
-24.6996996996997	2.211873566249078e-11	1.838370601581207e-11	2.07833195098317e-11	2.783542493722813e-11	2.09160345293613e-11	2.027428225304106e-11	2.100814314176525e-11
-24.84984984984985	2.184352525247402e-11	1.896752199748164e-11	2.056703592157039e-11	2.761642650672691e-11	2.115370899280489e-11	1.981007718976358e-11	2.120151970652628e-11
-25	2.205252300213623e-11	1.833862749156534e-11	2.073282517889297e-11	2.831134285341541e-11	2.106726598727349e-11	2.01669965449458e-11	2.140484491042205e-11
