  12  12   1
  19
   0.000000000000000E+00   0.000000000000000E+00   0.000000000000000E+00
   0.000000000000000E+00   0.962250448649258E-01   0.000000000000000E+00
   0.000000000000000E+00   0.192450089729852E+00   0.000000000000000E+00
   0.000000000000000E+00   0.288675134594777E+00   0.000000000000000E+00
   0.000000000000000E+00   0.384900179459703E+00   0.000000000000000E+00
   0.000000000000000E+00   0.481125224324629E+00   0.000000000000000E+00
   0.000000000000000E+00  -0.577350269189555E+00   0.000000000000000E+00
   0.833333333333290E-01   0.144337567297389E+00   0.000000000000000E+00
   0.833333333333290E-01   0.240562612162314E+00   0.000000000000000E+00
   0.833333333333290E-01   0.336787657027240E+00   0.000000000000000E+00
   0.833333333333290E-01   0.433012701892166E+00   0.000000000000000E+00
   0.833333333333290E-01   0.529237746757092E+00   0.000000000000000E+00
   0.166666666666658E+00   0.288675134594777E+00   0.000000000000000E+00
   0.166666666666658E+00   0.384900179459703E+00   0.000000000000000E+00
   0.166666666666658E+00   0.481125224324629E+00   0.000000000000000E+00
   0.166666666666658E+00   0.577350269189555E+00   0.000000000000000E+00
   0.249999999999987E+00   0.433012701892166E+00   0.000000000000000E+00
   0.249999999999987E+00   0.529237746757092E+00   0.000000000000000E+00
   0.333333333333316E+00   0.577350269189555E+00   0.000000000000000E+00
