Dynamical matrix file
NbS2                                                                       
  2    3   4   6.3305825   0.0000000   5.9701493   0.0000000   0.0000000   0.0000000
           1  'Nb  '    84678.6388502528     
           2  'S   '    29220.9024340635     
    1    1     -0.0000000001      0.5773502692      2.9850746269
    2    2      0.5000000001      0.2886751346      2.5187955594
    3    2      0.5000000001      0.2886751346      3.4513536943

     Dynamical  Matrix in cartesian axes

     q = (    0.250000000   0.529237747   0.000000000 ) 

    1    1
  0.30043753   0.00000000    -0.00165975  -0.09107595     0.00000000   0.00000000
 -0.00165975   0.09107595     0.30057864   0.00000000     0.00000000   0.00000000
  0.00000000   0.00000000     0.00000000   0.00000000     0.20693272   0.00000000
    1    2
 -0.03119097   0.03158824     0.01909112   0.02087550     0.04553151   0.04530188
  0.01797825   0.01679322     0.01253488  -0.02830637    -0.05520263   0.07486288
  0.03043718   0.03145627    -0.03929171   0.05406274    -0.02804126   0.00756897
    1    3
 -0.03119097   0.03158824     0.01909112   0.02087550    -0.04553151  -0.04530188
  0.01797825   0.01679322     0.01253488  -0.02830637     0.05520263  -0.07486288
 -0.03043718  -0.03145627     0.03929171  -0.05406274    -0.02804126   0.00756897
    2    1
 -0.03119097  -0.03158824     0.01797825  -0.01679322     0.03043718  -0.03145627
  0.01909112  -0.02087550     0.01253488   0.02830637    -0.03929171  -0.05406274
  0.04553151  -0.04530188    -0.05520263  -0.07486288    -0.02804126  -0.00756897
    2    2
  0.16701186   0.00000000     0.00554257   0.00200271    -0.00155756   0.00072880
  0.00554257  -0.00200271     0.19189530   0.00000000     0.00351743   0.00032664
 -0.00155756  -0.00072880     0.00351743  -0.00032664     0.21953330   0.00000000
    2    3
 -0.00716515   0.00000000     0.00385296   0.02088353     0.00216089  -0.00379979
  0.00385296  -0.02088353     0.00622471   0.00000000    -0.00506326  -0.00323267
 -0.00216089  -0.00379979     0.00506326  -0.00323267    -0.04062962   0.00000000
    3    1
 -0.03119097  -0.03158824     0.01797825  -0.01679322    -0.03043718   0.03145627
  0.01909112  -0.02087550     0.01253488   0.02830637     0.03929171   0.05406274
 -0.04553151   0.04530188     0.05520263   0.07486288    -0.02804126  -0.00756897
    3    2
 -0.00716515   0.00000000     0.00385296   0.02088353    -0.00216089   0.00379979
  0.00385296  -0.02088353     0.00622471   0.00000000     0.00506326   0.00323267
  0.00216089   0.00379979    -0.00506326   0.00323267    -0.04062962   0.00000000
    3    3
  0.16701186   0.00000000     0.00554257   0.00200271     0.00155756  -0.00072880
  0.00554257  -0.00200271     0.19189530   0.00000000    -0.00351743  -0.00032664
  0.00155756   0.00072880    -0.00351743   0.00032664     0.21953330   0.00000000

     Dynamical  Matrix in cartesian axes

     q = (   -0.250000000  -0.529237747   0.000000000 ) 

    1    1
  0.30043753   0.00000000    -0.00165975   0.09107595     0.00000000   0.00000000
 -0.00165975  -0.09107595     0.30057864   0.00000000     0.00000000   0.00000000
  0.00000000   0.00000000     0.00000000   0.00000000     0.20693272   0.00000000
    1    2
 -0.03119097  -0.03158824     0.01909112  -0.02087550     0.04553151  -0.04530188
  0.01797825  -0.01679322     0.01253488   0.02830637    -0.05520263  -0.07486288
  0.03043718  -0.03145627    -0.03929171  -0.05406274    -0.02804126  -0.00756897
    1    3
 -0.03119097  -0.03158824     0.01909112  -0.02087550    -0.04553151   0.04530188
  0.01797825  -0.01679322     0.01253488   0.02830637     0.05520263   0.07486288
 -0.03043718   0.03145627     0.03929171   0.05406274    -0.02804126  -0.00756897
    2    1
 -0.03119097   0.03158824     0.01797825   0.01679322     0.03043718   0.03145627
  0.01909112   0.02087550     0.01253488  -0.02830637    -0.03929171   0.05406274
  0.04553151   0.04530188    -0.05520263   0.07486288    -0.02804126   0.00756897
    2    2
  0.16701186   0.00000000     0.00554257  -0.00200271    -0.00155756  -0.00072880
  0.00554257   0.00200271     0.19189530   0.00000000     0.00351743  -0.00032664
 -0.00155756   0.00072880     0.00351743   0.00032664     0.21953330   0.00000000
    2    3
 -0.00716515   0.00000000     0.00385296  -0.02088353     0.00216089   0.00379979
  0.00385296   0.02088353     0.00622471   0.00000000    -0.00506326   0.00323267
 -0.00216089   0.00379979     0.00506326   0.00323267    -0.04062962   0.00000000
    3    1
 -0.03119097   0.03158824     0.01797825   0.01679322    -0.03043718  -0.03145627
  0.01909112   0.02087550     0.01253488  -0.02830637     0.03929171  -0.05406274
 -0.04553151  -0.04530188     0.05520263  -0.07486288    -0.02804126   0.00756897
    3    2
 -0.00716515   0.00000000     0.00385296  -0.02088353    -0.00216089  -0.00379979
  0.00385296   0.02088353     0.00622471   0.00000000     0.00506326  -0.00323267
  0.00216089  -0.00379979    -0.00506326  -0.00323267    -0.04062962   0.00000000
    3    3
  0.16701186   0.00000000     0.00554257  -0.00200271     0.00155756   0.00072880
  0.00554257   0.00200271     0.19189530   0.00000000    -0.00351743   0.00032664
  0.00155756  -0.00072880    -0.00351743  -0.00032664     0.21953330   0.00000000

     Dynamical  Matrix in cartesian axes

     q = (   -0.250000000   0.529237747   0.000000000 ) 

    1    1
  0.30043753   0.00000000     0.00165975   0.09107595     0.00000000   0.00000000
  0.00165975  -0.09107595     0.30057864   0.00000000     0.00000000   0.00000000
  0.00000000   0.00000000     0.00000000   0.00000000     0.20693272   0.00000000
    1    2
 -0.03158824  -0.03119097     0.02087550  -0.01909112     0.04530188  -0.04553151
  0.01679322  -0.01797825     0.02830637   0.01253488    -0.07486288  -0.05520263
  0.03145627  -0.03043718    -0.05406274  -0.03929171    -0.00756897  -0.02804126
    1    3
 -0.03158824  -0.03119097     0.02087550  -0.01909112    -0.04530188   0.04553151
  0.01679322  -0.01797825     0.02830637   0.01253488     0.07486288   0.05520263
 -0.03145627   0.03043718     0.05406274   0.03929171    -0.00756897  -0.02804126
    2    1
 -0.03158824   0.03119097     0.01679322   0.01797825     0.03145627   0.03043718
  0.02087550   0.01909112     0.02830637  -0.01253488    -0.05406274   0.03929171
  0.04530188   0.04553151    -0.07486288   0.05520263    -0.00756897   0.02804126
    2    2
  0.16701186   0.00000000    -0.00554257  -0.00200271     0.00155756  -0.00072880
 -0.00554257   0.00200271     0.19189530   0.00000000     0.00351743   0.00032664
  0.00155756   0.00072880     0.00351743  -0.00032664     0.21953330   0.00000000
    2    3
 -0.00716515   0.00000000    -0.00385296  -0.02088353    -0.00216089   0.00379979
 -0.00385296   0.02088353     0.00622471   0.00000000    -0.00506326  -0.00323267
  0.00216089   0.00379979     0.00506326  -0.00323267    -0.04062962   0.00000000
    3    1
 -0.03158824   0.03119097     0.01679322   0.01797825    -0.03145627  -0.03043718
  0.02087550   0.01909112     0.02830637  -0.01253488     0.05406274  -0.03929171
 -0.04530188  -0.04553151     0.07486288  -0.05520263    -0.00756897   0.02804126
    3    2
 -0.00716515   0.00000000    -0.00385296  -0.02088353     0.00216089  -0.00379979
 -0.00385296   0.02088353     0.00622471   0.00000000     0.00506326   0.00323267
 -0.00216089  -0.00379979    -0.00506326   0.00323267    -0.04062962   0.00000000
    3    3
  0.16701186   0.00000000    -0.00554257  -0.00200271    -0.00155756   0.00072880
 -0.00554257   0.00200271     0.19189530   0.00000000    -0.00351743  -0.00032664
 -0.00155756  -0.00072880    -0.00351743   0.00032664     0.21953330   0.00000000

     Dynamical  Matrix in cartesian axes

     q = (    0.250000000  -0.529237747   0.000000000 ) 

    1    1
  0.30043753   0.00000000     0.00165975  -0.09107595     0.00000000   0.00000000
  0.00165975   0.09107595     0.30057864   0.00000000     0.00000000   0.00000000
  0.00000000   0.00000000     0.00000000   0.00000000     0.20693272   0.00000000
    1    2
 -0.03158824   0.03119097     0.02087550   0.01909112     0.04530188   0.04553151
  0.01679322   0.01797825     0.02830637  -0.01253488    -0.07486288   0.05520263
  0.03145627   0.03043718    -0.05406274   0.03929171    -0.00756897   0.02804126
    1    3
 -0.03158824   0.03119097     0.02087550   0.01909112    -0.04530188  -0.04553151
  0.01679322   0.01797825     0.02830637  -0.01253488     0.07486288  -0.05520263
 -0.03145627  -0.03043718     0.05406274  -0.03929171    -0.00756897   0.02804126
    2    1
 -0.03158824  -0.03119097     0.01679322  -0.01797825     0.03145627  -0.03043718
  0.02087550  -0.01909112     0.02830637   0.01253488    -0.05406274  -0.03929171
  0.04530188  -0.04553151    -0.07486288  -0.05520263    -0.00756897  -0.02804126
    2    2
  0.16701186   0.00000000    -0.00554257   0.00200271     0.00155756   0.00072880
 -0.00554257  -0.00200271     0.19189530   0.00000000     0.00351743  -0.00032664
  0.00155756  -0.00072880     0.00351743   0.00032664     0.21953330   0.00000000
    2    3
 -0.00716515   0.00000000    -0.00385296   0.02088353    -0.00216089  -0.00379979
 -0.00385296  -0.02088353     0.00622471   0.00000000    -0.00506326   0.00323267
  0.00216089  -0.00379979     0.00506326   0.00323267    -0.04062962   0.00000000
    3    1
 -0.03158824  -0.03119097     0.01679322  -0.01797825    -0.03145627   0.03043718
  0.02087550  -0.01909112     0.02830637   0.01253488     0.05406274   0.03929171
 -0.04530188   0.04553151     0.07486288   0.05520263    -0.00756897  -0.02804126
    3    2
 -0.00716515   0.00000000    -0.00385296   0.02088353     0.00216089   0.00379979
 -0.00385296  -0.02088353     0.00622471   0.00000000     0.00506326  -0.00323267
 -0.00216089   0.00379979    -0.00506326  -0.00323267    -0.04062962   0.00000000
    3    3
  0.16701186   0.00000000    -0.00554257   0.00200271    -0.00155756  -0.00072880
 -0.00554257  -0.00200271     0.19189530   0.00000000    -0.00351743   0.00032664
 -0.00155756   0.00072880    -0.00351743  -0.00032664     0.21953330   0.00000000

     Dynamical  Matrix in cartesian axes

     q = (    0.333333333  -0.481125224   0.000000000 ) 

    1    1
  0.30198076   0.00000000     0.00076877  -0.09107595     0.00000000   0.00000000
  0.00076877   0.09107595     0.29903542   0.00000000     0.00000000   0.00000000
  0.00000000   0.00000000     0.00000000   0.00000000     0.20693272   0.00000000
    1    2
 -0.01844820   0.02733429     0.02989502   0.01466152     0.07181719   0.04002658
  0.02691610   0.01766643     0.03061843  -0.01281858    -0.06047792   0.04857721
  0.05154920   0.02710268    -0.04364530   0.03295072     0.02057555   0.02049996
    1    3
 -0.01844820   0.02733429     0.02989502   0.01466152    -0.07181719  -0.04002658
  0.02691610   0.01766643     0.03061843  -0.01281858     0.06047792  -0.04857721
 -0.05154920  -0.02710268     0.04364530  -0.03295072     0.02057555   0.02049996
    2    1
 -0.01844820  -0.02733429     0.02691610  -0.01766643     0.05154920  -0.02710268
  0.02989502  -0.01466152     0.03061843   0.01281858    -0.04364530  -0.03295072
  0.07181719  -0.04002658    -0.06047792  -0.04857721     0.02057555  -0.02049996
    2    2
  0.18087443   0.00000000    -0.01354613   0.00200271     0.00382496  -0.00008153
 -0.01354613  -0.00200271     0.17803272   0.00000000    -0.00040983  -0.00079448
  0.00382496   0.00008153    -0.00040983   0.00079448     0.21953330   0.00000000
    2    3
 -0.00045951   0.00000000    -0.00772446   0.02088353    -0.00546536  -0.00089968
 -0.00772446  -0.02088353    -0.00048092   0.00000000     0.00066024   0.00490705
  0.00546536  -0.00089968    -0.00066024   0.00490705    -0.04062962   0.00000000
    3    1
 -0.01844820  -0.02733429     0.02691610  -0.01766643    -0.05154920   0.02710268
  0.02989502  -0.01466152     0.03061843   0.01281858     0.04364530   0.03295072
 -0.07181719   0.04002658     0.06047792   0.04857721     0.02057555  -0.02049996
    3    2
 -0.00045951   0.00000000    -0.00772446   0.02088353     0.00546536   0.00089968
 -0.00772446  -0.02088353    -0.00048092   0.00000000    -0.00066024  -0.00490705
 -0.00546536   0.00089968     0.00066024  -0.00490705    -0.04062962   0.00000000
    3    3
  0.18087443   0.00000000    -0.01354613   0.00200271    -0.00382496   0.00008153
 -0.01354613  -0.00200271     0.17803272   0.00000000     0.00040983   0.00079448
 -0.00382496  -0.00008153     0.00040983  -0.00079448     0.21953330   0.00000000

     Dynamical  Matrix in cartesian axes

     q = (   -0.333333333   0.481125224   0.000000000 ) 

    1    1
  0.30198076   0.00000000     0.00076877   0.09107595     0.00000000   0.00000000
  0.00076877  -0.09107595     0.29903542   0.00000000     0.00000000   0.00000000
  0.00000000   0.00000000     0.00000000   0.00000000     0.20693272   0.00000000
    1    2
 -0.01844820  -0.02733429     0.02989502  -0.01466152     0.07181719  -0.04002658
  0.02691610  -0.01766643     0.03061843   0.01281858    -0.06047792  -0.04857721
  0.05154920  -0.02710268    -0.04364530  -0.03295072     0.02057555  -0.02049996
    1    3
 -0.01844820  -0.02733429     0.02989502  -0.01466152    -0.07181719   0.04002658
  0.02691610  -0.01766643     0.03061843   0.01281858     0.06047792   0.04857721
 -0.05154920   0.02710268     0.04364530   0.03295072     0.02057555  -0.02049996
    2    1
 -0.01844820   0.02733429     0.02691610   0.01766643     0.05154920   0.02710268
  0.02989502   0.01466152     0.03061843  -0.01281858    -0.04364530   0.03295072
  0.07181719   0.04002658    -0.06047792   0.04857721     0.02057555   0.02049996
    2    2
  0.18087443   0.00000000    -0.01354613  -0.00200271     0.00382496   0.00008153
 -0.01354613   0.00200271     0.17803272   0.00000000    -0.00040983   0.00079448
  0.00382496  -0.00008153    -0.00040983  -0.00079448     0.21953330   0.00000000
    2    3
 -0.00045951   0.00000000    -0.00772446  -0.02088353    -0.00546536   0.00089968
 -0.00772446   0.02088353    -0.00048092   0.00000000     0.00066024  -0.00490705
  0.00546536   0.00089968    -0.00066024  -0.00490705    -0.04062962   0.00000000
    3    1
 -0.01844820   0.02733429     0.02691610   0.01766643    -0.05154920  -0.02710268
  0.02989502   0.01466152     0.03061843  -0.01281858     0.04364530  -0.03295072
 -0.07181719  -0.04002658     0.06047792  -0.04857721     0.02057555   0.02049996
    3    2
 -0.00045951   0.00000000    -0.00772446  -0.02088353     0.00546536  -0.00089968
 -0.00772446   0.02088353    -0.00048092   0.00000000    -0.00066024   0.00490705
 -0.00546536  -0.00089968     0.00066024   0.00490705    -0.04062962   0.00000000
    3    3
  0.18087443   0.00000000    -0.01354613  -0.00200271    -0.00382496  -0.00008153
 -0.01354613   0.00200271     0.17803272   0.00000000     0.00040983  -0.00079448
 -0.00382496   0.00008153     0.00040983   0.00079448     0.21953330   0.00000000

     Dynamical  Matrix in cartesian axes

     q = (   -0.583333333  -0.048112522   0.000000000 ) 

    1    1
  0.29910598   0.00000000     0.00089098  -0.09107595     0.00000000   0.00000000
  0.00089098   0.09107595     0.30191020   0.00000000     0.00000000   0.00000000
  0.00000000   0.00000000     0.00000000   0.00000000     0.20693272   0.00000000
    1    2
 -0.00297832   0.01765493     0.03331117   0.01022294     0.08748410   0.02504112
  0.03739344   0.00911007    -0.00030356  -0.03631101    -0.00180114   0.06703276
  0.06254784   0.01880903    -0.00021056   0.04600522    -0.00756897  -0.02804126
    1    3
 -0.00297832   0.01765493     0.03331117   0.01022294    -0.08748410  -0.02504112
  0.03739344   0.00911007    -0.00030356  -0.03631101     0.00180114  -0.06703276
 -0.06254784  -0.01880903     0.00021056  -0.04600522    -0.00756897  -0.02804126
    2    1
 -0.00297832  -0.01765493     0.03739344  -0.00911007     0.06254784  -0.01880903
  0.03331117  -0.01022294    -0.00030356   0.03631101    -0.00021056  -0.04600522
  0.08748410  -0.02504112    -0.00180114  -0.06703276    -0.00756897   0.02804126
    2    2
  0.19047444   0.00000000     0.00800356   0.00200271    -0.00226740  -0.00064727
  0.00800356  -0.00200271     0.16843272   0.00000000    -0.00310760   0.00046784
 -0.00226740   0.00064727    -0.00310760  -0.00046784     0.21953330   0.00000000
    2    3
  0.00621400   0.00000000     0.00387150   0.02088353     0.00330447   0.00469947
  0.00387150  -0.02088353    -0.00715444   0.00000000     0.00440302  -0.00167438
 -0.00330447   0.00469947    -0.00440302  -0.00167438    -0.04062962   0.00000000
    3    1
 -0.00297832  -0.01765493     0.03739344  -0.00911007    -0.06254784   0.01880903
  0.03331117  -0.01022294    -0.00030356   0.03631101     0.00021056   0.04600522
 -0.08748410   0.02504112     0.00180114   0.06703276    -0.00756897   0.02804126
    3    2
  0.00621400   0.00000000     0.00387150   0.02088353    -0.00330447  -0.00469947
  0.00387150  -0.02088353    -0.00715444   0.00000000    -0.00440302   0.00167438
  0.00330447  -0.00469947     0.00440302   0.00167438    -0.04062962   0.00000000
    3    3
  0.19047444   0.00000000     0.00800356   0.00200271     0.00226740   0.00064727
  0.00800356  -0.00200271     0.16843272   0.00000000     0.00310760  -0.00046784
  0.00226740  -0.00064727     0.00310760   0.00046784     0.21953330   0.00000000

     Dynamical  Matrix in cartesian axes

     q = (    0.583333333   0.048112522   0.000000000 ) 

    1    1
  0.29910598   0.00000000     0.00089098   0.09107595     0.00000000   0.00000000
  0.00089098  -0.09107595     0.30191020   0.00000000     0.00000000   0.00000000
  0.00000000   0.00000000     0.00000000   0.00000000     0.20693272   0.00000000
    1    2
 -0.00297832  -0.01765493     0.03331117  -0.01022294     0.08748410  -0.02504112
  0.03739344  -0.00911007    -0.00030356   0.03631101    -0.00180114  -0.06703276
  0.06254784  -0.01880903    -0.00021056  -0.04600522    -0.00756897   0.02804126
    1    3
 -0.00297832  -0.01765493     0.03331117  -0.01022294    -0.08748410   0.02504112
  0.03739344  -0.00911007    -0.00030356   0.03631101     0.00180114   0.06703276
 -0.06254784   0.01880903     0.00021056   0.04600522    -0.00756897   0.02804126
    2    1
 -0.00297832   0.01765493     0.03739344   0.00911007     0.06254784   0.01880903
  0.03331117   0.01022294    -0.00030356  -0.03631101    -0.00021056   0.04600522
  0.08748410   0.02504112    -0.00180114   0.06703276    -0.00756897  -0.02804126
    2    2
  0.19047444   0.00000000     0.00800356  -0.00200271    -0.00226740   0.00064727
  0.00800356   0.00200271     0.16843272   0.00000000    -0.00310760  -0.00046784
 -0.00226740  -0.00064727    -0.00310760   0.00046784     0.21953330   0.00000000
    2    3
  0.00621400   0.00000000     0.00387150  -0.02088353     0.00330447  -0.00469947
  0.00387150   0.02088353    -0.00715444   0.00000000     0.00440302   0.00167438
 -0.00330447  -0.00469947    -0.00440302   0.00167438    -0.04062962   0.00000000
    3    1
 -0.00297832   0.01765493     0.03739344   0.00911007    -0.06254784  -0.01880903
  0.03331117   0.01022294    -0.00030356  -0.03631101     0.00021056  -0.04600522
 -0.08748410  -0.02504112     0.00180114  -0.06703276    -0.00756897  -0.02804126
    3    2
  0.00621400   0.00000000     0.00387150  -0.02088353    -0.00330447   0.00469947
  0.00387150   0.02088353    -0.00715444   0.00000000    -0.00440302  -0.00167438
  0.00330447   0.00469947     0.00440302  -0.00167438    -0.04062962   0.00000000
    3    3
  0.19047444   0.00000000     0.00800356  -0.00200271     0.00226740  -0.00064727
  0.00800356   0.00200271     0.16843272   0.00000000     0.00310760   0.00046784
  0.00226740   0.00064727     0.00310760  -0.00046784     0.21953330   0.00000000

     Dynamical  Matrix in cartesian axes

     q = (   -0.333333333  -0.481125224   0.000000000 ) 

    1    1
  0.30198076   0.00000000    -0.00076877   0.09107595     0.00000000   0.00000000
 -0.00076877  -0.09107595     0.29903542   0.00000000     0.00000000   0.00000000
  0.00000000   0.00000000     0.00000000   0.00000000     0.20693272   0.00000000
    1    2
 -0.01444809  -0.02964375     0.02764475  -0.01855908     0.07057263  -0.04218222
  0.02875763  -0.01447681    -0.00420800   0.03292562    -0.01183013  -0.07666402
  0.04924621  -0.03109157    -0.00671351  -0.05427330    -0.02804126   0.00756897
    1    3
 -0.01444809  -0.02964375     0.02764475  -0.01855908    -0.07057263   0.04218222
  0.02875763  -0.01447681    -0.00420800   0.03292562     0.01183013   0.07666402
 -0.04924621   0.03109157     0.00671351   0.05427330    -0.02804126   0.00756897
    2    1
 -0.01444809   0.02964375     0.02875763   0.01447681     0.04924621   0.03109157
  0.02764475   0.01855908    -0.00420800  -0.03292562    -0.00671351   0.05427330
  0.07057263   0.04218222    -0.01183013   0.07666402    -0.02804126  -0.00756897
    2    2
  0.18087443   0.00000000     0.01354613  -0.00200271    -0.00382496   0.00008153
  0.01354613   0.00200271     0.17803272   0.00000000    -0.00040983  -0.00079448
 -0.00382496  -0.00008153    -0.00040983   0.00079448     0.21953330   0.00000000
    2    3
 -0.00045951   0.00000000     0.00772446  -0.02088353     0.00546536   0.00089968
  0.00772446   0.02088353    -0.00048092   0.00000000     0.00066024   0.00490705
 -0.00546536   0.00089968    -0.00066024   0.00490705    -0.04062962   0.00000000
    3    1
 -0.01444809   0.02964375     0.02875763   0.01447681    -0.04924621  -0.03109157
  0.02764475   0.01855908    -0.00420800  -0.03292562     0.00671351  -0.05427330
 -0.07057263  -0.04218222     0.01183013  -0.07666402    -0.02804126  -0.00756897
    3    2
 -0.00045951   0.00000000     0.00772446  -0.02088353    -0.00546536  -0.00089968
  0.00772446   0.02088353    -0.00048092   0.00000000    -0.00066024  -0.00490705
  0.00546536  -0.00089968     0.00066024  -0.00490705    -0.04062962   0.00000000
    3    3
  0.18087443   0.00000000     0.01354613  -0.00200271     0.00382496  -0.00008153
  0.01354613   0.00200271     0.17803272   0.00000000     0.00040983   0.00079448
  0.00382496   0.00008153     0.00040983  -0.00079448     0.21953330   0.00000000

     Dynamical  Matrix in cartesian axes

     q = (    0.333333333   0.481125224   0.000000000 ) 

    1    1
  0.30198076   0.00000000    -0.00076877  -0.09107595     0.00000000   0.00000000
 -0.00076877   0.09107595     0.29903542   0.00000000     0.00000000   0.00000000
  0.00000000   0.00000000     0.00000000   0.00000000     0.20693272   0.00000000
    1    2
 -0.01444809   0.02964375     0.02764475   0.01855908     0.07057263   0.04218222
  0.02875763   0.01447681    -0.00420800  -0.03292562    -0.01183013   0.07666402
  0.04924621   0.03109157    -0.00671351   0.05427330    -0.02804126  -0.00756897
    1    3
 -0.01444809   0.02964375     0.02764475   0.01855908    -0.07057263  -0.04218222
  0.02875763   0.01447681    -0.00420800  -0.03292562     0.01183013  -0.07666402
 -0.04924621  -0.03109157     0.00671351  -0.05427330    -0.02804126  -0.00756897
    2    1
 -0.01444809  -0.02964375     0.02875763  -0.01447681     0.04924621  -0.03109157
  0.02764475  -0.01855908    -0.00420800   0.03292562    -0.00671351  -0.05427330
  0.07057263  -0.04218222    -0.01183013  -0.07666402    -0.02804126   0.00756897
    2    2
  0.18087443   0.00000000     0.01354613   0.00200271    -0.00382496  -0.00008153
  0.01354613  -0.00200271     0.17803272   0.00000000    -0.00040983   0.00079448
 -0.00382496   0.00008153    -0.00040983  -0.00079448     0.21953330   0.00000000
    2    3
 -0.00045951   0.00000000     0.00772446   0.02088353     0.00546536  -0.00089968
  0.00772446  -0.02088353    -0.00048092   0.00000000     0.00066024  -0.00490705
 -0.00546536  -0.00089968    -0.00066024  -0.00490705    -0.04062962   0.00000000
    3    1
 -0.01444809  -0.02964375     0.02875763  -0.01447681    -0.04924621   0.03109157
  0.02764475  -0.01855908    -0.00420800   0.03292562     0.00671351   0.05427330
 -0.07057263   0.04218222     0.01183013   0.07666402    -0.02804126   0.00756897
    3    2
 -0.00045951   0.00000000     0.00772446   0.02088353    -0.00546536   0.00089968
  0.00772446  -0.02088353    -0.00048092   0.00000000    -0.00066024   0.00490705
  0.00546536   0.00089968     0.00066024   0.00490705    -0.04062962   0.00000000
    3    3
  0.18087443   0.00000000     0.01354613   0.00200271     0.00382496   0.00008153
  0.01354613  -0.00200271     0.17803272   0.00000000     0.00040983  -0.00079448
  0.00382496  -0.00008153     0.00040983   0.00079448     0.21953330   0.00000000

     Dynamical  Matrix in cartesian axes

     q = (    0.583333333  -0.048112522   0.000000000 ) 

    1    1
  0.29910598   0.00000000    -0.00089098   0.09107595     0.00000000   0.00000000
 -0.00089098  -0.09107595     0.30191020   0.00000000     0.00000000   0.00000000
  0.00000000   0.00000000     0.00000000   0.00000000     0.20693272   0.00000000
    1    2
 -0.00624817  -0.01677878     0.03395979  -0.00780226     0.08828401  -0.02205580
  0.03693871  -0.01080717     0.01841839   0.03129448    -0.03195655  -0.05895264
  0.06357253  -0.01498482    -0.02282027  -0.03994697     0.02057555   0.02049996
    1    3
 -0.00624817  -0.01677878     0.03395979  -0.00780226    -0.08828401   0.02205580
  0.03693871  -0.01080717     0.01841839   0.03129448     0.03195655   0.05895264
 -0.06357253   0.01498482     0.02282027   0.03994697     0.02057555   0.02049996
    2    1
 -0.00624817   0.01677878     0.03693871   0.01080717     0.06357253   0.01498482
  0.03395979   0.00780226     0.01841839  -0.03129448    -0.02282027   0.03994697
  0.08828401   0.02205580    -0.03195655   0.05895264     0.02057555  -0.02049996
    2    2
  0.19047444   0.00000000    -0.00800356  -0.00200271     0.00226740   0.00064727
 -0.00800356   0.00200271     0.16843272   0.00000000    -0.00310760   0.00046784
  0.00226740  -0.00064727    -0.00310760  -0.00046784     0.21953330   0.00000000
    2    3
  0.00621400   0.00000000    -0.00387150  -0.02088353    -0.00330447  -0.00469947
 -0.00387150   0.02088353    -0.00715444   0.00000000     0.00440302  -0.00167438
  0.00330447  -0.00469947    -0.00440302  -0.00167438    -0.04062962   0.00000000
    3    1
 -0.00624817   0.01677878     0.03693871   0.01080717    -0.06357253  -0.01498482
  0.03395979   0.00780226     0.01841839  -0.03129448     0.02282027  -0.03994697
 -0.08828401  -0.02205580     0.03195655  -0.05895264     0.02057555  -0.02049996
    3    2
  0.00621400   0.00000000    -0.00387150  -0.02088353     0.00330447   0.00469947
 -0.00387150   0.02088353    -0.00715444   0.00000000    -0.00440302   0.00167438
 -0.00330447   0.00469947     0.00440302   0.00167438    -0.04062962   0.00000000
    3    3
  0.19047444   0.00000000    -0.00800356  -0.00200271    -0.00226740  -0.00064727
 -0.00800356   0.00200271     0.16843272   0.00000000     0.00310760  -0.00046784
 -0.00226740   0.00064727     0.00310760   0.00046784     0.21953330   0.00000000

     Dynamical  Matrix in cartesian axes

     q = (   -0.583333333   0.048112522   0.000000000 ) 

    1    1
  0.29910598   0.00000000    -0.00089098  -0.09107595     0.00000000   0.00000000
 -0.00089098   0.09107595     0.30191020   0.00000000     0.00000000   0.00000000
  0.00000000   0.00000000     0.00000000   0.00000000     0.20693272   0.00000000
    1    2
 -0.00624817   0.01677878     0.03395979   0.00780226     0.08828401   0.02205580
  0.03693871   0.01080717     0.01841839  -0.03129448    -0.03195655   0.05895264
  0.06357253   0.01498482    -0.02282027   0.03994697     0.02057555  -0.02049996
    1    3
 -0.00624817   0.01677878     0.03395979   0.00780226    -0.08828401  -0.02205580
  0.03693871   0.01080717     0.01841839  -0.03129448     0.03195655  -0.05895264
 -0.06357253  -0.01498482     0.02282027  -0.03994697     0.02057555  -0.02049996
    2    1
 -0.00624817  -0.01677878     0.03693871  -0.01080717     0.06357253  -0.01498482
  0.03395979  -0.00780226     0.01841839   0.03129448    -0.02282027  -0.03994697
  0.08828401  -0.02205580    -0.03195655  -0.05895264     0.02057555   0.02049996
    2    2
  0.19047444   0.00000000    -0.00800356   0.00200271     0.00226740  -0.00064727
 -0.00800356  -0.00200271     0.16843272   0.00000000    -0.00310760  -0.00046784
  0.00226740   0.00064727    -0.00310760   0.00046784     0.21953330   0.00000000
    2    3
  0.00621400   0.00000000    -0.00387150   0.02088353    -0.00330447   0.00469947
 -0.00387150  -0.02088353    -0.00715444   0.00000000     0.00440302   0.00167438
  0.00330447   0.00469947    -0.00440302   0.00167438    -0.04062962   0.00000000
    3    1
 -0.00624817  -0.01677878     0.03693871  -0.01080717    -0.06357253   0.01498482
  0.03395979  -0.00780226     0.01841839   0.03129448     0.02282027   0.03994697
 -0.08828401   0.02205580     0.03195655   0.05895264     0.02057555   0.02049996
    3    2
  0.00621400   0.00000000    -0.00387150   0.02088353     0.00330447  -0.00469947
 -0.00387150  -0.02088353    -0.00715444   0.00000000    -0.00440302  -0.00167438
 -0.00330447  -0.00469947     0.00440302  -0.00167438    -0.04062962   0.00000000
    3    3
  0.19047444   0.00000000    -0.00800356   0.00200271    -0.00226740   0.00064727
 -0.00800356  -0.00200271     0.16843272   0.00000000     0.00310760   0.00046784
 -0.00226740  -0.00064727     0.00310760  -0.00046784     0.21953330   0.00000000

     Diagonalizing the dynamical matrix

     q = (    0.250000000   0.529237747   0.000000000 ) 

 **************************************************************************
     freq (    1) =       3.501656 [THz] =     116.802681 [cm-1]
 ( -0.000000 -0.000000 -0.000000  0.000000 -0.709778  0.185550 ) 
 (  0.145544 -0.236721 -0.281066 -0.222150 -0.159139 -0.000000 ) 
 ( -0.145544  0.236721  0.281066  0.222150 -0.159139  0.000000 ) 
     freq (    2) =       4.033455 [THz] =     134.541584 [cm-1]
 ( -0.482997 -0.116662 -0.172291  0.543073  0.000000 -0.000000 ) 
 ( -0.188000 -0.312182  0.253286 -0.069774 -0.111454 -0.000000 ) 
 ( -0.188000 -0.312182  0.253286 -0.069774  0.111454  0.000000 ) 
     freq (    3) =       5.579288 [THz] =     186.105003 [cm-1]
 (  0.419329  0.327745 -0.323424  0.361725 -0.000000  0.000000 ) 
 (  0.032089  0.173156 -0.008194  0.068690 -0.452605 -0.000000 ) 
 (  0.032089  0.173156 -0.008194  0.068690  0.452605  0.000000 ) 
     freq (    4) =       8.025045 [THz] =     267.686696 [cm-1]
 ( -0.228924 -0.088807 -0.051885  0.128200 -0.000000  0.000000 ) 
 (  0.319522  0.552156 -0.223154 -0.049948  0.032044 -0.000000 ) 
 (  0.319522  0.552156 -0.223154 -0.049948 -0.032044  0.000000 ) 
     freq (    5) =       8.115268 [THz] =     270.696190 [cm-1]
 (  0.000000 -0.000000 -0.000000 -0.000000 -0.067747  0.004383 ) 
 ( -0.311161  0.241559  0.168382  0.044870 -0.558711  0.000000 ) 
 (  0.311161 -0.241559 -0.168382 -0.044870 -0.558711  0.000000 ) 
     freq (    6) =       8.359207 [THz] =     278.833130 [cm-1]
 (  0.000000 -0.000000 -0.000000  0.000000  0.173236 -0.007099 ) 
 (  0.461407 -0.307847  0.011411  0.098482 -0.409236  0.000000 ) 
 ( -0.461407  0.307847 -0.011411 -0.098482 -0.409236  0.000000 ) 
     freq (    7) =       8.831764 [THz] =     294.595933 [cm-1]
 (  0.000000 -0.000000 -0.000000  0.000000 -0.196910  0.106837 ) 
 (  0.132732 -0.030112  0.564984  0.340183  0.146461  0.000000 ) 
 ( -0.132732  0.030112 -0.564984 -0.340183  0.146461  0.000000 ) 
     freq (    8) =       8.889063 [THz] =     296.507230 [cm-1]
 (  0.050949  0.026190 -0.064456 -0.056333  0.000000  0.000000 ) 
 (  0.247064 -0.084015  0.168749 -0.630764 -0.016033 -0.000000 ) 
 (  0.247064 -0.084015  0.168749 -0.630764  0.016033  0.000000 ) 
     freq (    9) =      10.721541 [THz] =     357.632105 [cm-1]
 ( -0.133211 -0.123534  0.142819 -0.185271 -0.000000  0.000000 ) 
 (  0.013404 -0.010565 -0.035536 -0.005907 -0.674201 -0.000000 ) 
 (  0.013404 -0.010565 -0.035536 -0.005907  0.674201  0.000000 ) 
 **************************************************************************
