Dynamical matrix file
NbS2                                                                       
  2    3   4   6.3305825   0.0000000   5.9701493   0.0000000   0.0000000   0.0000000
           1  'Nb  '    84678.6388502528     
           2  'S   '    29220.9024340635     
    1    1     -0.0000000001      0.5773502692      2.9850746269
    2    2      0.5000000001      0.2886751346      2.5187955594
    3    2      0.5000000001      0.2886751346      3.4513536943

     Dynamical  Matrix in cartesian axes

     q = (    0.083333333   0.529237747   0.000000000 ) 

    1    1
  0.22154389   0.00000000    -0.00050138  -0.04282650     0.00000000   0.00000000
 -0.00050138   0.04282650     0.21939382   0.00000000     0.00000000   0.00000000
  0.00000000   0.00000000     0.00000000   0.00000000     0.22939346   0.00000000
    1    2
 -0.04297045   0.01097015     0.00155373   0.00973940     0.00679644   0.02108609
  0.00133176   0.00464982     0.02699107  -0.01788144    -0.11036549   0.04367188
  0.00340514   0.01298429    -0.08034714   0.03120959    -0.05855659   0.00019880
    1    3
 -0.04297045   0.01097015     0.00155373   0.00973940    -0.00679644  -0.02108609
  0.00133176   0.00464982     0.02699107  -0.01788144     0.11036549  -0.04367188
 -0.00340514  -0.01298429     0.08034714  -0.03120959    -0.05855659   0.00019880
    2    1
 -0.04297045  -0.01097015     0.00133176  -0.00464982     0.00340514  -0.01298429
  0.00155373  -0.00973940     0.02699107   0.01788144    -0.08034714  -0.03120959
  0.00679644  -0.02108609    -0.11036549  -0.04367188    -0.05855659  -0.00019880
    2    2
  0.13407390   0.00000000     0.00200191   0.00140489    -0.00066284   0.00070650
  0.00200191  -0.00140489     0.20513336   0.00000000     0.01061440   0.00034832
 -0.00066284  -0.00070650     0.01061440  -0.00034832     0.22046561   0.00000000
    2    3
 -0.02338304   0.00000000     0.00176867   0.01036547     0.00071347  -0.00349649
  0.00176867  -0.01036547     0.01136368   0.00000000    -0.01382370  -0.00419294
 -0.00071347  -0.00349649     0.01382370  -0.00419294    -0.03898913   0.00000000
    3    1
 -0.04297045  -0.01097015     0.00133176  -0.00464982    -0.00340514   0.01298429
  0.00155373  -0.00973940     0.02699107   0.01788144     0.08034714   0.03120959
 -0.00679644   0.02108609     0.11036549   0.04367188    -0.05855659  -0.00019880
    3    2
 -0.02338304   0.00000000     0.00176867   0.01036547    -0.00071347   0.00349649
  0.00176867  -0.01036547     0.01136368   0.00000000     0.01382370   0.00419294
  0.00071347   0.00349649    -0.01382370   0.00419294    -0.03898913   0.00000000
    3    3
  0.13407390   0.00000000     0.00200191   0.00140489     0.00066284  -0.00070650
  0.00200191  -0.00140489     0.20513336   0.00000000    -0.01061440  -0.00034832
  0.00066284   0.00070650    -0.01061440   0.00034832     0.22046561   0.00000000

     Dynamical  Matrix in cartesian axes

     q = (   -0.083333333  -0.529237747   0.000000000 ) 

    1    1
  0.22154389   0.00000000    -0.00050138   0.04282650     0.00000000   0.00000000
 -0.00050138  -0.04282650     0.21939382   0.00000000     0.00000000   0.00000000
  0.00000000   0.00000000     0.00000000   0.00000000     0.22939346   0.00000000
    1    2
 -0.04297045  -0.01097015     0.00155373  -0.00973940     0.00679644  -0.02108609
  0.00133176  -0.00464982     0.02699107   0.01788144    -0.11036549  -0.04367188
  0.00340514  -0.01298429    -0.08034714  -0.03120959    -0.05855659  -0.00019880
    1    3
 -0.04297045  -0.01097015     0.00155373  -0.00973940    -0.00679644   0.02108609
  0.00133176  -0.00464982     0.02699107   0.01788144     0.11036549   0.04367188
 -0.00340514   0.01298429     0.08034714   0.03120959    -0.05855659  -0.00019880
    2    1
 -0.04297045   0.01097015     0.00133176   0.00464982     0.00340514   0.01298429
  0.00155373   0.00973940     0.02699107  -0.01788144    -0.08034714   0.03120959
  0.00679644   0.02108609    -0.11036549   0.04367188    -0.05855659   0.00019880
    2    2
  0.13407390   0.00000000     0.00200191  -0.00140489    -0.00066284  -0.00070650
  0.00200191   0.00140489     0.20513336   0.00000000     0.01061440  -0.00034832
 -0.00066284   0.00070650     0.01061440   0.00034832     0.22046561   0.00000000
    2    3
 -0.02338304   0.00000000     0.00176867  -0.01036547     0.00071347   0.00349649
  0.00176867   0.01036547     0.01136368   0.00000000    -0.01382370   0.00419294
 -0.00071347   0.00349649     0.01382370   0.00419294    -0.03898913   0.00000000
    3    1
 -0.04297045   0.01097015     0.00133176   0.00464982    -0.00340514  -0.01298429
  0.00155373   0.00973940     0.02699107  -0.01788144     0.08034714  -0.03120959
 -0.00679644  -0.02108609     0.11036549  -0.04367188    -0.05855659   0.00019880
    3    2
 -0.02338304   0.00000000     0.00176867  -0.01036547    -0.00071347  -0.00349649
  0.00176867   0.01036547     0.01136368   0.00000000     0.01382370  -0.00419294
  0.00071347  -0.00349649    -0.01382370  -0.00419294    -0.03898913   0.00000000
    3    3
  0.13407390   0.00000000     0.00200191  -0.00140489     0.00066284   0.00070650
  0.00200191   0.00140489     0.20513336   0.00000000    -0.01061440   0.00034832
  0.00066284  -0.00070650    -0.01061440  -0.00034832     0.22046561   0.00000000

     Dynamical  Matrix in cartesian axes

     q = (   -0.083333333   0.529237747   0.000000000 ) 

    1    1
  0.22154389   0.00000000     0.00050138   0.04282650     0.00000000   0.00000000
  0.00050138  -0.04282650     0.21939382   0.00000000     0.00000000   0.00000000
  0.00000000   0.00000000     0.00000000   0.00000000     0.22939346   0.00000000
    1    2
 -0.04269857  -0.01198479     0.00352413  -0.00921143     0.00465716  -0.02165931
  0.00117157  -0.00469274     0.03231567  -0.00199025    -0.11741525  -0.01736179
  0.00354321  -0.01294730    -0.08518746  -0.01314527    -0.05081089  -0.02910613
    1    3
 -0.04269857  -0.01198479     0.00352413  -0.00921143    -0.00465716   0.02165931
  0.00117157  -0.00469274     0.03231567  -0.00199025     0.11741525   0.01736179
 -0.00354321   0.01294730     0.08518746   0.01314527    -0.05081089  -0.02910613
    2    1
 -0.04269857   0.01198479     0.00117157   0.00469274     0.00354321   0.01294730
  0.00352413   0.00921143     0.03231567   0.00199025    -0.08518746   0.01314527
  0.00465716   0.02165931    -0.11741525   0.01736179    -0.05081089   0.02910613
    2    2
  0.13407390   0.00000000    -0.00200191  -0.00140489     0.00066284  -0.00070650
 -0.00200191   0.00140489     0.20513336   0.00000000     0.01061440   0.00034832
  0.00066284   0.00070650     0.01061440  -0.00034832     0.22046561   0.00000000
    2    3
 -0.02338304   0.00000000    -0.00176867  -0.01036547    -0.00071347   0.00349649
 -0.00176867   0.01036547     0.01136368   0.00000000    -0.01382370  -0.00419294
  0.00071347   0.00349649     0.01382370  -0.00419294    -0.03898913   0.00000000
    3    1
 -0.04269857   0.01198479     0.00117157   0.00469274    -0.00354321  -0.01294730
  0.00352413   0.00921143     0.03231567   0.00199025     0.08518746  -0.01314527
 -0.00465716  -0.02165931     0.11741525  -0.01736179    -0.05081089   0.02910613
    3    2
 -0.02338304   0.00000000    -0.00176867  -0.01036547     0.00071347  -0.00349649
 -0.00176867   0.01036547     0.01136368   0.00000000     0.01382370   0.00419294
 -0.00071347  -0.00349649    -0.01382370   0.00419294    -0.03898913   0.00000000
    3    3
  0.13407390   0.00000000    -0.00200191  -0.00140489    -0.00066284   0.00070650
 -0.00200191   0.00140489     0.20513336   0.00000000    -0.01061440  -0.00034832
 -0.00066284  -0.00070650    -0.01061440   0.00034832     0.22046561   0.00000000

     Dynamical  Matrix in cartesian axes

     q = (    0.083333333  -0.529237747   0.000000000 ) 

    1    1
  0.22154389   0.00000000     0.00050138  -0.04282650     0.00000000   0.00000000
  0.00050138   0.04282650     0.21939382   0.00000000     0.00000000   0.00000000
  0.00000000   0.00000000     0.00000000   0.00000000     0.22939346   0.00000000
    1    2
 -0.04269857   0.01198479     0.00352413   0.00921143     0.00465716   0.02165931
  0.00117157   0.00469274     0.03231567   0.00199025    -0.11741525   0.01736179
  0.00354321   0.01294730    -0.08518746   0.01314527    -0.05081089   0.02910613
    1    3
 -0.04269857   0.01198479     0.00352413   0.00921143    -0.00465716  -0.02165931
  0.00117157   0.00469274     0.03231567   0.00199025     0.11741525  -0.01736179
 -0.00354321  -0.01294730     0.08518746  -0.01314527    -0.05081089   0.02910613
    2    1
 -0.04269857  -0.01198479     0.00117157  -0.00469274     0.00354321  -0.01294730
  0.00352413  -0.00921143     0.03231567  -0.00199025    -0.08518746  -0.01314527
  0.00465716  -0.02165931    -0.11741525  -0.01736179    -0.05081089  -0.02910613
    2    2
  0.13407390   0.00000000    -0.00200191   0.00140489     0.00066284   0.00070650
 -0.00200191  -0.00140489     0.20513336   0.00000000     0.01061440  -0.00034832
  0.00066284  -0.00070650     0.01061440   0.00034832     0.22046561   0.00000000
    2    3
 -0.02338304   0.00000000    -0.00176867   0.01036547    -0.00071347  -0.00349649
 -0.00176867  -0.01036547     0.01136368   0.00000000    -0.01382370   0.00419294
  0.00071347  -0.00349649     0.01382370   0.00419294    -0.03898913   0.00000000
    3    1
 -0.04269857  -0.01198479     0.00117157  -0.00469274    -0.00354321   0.01294730
  0.00352413  -0.00921143     0.03231567  -0.00199025     0.08518746   0.01314527
 -0.00465716   0.02165931     0.11741525   0.01736179    -0.05081089  -0.02910613
    3    2
 -0.02338304   0.00000000    -0.00176867   0.01036547     0.00071347   0.00349649
 -0.00176867  -0.01036547     0.01136368   0.00000000     0.01382370  -0.00419294
 -0.00071347   0.00349649    -0.01382370  -0.00419294    -0.03898913   0.00000000
    3    3
  0.13407390   0.00000000    -0.00200191   0.00140489    -0.00066284  -0.00070650
 -0.00200191  -0.00140489     0.20513336   0.00000000    -0.01061440   0.00034832
 -0.00066284   0.00070650    -0.01061440  -0.00034832     0.22046561   0.00000000

     Dynamical  Matrix in cartesian axes

     q = (    0.416666667  -0.336787657   0.000000000 ) 

    1    1
  0.22036554   0.00000000     0.00118170  -0.04282650     0.00000000   0.00000000
  0.00118170   0.04282650     0.22057217   0.00000000     0.00000000   0.00000000
  0.00000000   0.00000000     0.00000000   0.00000000     0.22939346   0.00000000
    1    2
 -0.01559541   0.01050957     0.03248448   0.00554446     0.09935601   0.02586540
  0.03013192   0.01006316     0.02597831   0.00346547    -0.06274084   0.01007662
  0.07200290   0.01785779    -0.04566224   0.00464005     0.05081089   0.02910613
    1    3
 -0.01559541   0.01050957     0.03248448   0.00554446    -0.09935601  -0.02586540
  0.03013192   0.01006316     0.02597831   0.00346547     0.06274084  -0.01007662
 -0.07200290  -0.01785779     0.04566224  -0.00464005     0.05081089   0.02910613
    2    1
 -0.01559541  -0.01050957     0.03013192  -0.01006316     0.07200290  -0.01785779
  0.03248448  -0.00554446     0.02597831  -0.00346547    -0.04566224  -0.00464005
  0.09935601  -0.02586540    -0.06274084  -0.01007662     0.05081089  -0.02910613
    2    2
  0.18563478   0.00000000    -0.03177060   0.00140489     0.00952376  -0.00005160
 -0.03177060  -0.00140489     0.15357247   0.00000000    -0.00473316  -0.00078601
  0.00952376   0.00005160    -0.00473316   0.00078601     0.22046561   0.00000000
    2    3
  0.00114529   0.00000000    -0.01593011   0.01036547    -0.01232841  -0.00188294
 -0.01593011  -0.01036547    -0.01316464   0.00000000     0.00629397   0.00512452
  0.01232841  -0.00188294    -0.00629397   0.00512452    -0.03898913   0.00000000
    3    1
 -0.01559541  -0.01050957     0.03013192  -0.01006316    -0.07200290   0.01785779
  0.03248448  -0.00554446     0.02597831  -0.00346547     0.04566224   0.00464005
 -0.09935601   0.02586540     0.06274084   0.01007662     0.05081089  -0.02910613
    3    2
  0.00114529   0.00000000    -0.01593011   0.01036547     0.01232841   0.00188294
 -0.01593011  -0.01036547    -0.01316464   0.00000000    -0.00629397  -0.00512452
 -0.01232841   0.00188294     0.00629397  -0.00512452    -0.03898913   0.00000000
    3    3
  0.18563478   0.00000000    -0.03177060   0.00140489    -0.00952376   0.00005160
 -0.03177060  -0.00140489     0.15357247   0.00000000     0.00473316   0.00078601
 -0.00952376  -0.00005160     0.00473316  -0.00078601     0.22046561   0.00000000

     Dynamical  Matrix in cartesian axes

     q = (   -0.416666667   0.336787657   0.000000000 ) 

    1    1
  0.22036554   0.00000000     0.00118170   0.04282650     0.00000000   0.00000000
  0.00118170  -0.04282650     0.22057217   0.00000000     0.00000000   0.00000000
  0.00000000   0.00000000     0.00000000   0.00000000     0.22939346   0.00000000
    1    2
 -0.01559541  -0.01050957     0.03248448  -0.00554446     0.09935601  -0.02586540
  0.03013192  -0.01006316     0.02597831  -0.00346547    -0.06274084  -0.01007662
  0.07200290  -0.01785779    -0.04566224  -0.00464005     0.05081089  -0.02910613
    1    3
 -0.01559541  -0.01050957     0.03248448  -0.00554446    -0.09935601   0.02586540
  0.03013192  -0.01006316     0.02597831  -0.00346547     0.06274084   0.01007662
 -0.07200290   0.01785779     0.04566224   0.00464005     0.05081089  -0.02910613
    2    1
 -0.01559541   0.01050957     0.03013192   0.01006316     0.07200290   0.01785779
  0.03248448   0.00554446     0.02597831   0.00346547    -0.04566224   0.00464005
  0.09935601   0.02586540    -0.06274084   0.01007662     0.05081089   0.02910613
    2    2
  0.18563478   0.00000000    -0.03177060  -0.00140489     0.00952376   0.00005160
 -0.03177060   0.00140489     0.15357247   0.00000000    -0.00473316   0.00078601
  0.00952376  -0.00005160    -0.00473316  -0.00078601     0.22046561   0.00000000
    2    3
  0.00114529   0.00000000    -0.01593011  -0.01036547    -0.01232841   0.00188294
 -0.01593011   0.01036547    -0.01316464   0.00000000     0.00629397  -0.00512452
  0.01232841   0.00188294    -0.00629397  -0.00512452    -0.03898913   0.00000000
    3    1
 -0.01559541   0.01050957     0.03013192   0.01006316    -0.07200290  -0.01785779
  0.03248448   0.00554446     0.02597831   0.00346547     0.04566224  -0.00464005
 -0.09935601  -0.02586540     0.06274084  -0.01007662     0.05081089   0.02910613
    3    2
  0.00114529   0.00000000    -0.01593011  -0.01036547     0.01232841  -0.00188294
 -0.01593011   0.01036547    -0.01316464   0.00000000    -0.00629397   0.00512452
 -0.01232841  -0.00188294     0.00629397   0.00512452    -0.03898913   0.00000000
    3    3
  0.18563478   0.00000000    -0.03177060  -0.00140489    -0.00952376  -0.00005160
 -0.03177060   0.00140489     0.15357247   0.00000000     0.00473316  -0.00078601
 -0.00952376   0.00005160     0.00473316   0.00078601     0.22046561   0.00000000

     Dynamical  Matrix in cartesian axes

     q = (   -0.500000000  -0.192450090   0.000000000 ) 

    1    1
  0.21949713   0.00000000    -0.00068032  -0.04282650     0.00000000   0.00000000
 -0.00068032   0.04282650     0.22144058   0.00000000     0.00000000   0.00000000
  0.00000000   0.00000000     0.00000000   0.00000000     0.22939346   0.00000000
    1    2
  0.01152882   0.00153180     0.03247977   0.00311107     0.10401317   0.00420609
  0.03483232  -0.00140762    -0.02191171  -0.01550684     0.05467441   0.02743841
  0.07554611   0.00491049     0.03952522   0.01778533    -0.05081089  -0.02910613
    1    3
  0.01152882   0.00153180     0.03247977   0.00311107    -0.10401317  -0.00420609
  0.03483232  -0.00140762    -0.02191171  -0.01550684    -0.05467441  -0.02743841
 -0.07554611  -0.00491049    -0.03952522  -0.01778533    -0.05081089  -0.02910613
    2    1
  0.01152882  -0.00153180     0.03483232   0.00140762     0.07554611  -0.00491049
  0.03247977  -0.00311107    -0.02191171   0.01550684     0.03952522  -0.01778533
  0.10401317  -0.00420609     0.05467441  -0.02743841    -0.05081089   0.02910613
    2    2
  0.18910220   0.00000000     0.02976869   0.00140489    -0.00886091  -0.00065490
  0.02976869  -0.00140489     0.15010505   0.00000000    -0.00588124   0.00043769
 -0.00886091   0.00065490    -0.00588124  -0.00043769     0.22046561   0.00000000
    2    3
  0.00420872   0.00000000     0.01416144   0.01036547     0.01161494   0.00537943
  0.01416144  -0.01036547    -0.01622807   0.00000000     0.00752973  -0.00093158
 -0.01161494   0.00537943    -0.00752973  -0.00093158    -0.03898913   0.00000000
    3    1
  0.01152882  -0.00153180     0.03483232   0.00140762    -0.07554611   0.00491049
  0.03247977  -0.00311107    -0.02191171   0.01550684    -0.03952522   0.01778533
 -0.10401317   0.00420609    -0.05467441   0.02743841    -0.05081089   0.02910613
    3    2
  0.00420872   0.00000000     0.01416144   0.01036547    -0.01161494  -0.00537943
  0.01416144  -0.01036547    -0.01622807   0.00000000    -0.00752973   0.00093158
  0.01161494  -0.00537943     0.00752973   0.00093158    -0.03898913   0.00000000
    3    3
  0.18910220   0.00000000     0.02976869   0.00140489     0.00886091   0.00065490
  0.02976869  -0.00140489     0.15010505   0.00000000     0.00588124  -0.00043769
  0.00886091  -0.00065490     0.00588124   0.00043769     0.22046561   0.00000000

     Dynamical  Matrix in cartesian axes

     q = (    0.500000000   0.192450090   0.000000000 ) 

    1    1
  0.21949713   0.00000000    -0.00068032   0.04282650     0.00000000   0.00000000
 -0.00068032  -0.04282650     0.22144058   0.00000000     0.00000000   0.00000000
  0.00000000   0.00000000     0.00000000   0.00000000     0.22939346   0.00000000
    1    2
  0.01152882  -0.00153180     0.03247977  -0.00311107     0.10401317  -0.00420609
  0.03483232   0.00140762    -0.02191171   0.01550684     0.05467441  -0.02743841
  0.07554611  -0.00491049     0.03952522  -0.01778533    -0.05081089   0.02910613
    1    3
  0.01152882  -0.00153180     0.03247977  -0.00311107    -0.10401317   0.00420609
  0.03483232   0.00140762    -0.02191171   0.01550684    -0.05467441   0.02743841
 -0.07554611   0.00491049    -0.03952522   0.01778533    -0.05081089   0.02910613
    2    1
  0.01152882   0.00153180     0.03483232  -0.00140762     0.07554611   0.00491049
  0.03247977   0.00311107    -0.02191171  -0.01550684     0.03952522   0.01778533
  0.10401317   0.00420609     0.05467441   0.02743841    -0.05081089  -0.02910613
    2    2
  0.18910220   0.00000000     0.02976869  -0.00140489    -0.00886091   0.00065490
  0.02976869   0.00140489     0.15010505   0.00000000    -0.00588124  -0.00043769
 -0.00886091  -0.00065490    -0.00588124   0.00043769     0.22046561   0.00000000
    2    3
  0.00420872   0.00000000     0.01416144  -0.01036547     0.01161494  -0.00537943
  0.01416144   0.01036547    -0.01622807   0.00000000     0.00752973   0.00093158
 -0.01161494  -0.00537943    -0.00752973   0.00093158    -0.03898913   0.00000000
    3    1
  0.01152882   0.00153180     0.03483232  -0.00140762    -0.07554611  -0.00491049
  0.03247977   0.00311107    -0.02191171  -0.01550684    -0.03952522  -0.01778533
 -0.10401317  -0.00420609    -0.05467441  -0.02743841    -0.05081089  -0.02910613
    3    2
  0.00420872   0.00000000     0.01416144  -0.01036547    -0.01161494   0.00537943
  0.01416144   0.01036547    -0.01622807   0.00000000    -0.00752973  -0.00093158
  0.01161494   0.00537943     0.00752973  -0.00093158    -0.03898913   0.00000000
    3    3
  0.18910220   0.00000000     0.02976869  -0.00140489     0.00886091  -0.00065490
  0.02976869   0.00140489     0.15010505   0.00000000     0.00588124   0.00043769
  0.00886091   0.00065490     0.00588124  -0.00043769     0.22046561   0.00000000

     Dynamical  Matrix in cartesian axes

     q = (   -0.416666667  -0.336787657   0.000000000 ) 

    1    1
  0.22036554   0.00000000    -0.00118170   0.04282650     0.00000000   0.00000000
 -0.00118170  -0.04282650     0.22057217   0.00000000     0.00000000   0.00000000
  0.00000000   0.00000000     0.00000000   0.00000000     0.22939346   0.00000000
    1    2
  0.00825124  -0.01689926     0.03090461  -0.01144059     0.09897753  -0.02727791
  0.03112659  -0.00635101    -0.02423061   0.00998797     0.04929685  -0.04009703
  0.07128524  -0.02053615     0.03722463  -0.02684952    -0.05855659   0.00019880
    1    3
  0.00825124  -0.01689926     0.03090461  -0.01144059    -0.09897753   0.02727791
  0.03112659  -0.00635101    -0.02423061   0.00998797    -0.04929685   0.04009703
 -0.07128524   0.02053615    -0.03722463   0.02684952    -0.05855659   0.00019880
    2    1
  0.00825124   0.01689926     0.03112659   0.00635101     0.07128524   0.02053615
  0.03090461   0.01144059    -0.02423061  -0.00998797     0.03722463   0.02684952
  0.09897753   0.02727791     0.04929685   0.04009703    -0.05855659  -0.00019880
    2    2
  0.18563478   0.00000000     0.03177060  -0.00140489    -0.00952376   0.00005160
  0.03177060   0.00140489     0.15357247   0.00000000    -0.00473316  -0.00078601
 -0.00952376  -0.00005160    -0.00473316   0.00078601     0.22046561   0.00000000
    2    3
  0.00114529   0.00000000     0.01593011  -0.01036547     0.01232841   0.00188294
  0.01593011   0.01036547    -0.01316464   0.00000000     0.00629397   0.00512452
 -0.01232841   0.00188294    -0.00629397   0.00512452    -0.03898913   0.00000000
    3    1
  0.00825124   0.01689926     0.03112659   0.00635101    -0.07128524  -0.02053615
  0.03090461   0.01144059    -0.02423061  -0.00998797    -0.03722463  -0.02684952
 -0.09897753  -0.02727791    -0.04929685  -0.04009703    -0.05855659  -0.00019880
    3    2
  0.00114529   0.00000000     0.01593011  -0.01036547    -0.01232841  -0.00188294
  0.01593011   0.01036547    -0.01316464   0.00000000    -0.00629397  -0.00512452
  0.01232841  -0.00188294     0.00629397  -0.00512452    -0.03898913   0.00000000
    3    3
  0.18563478   0.00000000     0.03177060  -0.00140489     0.00952376  -0.00005160
  0.03177060   0.00140489     0.15357247   0.00000000     0.00473316   0.00078601
  0.00952376   0.00005160     0.00473316  -0.00078601     0.22046561   0.00000000

     Dynamical  Matrix in cartesian axes

     q = (    0.416666667   0.336787657   0.000000000 ) 

    1    1
  0.22036554   0.00000000    -0.00118170  -0.04282650     0.00000000   0.00000000
 -0.00118170   0.04282650     0.22057217   0.00000000     0.00000000   0.00000000
  0.00000000   0.00000000     0.00000000   0.00000000     0.22939346   0.00000000
    1    2
  0.00825124   0.01689926     0.03090461   0.01144059     0.09897753   0.02727791
  0.03112659   0.00635101    -0.02423061  -0.00998797     0.04929685   0.04009703
  0.07128524   0.02053615     0.03722463   0.02684952    -0.05855659  -0.00019880
    1    3
  0.00825124   0.01689926     0.03090461   0.01144059    -0.09897753  -0.02727791
  0.03112659   0.00635101    -0.02423061  -0.00998797    -0.04929685  -0.04009703
 -0.07128524  -0.02053615    -0.03722463  -0.02684952    -0.05855659  -0.00019880
    2    1
  0.00825124  -0.01689926     0.03112659  -0.00635101     0.07128524  -0.02053615
  0.03090461  -0.01144059    -0.02423061   0.00998797     0.03722463  -0.02684952
  0.09897753  -0.02727791     0.04929685  -0.04009703    -0.05855659   0.00019880
    2    2
  0.18563478   0.00000000     0.03177060   0.00140489    -0.00952376  -0.00005160
  0.03177060  -0.00140489     0.15357247   0.00000000    -0.00473316   0.00078601
 -0.00952376   0.00005160    -0.00473316  -0.00078601     0.22046561   0.00000000
    2    3
  0.00114529   0.00000000     0.01593011   0.01036547     0.01232841  -0.00188294
  0.01593011  -0.01036547    -0.01316464   0.00000000     0.00629397  -0.00512452
 -0.01232841  -0.00188294    -0.00629397  -0.00512452    -0.03898913   0.00000000
    3    1
  0.00825124  -0.01689926     0.03112659  -0.00635101    -0.07128524   0.02053615
  0.03090461  -0.01144059    -0.02423061   0.00998797    -0.03722463   0.02684952
 -0.09897753   0.02727791    -0.04929685   0.04009703    -0.05855659   0.00019880
    3    2
  0.00114529   0.00000000     0.01593011   0.01036547    -0.01232841   0.00188294
  0.01593011  -0.01036547    -0.01316464   0.00000000    -0.00629397   0.00512452
  0.01232841   0.00188294     0.00629397   0.00512452    -0.03898913   0.00000000
    3    3
  0.18563478   0.00000000     0.03177060   0.00140489     0.00952376   0.00005160
  0.03177060  -0.00140489     0.15357247   0.00000000     0.00473316  -0.00078601
  0.00952376  -0.00005160     0.00473316   0.00078601     0.22046561   0.00000000

     Dynamical  Matrix in cartesian axes

     q = (    0.500000000  -0.192450090   0.000000000 ) 

    1    1
  0.21949713   0.00000000     0.00068032   0.04282650     0.00000000   0.00000000
  0.00068032  -0.04282650     0.22144058   0.00000000     0.00000000   0.00000000
  0.00000000   0.00000000     0.00000000   0.00000000     0.22939346   0.00000000
    1    2
 -0.01152882  -0.00153180     0.03247977   0.00311107     0.10401317   0.00420609
  0.03483232  -0.00140762     0.02191171   0.01550684    -0.05467441  -0.02743841
  0.07554611   0.00491049    -0.03952522  -0.01778533     0.05081089   0.02910613
    1    3
 -0.01152882  -0.00153180     0.03247977   0.00311107    -0.10401317  -0.00420609
  0.03483232  -0.00140762     0.02191171   0.01550684     0.05467441   0.02743841
 -0.07554611  -0.00491049     0.03952522   0.01778533     0.05081089   0.02910613
    2    1
 -0.01152882   0.00153180     0.03483232   0.00140762     0.07554611  -0.00491049
  0.03247977  -0.00311107     0.02191171  -0.01550684    -0.03952522   0.01778533
  0.10401317  -0.00420609    -0.05467441   0.02743841     0.05081089  -0.02910613
    2    2
  0.18910220   0.00000000    -0.02976869  -0.00140489     0.00886091   0.00065490
 -0.02976869   0.00140489     0.15010505   0.00000000    -0.00588124   0.00043769
  0.00886091  -0.00065490    -0.00588124  -0.00043769     0.22046561   0.00000000
    2    3
  0.00420872   0.00000000    -0.01416144  -0.01036547    -0.01161494  -0.00537943
 -0.01416144   0.01036547    -0.01622807   0.00000000     0.00752973  -0.00093158
  0.01161494  -0.00537943    -0.00752973  -0.00093158    -0.03898913   0.00000000
    3    1
 -0.01152882   0.00153180     0.03483232   0.00140762    -0.07554611   0.00491049
  0.03247977  -0.00311107     0.02191171  -0.01550684     0.03952522  -0.01778533
 -0.10401317   0.00420609     0.05467441  -0.02743841     0.05081089  -0.02910613
    3    2
  0.00420872   0.00000000    -0.01416144  -0.01036547     0.01161494   0.00537943
 -0.01416144   0.01036547    -0.01622807   0.00000000    -0.00752973   0.00093158
 -0.01161494   0.00537943     0.00752973   0.00093158    -0.03898913   0.00000000
    3    3
  0.18910220   0.00000000    -0.02976869  -0.00140489    -0.00886091  -0.00065490
 -0.02976869   0.00140489     0.15010505   0.00000000     0.00588124  -0.00043769
 -0.00886091   0.00065490     0.00588124   0.00043769     0.22046561   0.00000000

     Dynamical  Matrix in cartesian axes

     q = (   -0.500000000   0.192450090   0.000000000 ) 

    1    1
  0.21949713   0.00000000     0.00068032  -0.04282650     0.00000000   0.00000000
  0.00068032   0.04282650     0.22144058   0.00000000     0.00000000   0.00000000
  0.00000000   0.00000000     0.00000000   0.00000000     0.22939346   0.00000000
    1    2
 -0.01152882   0.00153180     0.03247977  -0.00311107     0.10401317  -0.00420609
  0.03483232   0.00140762     0.02191171  -0.01550684    -0.05467441   0.02743841
  0.07554611  -0.00491049    -0.03952522   0.01778533     0.05081089  -0.02910613
    1    3
 -0.01152882   0.00153180     0.03247977  -0.00311107    -0.10401317   0.00420609
  0.03483232   0.00140762     0.02191171  -0.01550684     0.05467441  -0.02743841
 -0.07554611   0.00491049     0.03952522  -0.01778533     0.05081089  -0.02910613
    2    1
 -0.01152882  -0.00153180     0.03483232  -0.00140762     0.07554611   0.00491049
  0.03247977   0.00311107     0.02191171   0.01550684    -0.03952522  -0.01778533
  0.10401317   0.00420609    -0.05467441  -0.02743841     0.05081089   0.02910613
    2    2
  0.18910220   0.00000000    -0.02976869   0.00140489     0.00886091  -0.00065490
 -0.02976869  -0.00140489     0.15010505   0.00000000    -0.00588124  -0.00043769
  0.00886091   0.00065490    -0.00588124   0.00043769     0.22046561   0.00000000
    2    3
  0.00420872   0.00000000    -0.01416144   0.01036547    -0.01161494   0.00537943
 -0.01416144  -0.01036547    -0.01622807   0.00000000     0.00752973   0.00093158
  0.01161494   0.00537943    -0.00752973   0.00093158    -0.03898913   0.00000000
    3    1
 -0.01152882  -0.00153180     0.03483232  -0.00140762    -0.07554611  -0.00491049
  0.03247977   0.00311107     0.02191171   0.01550684     0.03952522   0.01778533
 -0.10401317  -0.00420609     0.05467441   0.02743841     0.05081089   0.02910613
    3    2
  0.00420872   0.00000000    -0.01416144   0.01036547     0.01161494  -0.00537943
 -0.01416144  -0.01036547    -0.01622807   0.00000000    -0.00752973  -0.00093158
 -0.01161494  -0.00537943     0.00752973  -0.00093158    -0.03898913   0.00000000
    3    3
  0.18910220   0.00000000    -0.02976869   0.00140489    -0.00886091   0.00065490
 -0.02976869  -0.00140489     0.15010505   0.00000000     0.00588124   0.00043769
 -0.00886091  -0.00065490     0.00588124  -0.00043769     0.22046561   0.00000000

     Diagonalizing the dynamical matrix

     q = (    0.083333333   0.529237747   0.000000000 ) 

 **************************************************************************
     freq (    1) =       2.971348 [THz] =      99.113517 [cm-1]
 ( -0.089129 -0.200190 -0.686627  0.278833  0.000000  0.000000 ) 
 ( -0.033059 -0.160577  0.190366  0.031630 -0.370500 -0.000000 ) 
 ( -0.033059 -0.160577  0.190366  0.031630  0.370500  0.000000 ) 
     freq (    2) =       3.288417 [THz] =     109.689770 [cm-1]
 (  0.000000  0.000000  0.000000 -0.000000  0.714320  0.011480 ) 
 ( -0.031325  0.102997  0.357829  0.149352  0.287872  0.000000 ) 
 (  0.031325 -0.102997 -0.357829 -0.149352  0.287872  0.000000 ) 
     freq (    3) =       4.428763 [THz] =     147.727645 [cm-1]
 (  0.230880  0.596321 -0.188208  0.062822  0.000000 -0.000000 ) 
 (  0.057105  0.485448 -0.007437  0.016525 -0.191349 -0.000000 ) 
 (  0.057105  0.485448 -0.007437  0.016525  0.191349  0.000000 ) 
     freq (    4) =       7.024896 [THz] =     234.325309 [cm-1]
 (  0.154148  0.311170  0.021056 -0.003319 -0.000000 -0.000000 ) 
 ( -0.140126 -0.643976  0.060315  0.019944 -0.033204  0.000000 ) 
 ( -0.140126 -0.643976  0.060315  0.019944  0.033204  0.000000 ) 
     freq (    5) =       7.664177 [THz] =     255.649424 [cm-1]
 (  0.000000  0.000000  0.000000  0.000000  0.058541  0.015154 ) 
 (  0.373671 -0.593674 -0.026751  0.003309  0.073253  0.000000 ) 
 ( -0.373671  0.593674  0.026751 -0.003309  0.073253  0.000000 ) 
     freq (    6) =       8.362605 [THz] =     278.946476 [cm-1]
 ( -0.000000  0.000000 -0.000000 -0.000000 -0.057371 -0.017408 ) 
 ( -0.040665  0.055914 -0.314942 -0.090576  0.621314 -0.000000 ) 
 (  0.040665 -0.055914  0.314942  0.090576  0.621314  0.000000 ) 
     freq (    7) =       9.071805 [THz] =     302.602827 [cm-1]
 ( -0.013439  0.003217  0.116157 -0.062944  0.000000  0.000000 ) 
 (  0.023307  0.067484  0.693831  0.047566 -0.049150 -0.000000 ) 
 (  0.023307  0.067484  0.693831  0.047566  0.049150  0.000000 ) 
     freq (    8) =       9.334865 [THz] =     311.377595 [cm-1]
 (  0.000000 -0.000000 -0.000000  0.000000  0.302215 -0.032821 ) 
 ( -0.010269  0.026289 -0.593527 -0.139400 -0.285116  0.000000 ) 
 (  0.010269 -0.026289  0.593527  0.139400 -0.285116  0.000000 ) 
     freq (    9) =      10.656136 [THz] =     355.450429 [cm-1]
 (  0.019549  0.058148 -0.217559  0.085042 -0.000000  0.000000 ) 
 ( -0.004122  0.013330  0.109785  0.016410  0.676993 -0.000000 ) 
 ( -0.004122  0.013330  0.109785  0.016410 -0.676993  0.000000 ) 
 **************************************************************************
