Dynamical matrix file
NbS2                                                                       
  2    3   4   6.3305825   0.0000000   5.9701493   0.0000000   0.0000000   0.0000000
           1  'Nb  '    84678.6388502528     
           2  'S   '    29220.9024340635     
    1    1     -0.0000000001      0.5773502692      2.9850746269
    2    2      0.5000000001      0.2886751346      2.5187955594
    3    2      0.5000000001      0.2886751346      3.4513536943

     Dynamical  Matrix in cartesian axes

     q = (    0.333333333   0.577350269   0.000000000 ) 

    1    1
  0.31206399   0.00000000    -0.00000000  -0.10352255     0.00000000   0.00000000
 -0.00000000   0.10352255     0.31206399   0.00000000     0.00000000   0.00000000
  0.00000000   0.00000000     0.00000000   0.00000000     0.20050087   0.00000000
    1    2
 -0.01645569   0.02850208     0.02850208   0.01645569     0.06910991   0.03990063
  0.02850208   0.01645569     0.01645569  -0.02850208    -0.03990063   0.06910991
  0.04864048   0.02808259    -0.02808259   0.04864048    -0.00000000   0.00000000
    1    3
 -0.01645569   0.02850208     0.02850208   0.01645569    -0.06910991  -0.03990063
  0.02850208   0.01645569     0.01645569  -0.02850208     0.03990063  -0.06910991
 -0.04864048  -0.02808259     0.02808259  -0.04864048    -0.00000000   0.00000000
    2    1
 -0.01645569  -0.02850208     0.02850208  -0.01645569     0.04864048  -0.02808259
  0.02850208  -0.01645569     0.01645569   0.02850208    -0.02808259  -0.04864048
  0.06910991  -0.03990063    -0.03990063  -0.06910991    -0.00000000  -0.00000000
    2    2
  0.18232809   0.00000000    -0.00000000   0.00170130     0.00000000  -0.00000000
 -0.00000000  -0.00170130     0.18232809   0.00000000     0.00000000  -0.00000000
  0.00000000   0.00000000     0.00000000   0.00000000     0.21936111   0.00000000
    2    3
  0.00100359   0.00000000    -0.00000000   0.02181255     0.00000000   0.00000000
 -0.00000000  -0.02181255     0.00100359  -0.00000000     0.00000000   0.00000000
  0.00000000   0.00000000     0.00000000   0.00000000    -0.04108426   0.00000000
    3    1
 -0.01645569  -0.02850208     0.02850208  -0.01645569    -0.04864048   0.02808259
  0.02850208  -0.01645569     0.01645569   0.02850208     0.02808259   0.04864048
 -0.06910991   0.03990063     0.03990063   0.06910991    -0.00000000  -0.00000000
    3    2
  0.00100359   0.00000000    -0.00000000   0.02181255     0.00000000   0.00000000
 -0.00000000  -0.02181255     0.00100359   0.00000000     0.00000000   0.00000000
  0.00000000   0.00000000     0.00000000   0.00000000    -0.04108426   0.00000000
    3    3
  0.18232809   0.00000000    -0.00000000   0.00170130     0.00000000   0.00000000
 -0.00000000  -0.00170130     0.18232809   0.00000000     0.00000000   0.00000000
  0.00000000   0.00000000     0.00000000   0.00000000     0.21936111   0.00000000

     Dynamical  Matrix in cartesian axes

     q = (   -0.333333333   0.577350269   0.000000000 ) 

    1    1
  0.31206399   0.00000000    -0.00000000   0.10352255     0.00000000   0.00000000
 -0.00000000  -0.10352255     0.31206399   0.00000000     0.00000000   0.00000000
  0.00000000   0.00000000     0.00000000   0.00000000     0.20050087   0.00000000
    1    2
 -0.01645569  -0.02850208     0.02850208  -0.01645569     0.06910991  -0.03990063
  0.02850208  -0.01645569     0.01645569   0.02850208    -0.03990063  -0.06910991
  0.04864048  -0.02808259    -0.02808259  -0.04864048    -0.00000000  -0.00000000
    1    3
 -0.01645569  -0.02850208     0.02850208  -0.01645569    -0.06910991   0.03990063
  0.02850208  -0.01645569     0.01645569   0.02850208     0.03990063   0.06910991
 -0.04864048   0.02808259     0.02808259   0.04864048    -0.00000000  -0.00000000
    2    1
 -0.01645569   0.02850208     0.02850208   0.01645569     0.04864048   0.02808259
  0.02850208   0.01645569     0.01645569  -0.02850208    -0.02808259   0.04864048
  0.06910991   0.03990063    -0.03990063   0.06910991    -0.00000000   0.00000000
    2    2
  0.18232809   0.00000000    -0.00000000  -0.00170130     0.00000000   0.00000000
 -0.00000000   0.00170130     0.18232809   0.00000000     0.00000000   0.00000000
  0.00000000  -0.00000000     0.00000000  -0.00000000     0.21936111   0.00000000
    2    3
  0.00100359   0.00000000    -0.00000000  -0.02181255     0.00000000   0.00000000
 -0.00000000   0.02181255     0.00100359  -0.00000000     0.00000000   0.00000000
  0.00000000   0.00000000     0.00000000   0.00000000    -0.04108426   0.00000000
    3    1
 -0.01645569   0.02850208     0.02850208   0.01645569    -0.04864048  -0.02808259
  0.02850208   0.01645569     0.01645569  -0.02850208     0.02808259  -0.04864048
 -0.06910991  -0.03990063     0.03990063  -0.06910991    -0.00000000   0.00000000
    3    2
  0.00100359   0.00000000    -0.00000000  -0.02181255     0.00000000   0.00000000
 -0.00000000   0.02181255     0.00100359   0.00000000     0.00000000   0.00000000
  0.00000000   0.00000000     0.00000000   0.00000000    -0.04108426   0.00000000
    3    3
  0.18232809   0.00000000    -0.00000000  -0.00170130    -0.00000000   0.00000000
 -0.00000000   0.00170130     0.18232809   0.00000000    -0.00000000  -0.00000000
 -0.00000000   0.00000000    -0.00000000   0.00000000     0.21936111   0.00000000

     Diagonalizing the dynamical matrix

     q = (    0.333333333   0.577350269   0.000000000 ) 

 **************************************************************************
     freq (    1) =       3.587930 [THz] =     119.680475 [cm-1]
 (  0.000000  0.000000  0.000000 -0.000000 -0.283254 -0.691897 ) 
 (  0.262602  0.203229  0.203229 -0.262602  0.000000  0.000000 ) 
 ( -0.262602 -0.203229 -0.203229  0.262602 -0.000000  0.000000 ) 
     freq (    2) =       4.116428 [THz] =     137.309265 [cm-1]
 (  0.068553 -0.543532 -0.543532 -0.068553  0.000000 -0.000000 ) 
 (  0.291402 -0.122563  0.122563  0.291402 -0.000000  0.000000 ) 
 (  0.291402 -0.122563  0.122563  0.291402 -0.000000  0.000000 ) 
     freq (    3) =       5.818649 [THz] =     194.089252 [cm-1]
 ( -0.445260 -0.257071  0.257071 -0.445260  0.000000  0.000000 ) 
 ( -0.000000  0.000000  0.000000  0.000000  0.485447  0.000000 ) 
 (  0.000000  0.000000  0.000000 -0.000000 -0.485447  0.000000 ) 
     freq (    4) =       8.125979 [THz] =     271.053481 [cm-1]
 (  0.000000 -0.000000  0.000000  0.000000 -0.000000  0.000000 ) 
 (  0.000000  0.000000  0.000000  0.000000  0.707107  0.000000 ) 
 (  0.000000 -0.000000 -0.000000  0.000000  0.707107  0.000000 ) 
     freq (    5) =       8.300840 [THz] =     276.886216 [cm-1]
 ( -0.090242  0.169099  0.169099  0.090242 -0.000000  0.000000 ) 
 (  0.481012 -0.016063  0.016063  0.481012 -0.000000  0.000000 ) 
 (  0.481012 -0.016063  0.016063  0.481012 -0.000000  0.000000 ) 
     freq (    6) =       8.512628 [THz] =     283.950696 [cm-1]
 (  0.000000 -0.000000 -0.000000 -0.000000 -0.116618  0.268870 ) 
 (  0.054547  0.474923  0.474923 -0.054547 -0.000000  0.000000 ) 
 ( -0.054547 -0.474923 -0.474923  0.054547 -0.000000  0.000000 ) 
     freq (    7) =       8.637668 [THz] =     288.121581 [cm-1]
 ( -0.000000 -0.000000 -0.000000  0.000000  0.000000  0.000000 ) 
 ( -0.500000 -0.000014  0.000014 -0.500000  0.000000  0.000000 ) 
 (  0.500000  0.000014 -0.000014  0.500000 -0.000000  0.000000 ) 
     freq (    8) =       8.752886 [THz] =     291.964864 [cm-1]
 ( -0.000000 -0.000000 -0.000000  0.000000  0.000000  0.000000 ) 
 ( -0.000005  0.500000  0.500000  0.000005 -0.000000 -0.000000 ) 
 ( -0.000005  0.500000  0.500000  0.000005  0.000000  0.000000 ) 
     freq (    9) =      10.757628 [THz] =     358.835849 [cm-1]
 ( -0.189708 -0.109528  0.109528 -0.189708 -0.000000 -0.000000 ) 
 ( -0.000000 -0.000000 -0.000000 -0.000000 -0.672320 -0.000000 ) 
 (  0.000000 -0.000000 -0.000000  0.000000  0.672320  0.000000 ) 
 **************************************************************************
