Dynamical matrix file
NbS2                                                                       
  2    3   4   6.3305825   0.0000000   5.9701493   0.0000000   0.0000000   0.0000000
           1  'Nb  '    84678.6388502528     
           2  'S   '    29220.9024340635     
    1    1     -0.0000000001      0.5773502692      2.9850746269
    2    2      0.5000000001      0.2886751346      2.5187955594
    3    2      0.5000000001      0.2886751346      3.4513536943

     Dynamical  Matrix in cartesian axes

     q = (    0.166666667   0.481125224   0.000000000 ) 

    1    1
  0.25954734   0.00000000    -0.00241513  -0.06364549     0.00000000   0.00000000
 -0.00241513   0.06364549     0.25948616   0.00000000     0.00000000   0.00000000
  0.00000000   0.00000000     0.00000000   0.00000000     0.22502215   0.00000000
    1    2
 -0.04296834   0.02427468     0.00844246   0.01883689     0.02467676   0.03821476
  0.00840538   0.01297130     0.01150271  -0.03131673    -0.07430150   0.07294943
  0.01411298   0.02567327    -0.05368560   0.05321005    -0.05753264   0.00002781
    1    3
 -0.04296834   0.02427468     0.00844246   0.01883689    -0.02467676  -0.03821476
  0.00840538   0.01297130     0.01150271  -0.03131673     0.07430150  -0.07294943
 -0.01411298  -0.02567327     0.05368560  -0.05321005    -0.05753264   0.00002781
    2    1
 -0.04296834  -0.02427468     0.00840538  -0.01297130     0.01411298  -0.02567327
  0.00844246  -0.01883689     0.01150271   0.03131673    -0.05368560  -0.05321005
  0.02467676  -0.03821476    -0.07430150  -0.07294943    -0.05753264  -0.00002781
    2    2
  0.14805612   0.00000000     0.00742318   0.00219927    -0.00220735   0.00068760
  0.00742318  -0.00219927     0.19505101   0.00000000     0.00690165   0.00047258
 -0.00220735  -0.00068760     0.00690165  -0.00047258     0.22118248   0.00000000
    2    3
 -0.01603221   0.00000000     0.00585401   0.01722571     0.00291311  -0.00513407
  0.00585401  -0.01722571     0.00883764   0.00000000    -0.00928200  -0.00704940
 -0.00291311  -0.00513407     0.00928200  -0.00704940    -0.04062463   0.00000000
    3    1
 -0.04296834  -0.02427468     0.00840538  -0.01297130    -0.01411298   0.02567327
  0.00844246  -0.01883689     0.01150271   0.03131673     0.05368560   0.05321005
 -0.02467676   0.03821476     0.07430150   0.07294943    -0.05753264  -0.00002781
    3    2
 -0.01603221   0.00000000     0.00585401   0.01722571    -0.00291311   0.00513407
  0.00585401  -0.01722571     0.00883764   0.00000000     0.00928200   0.00704940
  0.00291311   0.00513407    -0.00928200   0.00704940    -0.04062463   0.00000000
    3    3
  0.14805612   0.00000000     0.00742318   0.00219927     0.00220735  -0.00068760
  0.00742318  -0.00219927     0.19505101   0.00000000    -0.00690165  -0.00047258
  0.00220735   0.00068760    -0.00690165   0.00047258     0.22118248   0.00000000

     Dynamical  Matrix in cartesian axes

     q = (   -0.166666667  -0.481125224   0.000000000 ) 

    1    1
  0.25954734   0.00000000    -0.00241513   0.06364549     0.00000000   0.00000000
 -0.00241513  -0.06364549     0.25948616   0.00000000     0.00000000   0.00000000
  0.00000000   0.00000000     0.00000000   0.00000000     0.22502215   0.00000000
    1    2
 -0.04296834  -0.02427468     0.00844246  -0.01883689     0.02467676  -0.03821476
  0.00840538  -0.01297130     0.01150271   0.03131673    -0.07430150  -0.07294943
  0.01411298  -0.02567327    -0.05368560  -0.05321005    -0.05753264  -0.00002781
    1    3
 -0.04296834  -0.02427468     0.00844246  -0.01883689    -0.02467676   0.03821476
  0.00840538  -0.01297130     0.01150271   0.03131673     0.07430150   0.07294943
 -0.01411298   0.02567327     0.05368560   0.05321005    -0.05753264  -0.00002781
    2    1
 -0.04296834   0.02427468     0.00840538   0.01297130     0.01411298   0.02567327
  0.00844246   0.01883689     0.01150271  -0.03131673    -0.05368560   0.05321005
  0.02467676   0.03821476    -0.07430150   0.07294943    -0.05753264   0.00002781
    2    2
  0.14805612   0.00000000     0.00742318  -0.00219927    -0.00220735  -0.00068760
  0.00742318   0.00219927     0.19505101   0.00000000     0.00690165  -0.00047258
 -0.00220735   0.00068760     0.00690165   0.00047258     0.22118248   0.00000000
    2    3
 -0.01603221   0.00000000     0.00585401  -0.01722571     0.00291311   0.00513407
  0.00585401   0.01722571     0.00883764   0.00000000    -0.00928200   0.00704940
 -0.00291311   0.00513407     0.00928200   0.00704940    -0.04062463   0.00000000
    3    1
 -0.04296834   0.02427468     0.00840538   0.01297130    -0.01411298  -0.02567327
  0.00844246   0.01883689     0.01150271  -0.03131673     0.05368560  -0.05321005
 -0.02467676  -0.03821476     0.07430150  -0.07294943    -0.05753264   0.00002781
    3    2
 -0.01603221   0.00000000     0.00585401  -0.01722571    -0.00291311  -0.00513407
  0.00585401   0.01722571     0.00883764   0.00000000     0.00928200  -0.00704940
  0.00291311  -0.00513407    -0.00928200  -0.00704940    -0.04062463   0.00000000
    3    3
  0.14805612   0.00000000     0.00742318  -0.00219927     0.00220735   0.00068760
  0.00742318   0.00219927     0.19505101   0.00000000    -0.00690165   0.00047258
  0.00220735  -0.00068760    -0.00690165  -0.00047258     0.22118248   0.00000000

     Dynamical  Matrix in cartesian axes

     q = (   -0.166666667   0.481125224   0.000000000 ) 

    1    1
  0.25954734   0.00000000     0.00241513   0.06364549     0.00000000   0.00000000
  0.00241513  -0.06364549     0.25948616   0.00000000     0.00000000   0.00000000
  0.00000000   0.00000000     0.00000000   0.00000000     0.22502215   0.00000000
    1    2
 -0.04250666  -0.02507433     0.01209199  -0.01672983     0.02075658  -0.04047808
  0.00703078  -0.01376492     0.03287243  -0.00569673    -0.10032681  -0.02787227
  0.01517721  -0.02505884    -0.07292406  -0.01988807    -0.02879041  -0.04981082
    1    3
 -0.04250666  -0.02507433     0.01209199  -0.01672983    -0.02075658   0.04047808
  0.00703078  -0.01376492     0.03287243  -0.00569673     0.10032681   0.02787227
 -0.01517721   0.02505884     0.07292406   0.01988807    -0.02879041  -0.04981082
    2    1
 -0.04250666   0.02507433     0.00703078   0.01376492     0.01517721   0.02505884
  0.01209199   0.01672983     0.03287243   0.00569673    -0.07292406   0.01988807
  0.02075658   0.04047808    -0.10032681   0.02787227    -0.02879041   0.04981082
    2    2
  0.14805612   0.00000000    -0.00742318  -0.00219927     0.00220735  -0.00068760
 -0.00742318   0.00219927     0.19505101   0.00000000     0.00690165   0.00047258
  0.00220735   0.00068760     0.00690165  -0.00047258     0.22118248   0.00000000
    2    3
 -0.01603221   0.00000000    -0.00585401  -0.01722571    -0.00291311   0.00513407
 -0.00585401   0.01722571     0.00883764   0.00000000    -0.00928200  -0.00704940
  0.00291311   0.00513407     0.00928200  -0.00704940    -0.04062463   0.00000000
    3    1
 -0.04250666   0.02507433     0.00703078   0.01376492    -0.01517721  -0.02505884
  0.01209199   0.01672983     0.03287243   0.00569673     0.07292406  -0.01988807
 -0.02075658  -0.04047808     0.10032681  -0.02787227    -0.02879041   0.04981082
    3    2
 -0.01603221   0.00000000    -0.00585401  -0.01722571     0.00291311  -0.00513407
 -0.00585401   0.01722571     0.00883764   0.00000000     0.00928200   0.00704940
 -0.00291311  -0.00513407    -0.00928200   0.00704940    -0.04062463   0.00000000
    3    3
  0.14805612   0.00000000    -0.00742318  -0.00219927    -0.00220735   0.00068760
 -0.00742318   0.00219927     0.19505101   0.00000000    -0.00690165  -0.00047258
 -0.00220735  -0.00068760    -0.00690165   0.00047258     0.22118248   0.00000000

     Dynamical  Matrix in cartesian axes

     q = (    0.166666667  -0.481125224   0.000000000 ) 

    1    1
  0.25954734   0.00000000     0.00241513  -0.06364549     0.00000000   0.00000000
  0.00241513   0.06364549     0.25948616   0.00000000     0.00000000   0.00000000
  0.00000000   0.00000000     0.00000000   0.00000000     0.22502215   0.00000000
    1    2
 -0.04250666   0.02507433     0.01209199   0.01672983     0.02075658   0.04047808
  0.00703078   0.01376492     0.03287243   0.00569673    -0.10032681   0.02787227
  0.01517721   0.02505884    -0.07292406   0.01988807    -0.02879041   0.04981082
    1    3
 -0.04250666   0.02507433     0.01209199   0.01672983    -0.02075658  -0.04047808
  0.00703078   0.01376492     0.03287243   0.00569673     0.10032681  -0.02787227
 -0.01517721  -0.02505884     0.07292406  -0.01988807    -0.02879041   0.04981082
    2    1
 -0.04250666  -0.02507433     0.00703078  -0.01376492     0.01517721  -0.02505884
  0.01209199  -0.01672983     0.03287243  -0.00569673    -0.07292406  -0.01988807
  0.02075658  -0.04047808    -0.10032681  -0.02787227    -0.02879041  -0.04981082
    2    2
  0.14805612   0.00000000    -0.00742318   0.00219927     0.00220735   0.00068760
 -0.00742318  -0.00219927     0.19505101   0.00000000     0.00690165  -0.00047258
  0.00220735  -0.00068760     0.00690165   0.00047258     0.22118248   0.00000000
    2    3
 -0.01603221   0.00000000    -0.00585401   0.01722571    -0.00291311  -0.00513407
 -0.00585401  -0.01722571     0.00883764   0.00000000    -0.00928200   0.00704940
  0.00291311  -0.00513407     0.00928200   0.00704940    -0.04062463   0.00000000
    3    1
 -0.04250666  -0.02507433     0.00703078  -0.01376492    -0.01517721   0.02505884
  0.01209199  -0.01672983     0.03287243  -0.00569673     0.07292406   0.01988807
 -0.02075658   0.04047808     0.10032681   0.02787227    -0.02879041  -0.04981082
    3    2
 -0.01603221   0.00000000    -0.00585401   0.01722571     0.00291311   0.00513407
 -0.00585401  -0.01722571     0.00883764   0.00000000     0.00928200  -0.00704940
 -0.00291311   0.00513407    -0.00928200  -0.00704940    -0.04062463   0.00000000
    3    3
  0.14805612   0.00000000    -0.00742318   0.00219927    -0.00220735  -0.00068760
 -0.00742318  -0.00219927     0.19505101   0.00000000    -0.00690165   0.00047258
 -0.00220735   0.00068760    -0.00690165  -0.00047258     0.22118248   0.00000000

     Dynamical  Matrix in cartesian axes

     q = (    0.333333333  -0.384900179   0.000000000 ) 

    1    1
  0.26159302   0.00000000     0.00123406  -0.06364549     0.00000000   0.00000000
  0.00123406   0.06364549     0.25744048   0.00000000     0.00000000   0.00000000
  0.00000000   0.00000000     0.00000000   0.00000000     0.22502215   0.00000000
    1    2
 -0.02230807   0.02374574     0.03039001   0.01453198     0.07650727   0.04437713
  0.02532880   0.01749689     0.03194229   0.00702532    -0.06813913   0.02111891
  0.05556548   0.02975299    -0.04960588   0.01175755     0.02879041   0.04981082
    1    3
 -0.02230807   0.02374574     0.03039001   0.01453198    -0.07650727  -0.04437713
  0.02532880   0.01749689     0.03194229   0.00702532     0.06813913  -0.02111891
 -0.05556548  -0.02975299     0.04960588  -0.01175755     0.02879041   0.04981082
    2    1
 -0.02230807  -0.02374574     0.02532880  -0.01749689     0.05556548  -0.02975299
  0.03039001  -0.01453198     0.03194229  -0.00702532    -0.04960588  -0.01175755
  0.07650727  -0.04437713    -0.06813913  -0.02111891     0.02879041  -0.04981082
    2    2
  0.17687362   0.00000000    -0.02406097   0.00219927     0.00708068   0.00006547
 -0.02406097  -0.00219927     0.16623350   0.00000000    -0.00153920  -0.00083177
  0.00708068  -0.00006547    -0.00153920   0.00083177     0.22118248   0.00000000
    2    3
 -0.00244955   0.00000000    -0.01369597   0.01722571    -0.00949500  -0.00353793
 -0.01369597  -0.01722571    -0.00474502   0.00000000     0.00211818   0.00797094
  0.00949500  -0.00353793    -0.00211818   0.00797094    -0.04062463   0.00000000
    3    1
 -0.02230807  -0.02374574     0.02532880  -0.01749689    -0.05556548   0.02975299
  0.03039001  -0.01453198     0.03194229  -0.00702532     0.04960588   0.01175755
 -0.07650727   0.04437713     0.06813913   0.02111891     0.02879041  -0.04981082
    3    2
 -0.00244955   0.00000000    -0.01369597   0.01722571     0.00949500   0.00353793
 -0.01369597  -0.01722571    -0.00474502   0.00000000    -0.00211818  -0.00797094
 -0.00949500   0.00353793     0.00211818  -0.00797094    -0.04062463   0.00000000
    3    3
  0.17687362   0.00000000    -0.02406097   0.00219927    -0.00708068  -0.00006547
 -0.02406097  -0.00219927     0.16623350   0.00000000     0.00153920   0.00083177
 -0.00708068   0.00006547     0.00153920  -0.00083177     0.22118248   0.00000000

     Dynamical  Matrix in cartesian axes

     q = (   -0.333333333   0.384900179   0.000000000 ) 

    1    1
  0.26159302   0.00000000     0.00123406   0.06364549     0.00000000   0.00000000
  0.00123406  -0.06364549     0.25744048   0.00000000     0.00000000   0.00000000
  0.00000000   0.00000000     0.00000000   0.00000000     0.22502215   0.00000000
    1    2
 -0.02230807  -0.02374574     0.03039001  -0.01453198     0.07650727  -0.04437713
  0.02532880  -0.01749689     0.03194229  -0.00702532    -0.06813913  -0.02111891
  0.05556548  -0.02975299    -0.04960588  -0.01175755     0.02879041  -0.04981082
    1    3
 -0.02230807  -0.02374574     0.03039001  -0.01453198    -0.07650727   0.04437713
  0.02532880  -0.01749689     0.03194229  -0.00702532     0.06813913   0.02111891
 -0.05556548   0.02975299     0.04960588   0.01175755     0.02879041  -0.04981082
    2    1
 -0.02230807   0.02374574     0.02532880   0.01749689     0.05556548   0.02975299
  0.03039001   0.01453198     0.03194229   0.00702532    -0.04960588   0.01175755
  0.07650727   0.04437713    -0.06813913   0.02111891     0.02879041   0.04981082
    2    2
  0.17687362   0.00000000    -0.02406097  -0.00219927     0.00708068  -0.00006547
 -0.02406097   0.00219927     0.16623350   0.00000000    -0.00153920   0.00083177
  0.00708068   0.00006547    -0.00153920  -0.00083177     0.22118248   0.00000000
    2    3
 -0.00244955   0.00000000    -0.01369597  -0.01722571    -0.00949500   0.00353793
 -0.01369597   0.01722571    -0.00474502   0.00000000     0.00211818  -0.00797094
  0.00949500   0.00353793    -0.00211818  -0.00797094    -0.04062463   0.00000000
    3    1
 -0.02230807   0.02374574     0.02532880   0.01749689    -0.05556548  -0.02975299
  0.03039001   0.01453198     0.03194229   0.00702532     0.04960588  -0.01175755
 -0.07650727  -0.04437713     0.06813913  -0.02111891     0.02879041   0.04981082
    3    2
 -0.00244955   0.00000000    -0.01369597  -0.01722571     0.00949500  -0.00353793
 -0.01369597   0.01722571    -0.00474502   0.00000000    -0.00211818   0.00797094
 -0.00949500  -0.00353793     0.00211818   0.00797094    -0.04062463   0.00000000
    3    3
  0.17687362   0.00000000    -0.02406097  -0.00219927    -0.00708068   0.00006547
 -0.02406097   0.00219927     0.16623350   0.00000000     0.00153920  -0.00083177
 -0.00708068  -0.00006547     0.00153920   0.00083177     0.22118248   0.00000000

     Dynamical  Matrix in cartesian axes

     q = (   -0.500000000  -0.096225045   0.000000000 ) 

    1    1
  0.25740989   0.00000000     0.00118107  -0.06364549     0.00000000   0.00000000
  0.00118107   0.06364549     0.26162361   0.00000000     0.00000000   0.00000000
  0.00000000   0.00000000     0.00000000   0.00000000     0.22502215   0.00000000
    1    2
  0.00574725   0.00266349     0.03489019   0.00224952     0.09726385   0.00389905
  0.03995140  -0.00071539    -0.01538148  -0.03343454     0.03218768   0.04899118
  0.07074269   0.00469415     0.02331818   0.03164562    -0.02879041  -0.04981082
    1    3
  0.00574725   0.00266349     0.03489019   0.00224952    -0.09726385  -0.00389905
  0.03995140  -0.00071539    -0.01538148  -0.03343454    -0.03218768  -0.04899118
 -0.07074269  -0.00469415    -0.02331818  -0.03164562    -0.02879041  -0.04981082
    2    1
  0.00574725  -0.00266349     0.03995140   0.00071539     0.07074269  -0.00469415
  0.03489019  -0.00224952    -0.01538148   0.03343454     0.02331818  -0.03164562
  0.09726385  -0.00389905     0.03218768  -0.04899118    -0.02879041   0.04981082
    2    2
  0.18973094   0.00000000     0.01663779   0.00219927    -0.00487333  -0.00075307
  0.01663779  -0.00219927     0.15337618   0.00000000    -0.00536245   0.00035919
 -0.00487333   0.00075307    -0.00536245  -0.00035919     0.22118248   0.00000000
    2    3
  0.00768990   0.00000000     0.00784195   0.01722571     0.00658190   0.00867200
  0.00784195  -0.01722571    -0.01488448   0.00000000     0.00716382  -0.00092154
 -0.00658190   0.00867200    -0.00716382  -0.00092154    -0.04062463   0.00000000
    3    1
  0.00574725  -0.00266349     0.03995140   0.00071539    -0.07074269   0.00469415
  0.03489019  -0.00224952    -0.01538148   0.03343454    -0.02331818   0.03164562
 -0.09726385   0.00389905    -0.03218768   0.04899118    -0.02879041   0.04981082
    3    2
  0.00768990   0.00000000     0.00784195   0.01722571    -0.00658190  -0.00867200
  0.00784195  -0.01722571    -0.01488448   0.00000000    -0.00716382   0.00092154
  0.00658190  -0.00867200     0.00716382   0.00092154    -0.04062463   0.00000000
    3    3
  0.18973094   0.00000000     0.01663779   0.00219927     0.00487333   0.00075307
  0.01663779  -0.00219927     0.15337618   0.00000000     0.00536245  -0.00035919
  0.00487333  -0.00075307     0.00536245   0.00035919     0.22118248   0.00000000

     Dynamical  Matrix in cartesian axes

     q = (    0.500000000   0.096225045   0.000000000 ) 

    1    1
  0.25740989   0.00000000     0.00118107   0.06364549     0.00000000   0.00000000
  0.00118107  -0.06364549     0.26162361   0.00000000     0.00000000   0.00000000
  0.00000000   0.00000000     0.00000000   0.00000000     0.22502215   0.00000000
    1    2
  0.00574725  -0.00266349     0.03489019  -0.00224952     0.09726385  -0.00389905
  0.03995140   0.00071539    -0.01538148   0.03343454     0.03218768  -0.04899118
  0.07074269  -0.00469415     0.02331818  -0.03164562    -0.02879041   0.04981082
    1    3
  0.00574725  -0.00266349     0.03489019  -0.00224952    -0.09726385   0.00389905
  0.03995140   0.00071539    -0.01538148   0.03343454    -0.03218768   0.04899118
 -0.07074269   0.00469415    -0.02331818   0.03164562    -0.02879041   0.04981082
    2    1
  0.00574725   0.00266349     0.03995140  -0.00071539     0.07074269   0.00469415
  0.03489019   0.00224952    -0.01538148  -0.03343454     0.02331818   0.03164562
  0.09726385   0.00389905     0.03218768   0.04899118    -0.02879041  -0.04981082
    2    2
  0.18973094   0.00000000     0.01663779  -0.00219927    -0.00487333   0.00075307
  0.01663779   0.00219927     0.15337618   0.00000000    -0.00536245  -0.00035919
 -0.00487333  -0.00075307    -0.00536245   0.00035919     0.22118248   0.00000000
    2    3
  0.00768990   0.00000000     0.00784195  -0.01722571     0.00658190  -0.00867200
  0.00784195   0.01722571    -0.01488448   0.00000000     0.00716382   0.00092154
 -0.00658190  -0.00867200    -0.00716382   0.00092154    -0.04062463   0.00000000
    3    1
  0.00574725   0.00266349     0.03995140  -0.00071539    -0.07074269  -0.00469415
  0.03489019   0.00224952    -0.01538148  -0.03343454    -0.02331818  -0.03164562
 -0.09726385  -0.00389905    -0.03218768  -0.04899118    -0.02879041  -0.04981082
    3    2
  0.00768990   0.00000000     0.00784195  -0.01722571    -0.00658190   0.00867200
  0.00784195   0.01722571    -0.01488448   0.00000000    -0.00716382  -0.00092154
  0.00658190   0.00867200     0.00716382  -0.00092154    -0.04062463   0.00000000
    3    3
  0.18973094   0.00000000     0.01663779  -0.00219927     0.00487333  -0.00075307
  0.01663779   0.00219927     0.15337618   0.00000000     0.00536245   0.00035919
  0.00487333   0.00075307     0.00536245  -0.00035919     0.22118248   0.00000000

     Dynamical  Matrix in cartesian axes

     q = (   -0.333333333  -0.384900179   0.000000000 ) 

    1    1
  0.26159302   0.00000000    -0.00123406   0.06364549     0.00000000   0.00000000
 -0.00123406  -0.06364549     0.25744048   0.00000000     0.00000000   0.00000000
  0.00000000   0.00000000     0.00000000   0.00000000     0.22502215   0.00000000
    1    2
 -0.00941038  -0.03119222     0.02778007  -0.01905253     0.07668536  -0.04406868
  0.02781715  -0.01318694    -0.02205525   0.02415018     0.01578005  -0.06956967
  0.05354959  -0.03324462     0.01462060  -0.04883873    -0.05753264   0.00002781
    1    3
 -0.00941038  -0.03119222     0.02778007  -0.01905253    -0.07668536   0.04406868
  0.02781715  -0.01318694    -0.02205525   0.02415018    -0.01578005   0.06956967
 -0.05354959   0.03324462    -0.01462060   0.04883873    -0.05753264   0.00002781
    2    1
 -0.00941038   0.03119222     0.02781715   0.01318694     0.05354959   0.03324462
  0.02778007   0.01905253    -0.02205525  -0.02415018     0.01462060   0.04883873
  0.07668536   0.04406868     0.01578005   0.06956967    -0.05753264  -0.00002781
    2    2
  0.17687362   0.00000000     0.02406097  -0.00219927    -0.00708068  -0.00006547
  0.02406097   0.00219927     0.16623350   0.00000000    -0.00153920  -0.00083177
 -0.00708068   0.00006547    -0.00153920   0.00083177     0.22118248   0.00000000
    2    3
 -0.00244955   0.00000000     0.01369597  -0.01722571     0.00949500   0.00353793
  0.01369597   0.01722571    -0.00474502   0.00000000     0.00211818   0.00797094
 -0.00949500   0.00353793    -0.00211818   0.00797094    -0.04062463   0.00000000
    3    1
 -0.00941038   0.03119222     0.02781715   0.01318694    -0.05354959  -0.03324462
  0.02778007   0.01905253    -0.02205525  -0.02415018    -0.01462060  -0.04883873
 -0.07668536  -0.04406868    -0.01578005  -0.06956967    -0.05753264  -0.00002781
    3    2
 -0.00244955   0.00000000     0.01369597  -0.01722571    -0.00949500  -0.00353793
  0.01369597   0.01722571    -0.00474502   0.00000000    -0.00211818  -0.00797094
  0.00949500  -0.00353793     0.00211818  -0.00797094    -0.04062463   0.00000000
    3    3
  0.17687362   0.00000000     0.02406097  -0.00219927     0.00708068   0.00006547
  0.02406097   0.00219927     0.16623350   0.00000000     0.00153920   0.00083177
  0.00708068  -0.00006547     0.00153920  -0.00083177     0.22118248   0.00000000

     Dynamical  Matrix in cartesian axes

     q = (    0.333333333   0.384900179   0.000000000 ) 

    1    1
  0.26159302   0.00000000    -0.00123406  -0.06364549     0.00000000   0.00000000
 -0.00123406   0.06364549     0.25744048   0.00000000     0.00000000   0.00000000
  0.00000000   0.00000000     0.00000000   0.00000000     0.22502215   0.00000000
    1    2
 -0.00941038   0.03119222     0.02778007   0.01905253     0.07668536   0.04406868
  0.02781715   0.01318694    -0.02205525  -0.02415018     0.01578005   0.06956967
  0.05354959   0.03324462     0.01462060   0.04883873    -0.05753264  -0.00002781
    1    3
 -0.00941038   0.03119222     0.02778007   0.01905253    -0.07668536  -0.04406868
  0.02781715   0.01318694    -0.02205525  -0.02415018    -0.01578005  -0.06956967
 -0.05354959  -0.03324462    -0.01462060  -0.04883873    -0.05753264  -0.00002781
    2    1
 -0.00941038  -0.03119222     0.02781715  -0.01318694     0.05354959  -0.03324462
  0.02778007  -0.01905253    -0.02205525   0.02415018     0.01462060  -0.04883873
  0.07668536  -0.04406868     0.01578005  -0.06956967    -0.05753264   0.00002781
    2    2
  0.17687362   0.00000000     0.02406097   0.00219927    -0.00708068   0.00006547
  0.02406097  -0.00219927     0.16623350   0.00000000    -0.00153920   0.00083177
 -0.00708068  -0.00006547    -0.00153920  -0.00083177     0.22118248   0.00000000
    2    3
 -0.00244955   0.00000000     0.01369597   0.01722571     0.00949500  -0.00353793
  0.01369597  -0.01722571    -0.00474502   0.00000000     0.00211818  -0.00797094
 -0.00949500  -0.00353793    -0.00211818  -0.00797094    -0.04062463   0.00000000
    3    1
 -0.00941038  -0.03119222     0.02781715  -0.01318694    -0.05354959   0.03324462
  0.02778007  -0.01905253    -0.02205525   0.02415018    -0.01462060   0.04883873
 -0.07668536   0.04406868    -0.01578005   0.06956967    -0.05753264   0.00002781
    3    2
 -0.00244955   0.00000000     0.01369597   0.01722571    -0.00949500   0.00353793
  0.01369597  -0.01722571    -0.00474502   0.00000000    -0.00211818   0.00797094
  0.00949500   0.00353793     0.00211818   0.00797094    -0.04062463   0.00000000
    3    3
  0.17687362   0.00000000     0.02406097   0.00219927     0.00708068  -0.00006547
  0.02406097  -0.00219927     0.16623350   0.00000000     0.00153920  -0.00083177
  0.00708068   0.00006547     0.00153920   0.00083177     0.22118248   0.00000000

     Dynamical  Matrix in cartesian axes

     q = (    0.500000000  -0.096225045   0.000000000 ) 

    1    1
  0.25740989   0.00000000    -0.00118107   0.06364549     0.00000000   0.00000000
 -0.00118107  -0.06364549     0.26162361   0.00000000     0.00000000   0.00000000
  0.00000000   0.00000000     0.00000000   0.00000000     0.22502215   0.00000000
    1    2
 -0.00574725  -0.00266349     0.03489019   0.00224952     0.09726385   0.00389905
  0.03995140  -0.00071539     0.01538148   0.03343454    -0.03218768  -0.04899118
  0.07074269   0.00469415    -0.02331818  -0.03164562     0.02879041   0.04981082
    1    3
 -0.00574725  -0.00266349     0.03489019   0.00224952    -0.09726385  -0.00389905
  0.03995140  -0.00071539     0.01538148   0.03343454     0.03218768   0.04899118
 -0.07074269  -0.00469415     0.02331818   0.03164562     0.02879041   0.04981082
    2    1
 -0.00574725   0.00266349     0.03995140   0.00071539     0.07074269  -0.00469415
  0.03489019  -0.00224952     0.01538148  -0.03343454    -0.02331818   0.03164562
  0.09726385  -0.00389905    -0.03218768   0.04899118     0.02879041  -0.04981082
    2    2
  0.18973094   0.00000000    -0.01663779  -0.00219927     0.00487333   0.00075307
 -0.01663779   0.00219927     0.15337618   0.00000000    -0.00536245   0.00035919
  0.00487333  -0.00075307    -0.00536245  -0.00035919     0.22118248   0.00000000
    2    3
  0.00768990   0.00000000    -0.00784195  -0.01722571    -0.00658190  -0.00867200
 -0.00784195   0.01722571    -0.01488448   0.00000000     0.00716382  -0.00092154
  0.00658190  -0.00867200    -0.00716382  -0.00092154    -0.04062463   0.00000000
    3    1
 -0.00574725   0.00266349     0.03995140   0.00071539    -0.07074269   0.00469415
  0.03489019  -0.00224952     0.01538148  -0.03343454     0.02331818  -0.03164562
 -0.09726385   0.00389905     0.03218768  -0.04899118     0.02879041  -0.04981082
    3    2
  0.00768990   0.00000000    -0.00784195  -0.01722571     0.00658190   0.00867200
 -0.00784195   0.01722571    -0.01488448   0.00000000    -0.00716382   0.00092154
 -0.00658190   0.00867200     0.00716382   0.00092154    -0.04062463   0.00000000
    3    3
  0.18973094   0.00000000    -0.01663779  -0.00219927    -0.00487333  -0.00075307
 -0.01663779   0.00219927     0.15337618   0.00000000     0.00536245  -0.00035919
 -0.00487333   0.00075307     0.00536245   0.00035919     0.22118248   0.00000000

     Dynamical  Matrix in cartesian axes

     q = (   -0.500000000   0.096225045   0.000000000 ) 

    1    1
  0.25740989   0.00000000    -0.00118107  -0.06364549     0.00000000   0.00000000
 -0.00118107   0.06364549     0.26162361   0.00000000     0.00000000   0.00000000
  0.00000000   0.00000000     0.00000000   0.00000000     0.22502215   0.00000000
    1    2
 -0.00574725   0.00266349     0.03489019  -0.00224952     0.09726385  -0.00389905
  0.03995140   0.00071539     0.01538148  -0.03343454    -0.03218768   0.04899118
  0.07074269  -0.00469415    -0.02331818   0.03164562     0.02879041  -0.04981082
    1    3
 -0.00574725   0.00266349     0.03489019  -0.00224952    -0.09726385   0.00389905
  0.03995140   0.00071539     0.01538148  -0.03343454     0.03218768  -0.04899118
 -0.07074269   0.00469415     0.02331818  -0.03164562     0.02879041  -0.04981082
    2    1
 -0.00574725  -0.00266349     0.03995140  -0.00071539     0.07074269   0.00469415
  0.03489019   0.00224952     0.01538148   0.03343454    -0.02331818  -0.03164562
  0.09726385   0.00389905    -0.03218768  -0.04899118     0.02879041   0.04981082
    2    2
  0.18973094   0.00000000    -0.01663779   0.00219927     0.00487333  -0.00075307
 -0.01663779  -0.00219927     0.15337618   0.00000000    -0.00536245  -0.00035919
  0.00487333   0.00075307    -0.00536245   0.00035919     0.22118248   0.00000000
    2    3
  0.00768990   0.00000000    -0.00784195   0.01722571    -0.00658190   0.00867200
 -0.00784195  -0.01722571    -0.01488448   0.00000000     0.00716382   0.00092154
  0.00658190   0.00867200    -0.00716382   0.00092154    -0.04062463   0.00000000
    3    1
 -0.00574725  -0.00266349     0.03995140  -0.00071539    -0.07074269  -0.00469415
  0.03489019   0.00224952     0.01538148   0.03343454     0.02331818   0.03164562
 -0.09726385  -0.00389905     0.03218768   0.04899118     0.02879041   0.04981082
    3    2
  0.00768990   0.00000000    -0.00784195   0.01722571     0.00658190  -0.00867200
 -0.00784195  -0.01722571    -0.01488448   0.00000000    -0.00716382  -0.00092154
 -0.00658190  -0.00867200     0.00716382  -0.00092154    -0.04062463   0.00000000
    3    3
  0.18973094   0.00000000    -0.01663779   0.00219927    -0.00487333   0.00075307
 -0.01663779  -0.00219927     0.15337618   0.00000000     0.00536245   0.00035919
 -0.00487333  -0.00075307     0.00536245  -0.00035919     0.22118248   0.00000000

     Diagonalizing the dynamical matrix

     q = (    0.166666667   0.481125224   0.000000000 ) 

 **************************************************************************
     freq (    1) =       3.250782 [THz] =     108.434420 [cm-1]
 (  0.000000  0.000000  0.000000 -0.000000 -0.700508 -0.011750 ) 
 (  0.108536 -0.166150 -0.255762 -0.260996 -0.285756 -0.000000 ) 
 ( -0.108536  0.166150  0.255762  0.260996 -0.285756  0.000000 ) 
     freq (    2) =       3.620687 [THz] =     120.773130 [cm-1]
 ( -0.345283 -0.208565 -0.374805  0.492823 -0.000000 -0.000000 ) 
 ( -0.173392 -0.308218  0.228319  0.022076 -0.221999 -0.000000 ) 
 ( -0.173392 -0.308218  0.228319  0.022076  0.221999  0.000000 ) 
     freq (    3) =       4.903335 [THz] =     163.557663 [cm-1]
 ( -0.390466 -0.415484  0.331014 -0.251146  0.000000  0.000000 ) 
 ( -0.090937 -0.329215  0.009141 -0.082085  0.357294  0.000000 ) 
 ( -0.090937 -0.329215  0.009141 -0.082085 -0.357294  0.000000 ) 
     freq (    4) =       7.527788 [THz] =     251.099975 [cm-1]
 ( -0.273784 -0.153592 -0.056279  0.080507  0.000000 -0.000000 ) 
 (  0.367204  0.532807 -0.146935 -0.063983  0.038679 -0.000000 ) 
 (  0.367204  0.532807 -0.146935 -0.063983 -0.038679  0.000000 ) 
     freq (    5) =       7.870087 [THz] =     262.517852 [cm-1]
 (  0.000000 -0.000000 -0.000000  0.000000 -0.090277 -0.024927 ) 
 ( -0.552171  0.361529  0.119566  0.009643 -0.213611  0.000000 ) 
 (  0.552171 -0.361529 -0.119566 -0.009643 -0.213611  0.000000 ) 
     freq (    6) =       8.399669 [THz] =     280.182784 [cm-1]
 (  0.000000  0.000000 -0.000000  0.000000  0.070863  0.035472 ) 
 (  0.202765 -0.091785  0.265907  0.228067 -0.569738 -0.000000 ) 
 ( -0.202765  0.091785 -0.265907 -0.228067 -0.569738  0.000000 ) 
     freq (    7) =       8.950132 [THz] =     298.544284 [cm-1]
 (  0.003863  0.055400 -0.036643 -0.110711  0.000000 -0.000000 ) 
 (  0.177562  0.012454  0.513735 -0.442222 -0.022177  0.000000 ) 
 (  0.177562  0.012454  0.513735 -0.442222  0.022177  0.000000 ) 
     freq (    8) =       9.073276 [THz] =     302.651919 [cm-1]
 ( -0.000000  0.000000  0.000000 -0.000000 -0.294685  0.046306 ) 
 (  0.050600 -0.001054  0.488147  0.327179  0.328045 -0.000000 ) 
 ( -0.050600  0.001054 -0.488147 -0.327179  0.328045  0.000000 ) 
     freq (    9) =      10.667841 [THz] =     355.840867 [cm-1]
 (  0.071432  0.099281 -0.167340  0.157775 -0.000000  0.000000 ) 
 ( -0.016892  0.016719  0.064784  0.016683  0.678994 -0.000000 ) 
 ( -0.016892  0.016719  0.064784  0.016683 -0.678994  0.000000 ) 
 **************************************************************************
