Dynamical matrix file
NbS2                                                                       
  2    3   4   6.3305825   0.0000000   5.9701493   0.0000000   0.0000000   0.0000000
           1  'Nb  '    84678.6388502528     
           2  'S   '    29220.9024340635     
    1    1     -0.0000000001      0.5773502692      2.9850746269
    2    2      0.5000000001      0.2886751346      2.5187955594
    3    2      0.5000000001      0.2886751346      3.4513536943

     Dynamical  Matrix in cartesian axes

     q = (    0.083333333   0.336787657   0.000000000 ) 

    1    1
  0.18599041   0.00000000    -0.00465856  -0.01540713     0.00000000   0.00000000
 -0.00465856   0.01540713     0.17297268   0.00000000     0.00000000   0.00000000
  0.00000000   0.00000000     0.00000000   0.00000000     0.28751650   0.00000000
    1    2
 -0.05717296   0.01275447     0.00395141   0.01220574     0.01029762   0.02371638
  0.00550218   0.00985569    -0.00792538  -0.04143190    -0.06238789   0.07001877
  0.00423440   0.01682991    -0.04496204   0.05207007    -0.11338937  -0.03129406
    1    3
 -0.05717296   0.01275447     0.00395141   0.01220574    -0.01029762  -0.02371638
  0.00550218   0.00985569    -0.00792538  -0.04143190     0.06238789  -0.07001877
 -0.00423440  -0.01682991     0.04496204  -0.05207007    -0.11338937  -0.03129406
    2    1
 -0.05717296  -0.01275447     0.00550218  -0.00985569     0.00423440  -0.01682991
  0.00395141  -0.01220574    -0.00792538   0.04143190    -0.04496204  -0.05207007
  0.01029762  -0.02371638    -0.06238789  -0.07001877    -0.11338937   0.03129406
    2    2
  0.12368698   0.00000000     0.00677724   0.00109830    -0.00264782  -0.00004314
  0.00677724  -0.00109830     0.16434086   0.00000000     0.00805257   0.00004328
 -0.00264782   0.00004314     0.00805257  -0.00004328     0.23389774   0.00000000
    2    3
 -0.02055443   0.00000000     0.00547817   0.00769313     0.00369969  -0.00374993
  0.00547817  -0.00769313     0.00587050   0.00000000    -0.00790191  -0.01185711
 -0.00369969  -0.00374993     0.00790191  -0.01185711    -0.04854921   0.00000000
    3    1
 -0.05717296  -0.01275447     0.00550218  -0.00985569    -0.00423440   0.01682991
  0.00395141  -0.01220574    -0.00792538   0.04143190     0.04496204   0.05207007
 -0.01029762   0.02371638     0.06238789   0.07001877    -0.11338937   0.03129406
    3    2
 -0.02055443   0.00000000     0.00547817   0.00769313    -0.00369969   0.00374993
  0.00547817  -0.00769313     0.00587050   0.00000000     0.00790191   0.01185711
  0.00369969   0.00374993    -0.00790191   0.01185711    -0.04854921   0.00000000
    3    3
  0.12368698   0.00000000     0.00677724   0.00109830     0.00264782   0.00004314
  0.00677724  -0.00109830     0.16434086   0.00000000    -0.00805257  -0.00004328
  0.00264782  -0.00004314    -0.00805257   0.00004328     0.23389774   0.00000000

     Dynamical  Matrix in cartesian axes

     q = (   -0.083333333  -0.336787657   0.000000000 ) 

    1    1
  0.18599041   0.00000000    -0.00465856   0.01540713     0.00000000   0.00000000
 -0.00465856  -0.01540713     0.17297268   0.00000000     0.00000000   0.00000000
  0.00000000   0.00000000     0.00000000   0.00000000     0.28751650   0.00000000
    1    2
 -0.05717296  -0.01275447     0.00395141  -0.01220574     0.01029762  -0.02371638
  0.00550218  -0.00985569    -0.00792538   0.04143190    -0.06238789  -0.07001877
  0.00423440  -0.01682991    -0.04496204  -0.05207007    -0.11338937   0.03129406
    1    3
 -0.05717296  -0.01275447     0.00395141  -0.01220574    -0.01029762   0.02371638
  0.00550218  -0.00985569    -0.00792538   0.04143190     0.06238789   0.07001877
 -0.00423440   0.01682991     0.04496204   0.05207007    -0.11338937   0.03129406
    2    1
 -0.05717296   0.01275447     0.00550218   0.00985569     0.00423440   0.01682991
  0.00395141   0.01220574    -0.00792538  -0.04143190    -0.04496204   0.05207007
  0.01029762   0.02371638    -0.06238789   0.07001877    -0.11338937  -0.03129406
    2    2
  0.12368698   0.00000000     0.00677724  -0.00109830    -0.00264782   0.00004314
  0.00677724   0.00109830     0.16434086   0.00000000     0.00805257  -0.00004328
 -0.00264782  -0.00004314     0.00805257   0.00004328     0.23389774   0.00000000
    2    3
 -0.02055443   0.00000000     0.00547817  -0.00769313     0.00369969   0.00374993
  0.00547817   0.00769313     0.00587050   0.00000000    -0.00790191   0.01185711
 -0.00369969   0.00374993     0.00790191   0.01185711    -0.04854921   0.00000000
    3    1
 -0.05717296   0.01275447     0.00550218   0.00985569    -0.00423440  -0.01682991
  0.00395141   0.01220574    -0.00792538  -0.04143190     0.04496204  -0.05207007
 -0.01029762  -0.02371638     0.06238789  -0.07001877    -0.11338937  -0.03129406
    3    2
 -0.02055443   0.00000000     0.00547817  -0.00769313    -0.00369969  -0.00374993
  0.00547817   0.00769313     0.00587050   0.00000000     0.00790191  -0.01185711
  0.00369969  -0.00374993    -0.00790191  -0.01185711    -0.04854921   0.00000000
    3    3
  0.12368698   0.00000000     0.00677724  -0.00109830     0.00264782  -0.00004314
  0.00677724   0.00109830     0.16434086   0.00000000    -0.00805257   0.00004328
  0.00264782   0.00004314    -0.00805257  -0.00004328     0.23389774   0.00000000

     Dynamical  Matrix in cartesian axes

     q = (   -0.083333333   0.336787657   0.000000000 ) 

    1    1
  0.18599041   0.00000000     0.00465856   0.01540713     0.00000000   0.00000000
  0.00465856  -0.01540713     0.17297268   0.00000000     0.00000000   0.00000000
  0.00000000   0.00000000     0.00000000   0.00000000     0.28751650   0.00000000
    1    2
 -0.05589047  -0.01754078     0.00268085  -0.01254619     0.00294019  -0.02568779
  0.00016282  -0.01128637     0.01385237  -0.03984377    -0.08903889   0.02944408
  0.00474786  -0.01669233    -0.06497330   0.02261298    -0.08255105  -0.08379613
    1    3
 -0.05589047  -0.01754078     0.00268085  -0.01254619    -0.00294019   0.02568779
  0.00016282  -0.01128637     0.01385237  -0.03984377     0.08903889  -0.02944408
 -0.00474786   0.01669233     0.06497330  -0.02261298    -0.08255105  -0.08379613
    2    1
 -0.05589047   0.01754078     0.00016282   0.01128637     0.00474786   0.01669233
  0.00268085   0.01254619     0.01385237   0.03984377    -0.06497330  -0.02261298
  0.00294019   0.02568779    -0.08903889  -0.02944408    -0.08255105   0.08379613
    2    2
  0.12368698   0.00000000    -0.00677724  -0.00109830     0.00264782   0.00004314
 -0.00677724   0.00109830     0.16434086   0.00000000     0.00805257   0.00004328
  0.00264782  -0.00004314     0.00805257  -0.00004328     0.23389774   0.00000000
    2    3
 -0.02055443   0.00000000    -0.00547817  -0.00769313    -0.00369969   0.00374993
 -0.00547817   0.00769313     0.00587050   0.00000000    -0.00790191  -0.01185711
  0.00369969   0.00374993     0.00790191  -0.01185711    -0.04854921   0.00000000
    3    1
 -0.05589047   0.01754078     0.00016282   0.01128637    -0.00474786  -0.01669233
  0.00268085   0.01254619     0.01385237   0.03984377     0.06497330   0.02261298
 -0.00294019  -0.02568779     0.08903889   0.02944408    -0.08255105   0.08379613
    3    2
 -0.02055443   0.00000000    -0.00547817  -0.00769313     0.00369969  -0.00374993
 -0.00547817   0.00769313     0.00587050   0.00000000     0.00790191   0.01185711
 -0.00369969  -0.00374993    -0.00790191   0.01185711    -0.04854921   0.00000000
    3    3
  0.12368698   0.00000000    -0.00677724  -0.00109830    -0.00264782  -0.00004314
 -0.00677724   0.00109830     0.16434086   0.00000000    -0.00805257  -0.00004328
 -0.00264782   0.00004314    -0.00805257   0.00004328     0.23389774   0.00000000

     Dynamical  Matrix in cartesian axes

     q = (    0.083333333  -0.336787657   0.000000000 ) 

    1    1
  0.18599041   0.00000000     0.00465856  -0.01540713     0.00000000   0.00000000
  0.00465856   0.01540713     0.17297268   0.00000000     0.00000000   0.00000000
  0.00000000   0.00000000     0.00000000   0.00000000     0.28751650   0.00000000
    1    2
 -0.05589047   0.01754078     0.00268085   0.01254619     0.00294019   0.02568779
  0.00016282   0.01128637     0.01385237   0.03984377    -0.08903889  -0.02944408
  0.00474786   0.01669233    -0.06497330  -0.02261298    -0.08255105   0.08379613
    1    3
 -0.05589047   0.01754078     0.00268085   0.01254619    -0.00294019  -0.02568779
  0.00016282   0.01128637     0.01385237   0.03984377     0.08903889   0.02944408
 -0.00474786  -0.01669233     0.06497330   0.02261298    -0.08255105   0.08379613
    2    1
 -0.05589047  -0.01754078     0.00016282  -0.01128637     0.00474786  -0.01669233
  0.00268085  -0.01254619     0.01385237  -0.03984377    -0.06497330   0.02261298
  0.00294019  -0.02568779    -0.08903889   0.02944408    -0.08255105  -0.08379613
    2    2
  0.12368698   0.00000000    -0.00677724   0.00109830     0.00264782  -0.00004314
 -0.00677724  -0.00109830     0.16434086   0.00000000     0.00805257  -0.00004328
  0.00264782   0.00004314     0.00805257   0.00004328     0.23389774   0.00000000
    2    3
 -0.02055443   0.00000000    -0.00547817   0.00769313    -0.00369969  -0.00374993
 -0.00547817  -0.00769313     0.00587050   0.00000000    -0.00790191   0.01185711
  0.00369969  -0.00374993     0.00790191   0.01185711    -0.04854921   0.00000000
    3    1
 -0.05589047  -0.01754078     0.00016282  -0.01128637    -0.00474786   0.01669233
  0.00268085  -0.01254619     0.01385237  -0.03984377     0.06497330  -0.02261298
 -0.00294019   0.02568779     0.08903889  -0.02944408    -0.08255105  -0.08379613
    3    2
 -0.02055443   0.00000000    -0.00547817   0.00769313     0.00369969   0.00374993
 -0.00547817  -0.00769313     0.00587050   0.00000000     0.00790191  -0.01185711
 -0.00369969   0.00374993    -0.00790191  -0.01185711    -0.04854921   0.00000000
    3    3
  0.12368698   0.00000000    -0.00677724   0.00109830    -0.00264782   0.00004314
 -0.00677724  -0.00109830     0.16434086   0.00000000    -0.00805257   0.00004328
 -0.00264782  -0.00004314    -0.00805257  -0.00004328     0.23389774   0.00000000

     Dynamical  Matrix in cartesian axes

     q = (    0.250000000  -0.240562612   0.000000000 ) 

    1    1
  0.18026154   0.00000000     0.00796612  -0.01540713     0.00000000   0.00000000
  0.00796612   0.01540713     0.17870155   0.00000000     0.00000000   0.00000000
  0.00000000   0.00000000     0.00000000   0.00000000     0.28751650   0.00000000
    1    2
 -0.03743819   0.02433080     0.01912306   0.02446361     0.04877984   0.05917831
  0.01677300   0.02291284     0.00876076   0.04076754    -0.05554837  -0.02227595
  0.03667905   0.04105547    -0.04061017  -0.01881393    -0.03129406   0.11338937
    1    3
 -0.03743819   0.02433080     0.01912306   0.02446361    -0.04877984  -0.05917831
  0.01677300   0.02291284     0.00876076   0.04076754     0.05554837   0.02227595
 -0.03667905  -0.04105547     0.04061017   0.01881393    -0.03129406   0.11338937
    2    1
 -0.03743819  -0.02433080     0.01677300  -0.02291284     0.03667905  -0.04105547
  0.01912306  -0.02446361     0.00876076  -0.04076754    -0.04061017   0.01881393
  0.04877984  -0.05917831    -0.05554837   0.02227595    -0.03129406  -0.11338937
    2    2
  0.14830813   0.00000000    -0.02099227   0.00109830     0.00829764   0.00005906
 -0.02099227  -0.00109830     0.13971971   0.00000000    -0.00173320   0.00001572
  0.00829764  -0.00005906    -0.00173320  -0.00001572     0.23389774   0.00000000
    2    3
 -0.00547996   0.00000000    -0.01418142   0.00769313    -0.00869310  -0.00839359
 -0.01418142  -0.00769313    -0.00920396   0.00000000     0.00074693   0.00917609
  0.00869310  -0.00839359    -0.00074693   0.00917609    -0.04854921   0.00000000
    3    1
 -0.03743819  -0.02433080     0.01677300  -0.02291284    -0.03667905   0.04105547
  0.01912306  -0.02446361     0.00876076  -0.04076754     0.04061017  -0.01881393
 -0.04877984   0.05917831     0.05554837  -0.02227595    -0.03129406  -0.11338937
    3    2
 -0.00547996   0.00000000    -0.01418142   0.00769313     0.00869310   0.00839359
 -0.01418142  -0.00769313    -0.00920396   0.00000000    -0.00074693  -0.00917609
 -0.00869310   0.00839359     0.00074693  -0.00917609    -0.04854921   0.00000000
    3    3
  0.14830813   0.00000000    -0.02099227   0.00109830    -0.00829764  -0.00005906
 -0.02099227  -0.00109830     0.13971971   0.00000000     0.00173320  -0.00001572
 -0.00829764   0.00005906     0.00173320   0.00001572     0.23389774   0.00000000

     Dynamical  Matrix in cartesian axes

     q = (   -0.250000000   0.240562612   0.000000000 ) 

    1    1
  0.18026154   0.00000000     0.00796612   0.01540713     0.00000000   0.00000000
  0.00796612  -0.01540713     0.17870155   0.00000000     0.00000000   0.00000000
  0.00000000   0.00000000     0.00000000   0.00000000     0.28751650   0.00000000
    1    2
 -0.03743819  -0.02433080     0.01912306  -0.02446361     0.04877984  -0.05917831
  0.01677300  -0.02291284     0.00876076  -0.04076754    -0.05554837   0.02227595
  0.03667905  -0.04105547    -0.04061017   0.01881393    -0.03129406  -0.11338937
    1    3
 -0.03743819  -0.02433080     0.01912306  -0.02446361    -0.04877984   0.05917831
  0.01677300  -0.02291284     0.00876076  -0.04076754     0.05554837  -0.02227595
 -0.03667905   0.04105547     0.04061017  -0.01881393    -0.03129406  -0.11338937
    2    1
 -0.03743819   0.02433080     0.01677300   0.02291284     0.03667905   0.04105547
  0.01912306   0.02446361     0.00876076   0.04076754    -0.04061017  -0.01881393
  0.04877984   0.05917831    -0.05554837  -0.02227595    -0.03129406   0.11338937
    2    2
  0.14830813   0.00000000    -0.02099227  -0.00109830     0.00829764  -0.00005906
 -0.02099227   0.00109830     0.13971971   0.00000000    -0.00173320  -0.00001572
  0.00829764   0.00005906    -0.00173320   0.00001572     0.23389774   0.00000000
    2    3
 -0.00547996   0.00000000    -0.01418142  -0.00769313    -0.00869310   0.00839359
 -0.01418142   0.00769313    -0.00920396   0.00000000     0.00074693  -0.00917609
  0.00869310   0.00839359    -0.00074693  -0.00917609    -0.04854921   0.00000000
    3    1
 -0.03743819   0.02433080     0.01677300   0.02291284    -0.03667905  -0.04105547
  0.01912306   0.02446361     0.00876076   0.04076754     0.04061017   0.01881393
 -0.04877984  -0.05917831     0.05554837   0.02227595    -0.03129406   0.11338937
    3    2
 -0.00547996   0.00000000    -0.01418142  -0.00769313     0.00869310  -0.00839359
 -0.01418142   0.00769313    -0.00920396   0.00000000    -0.00074693   0.00917609
 -0.00869310  -0.00839359     0.00074693   0.00917609    -0.04854921   0.00000000
    3    3
  0.14830813   0.00000000    -0.02099227  -0.00109830    -0.00829764   0.00005906
 -0.02099227   0.00109830     0.13971971   0.00000000     0.00173320   0.00001572
 -0.00829764  -0.00005906     0.00173320  -0.00001572     0.23389774   0.00000000

     Dynamical  Matrix in cartesian axes

     q = (   -0.333333333  -0.096225045   0.000000000 ) 

    1    1
  0.17219268   0.00000000    -0.00330757  -0.01540713     0.00000000   0.00000000
 -0.00330757   0.01540713     0.18677041   0.00000000     0.00000000   0.00000000
  0.00000000   0.00000000     0.00000000   0.00000000     0.28751650   0.00000000
    1    2
 -0.00481468  -0.02394822     0.02965144  -0.01498571     0.07858003  -0.03834322
  0.03216947  -0.01624553    -0.03722342  -0.03343633     0.04197316   0.00752424
  0.05864246  -0.02792958     0.02837488   0.00314949    -0.08255105  -0.08379613
    1    3
 -0.00481468  -0.02394822     0.02965144  -0.01498571    -0.07858003   0.03834322
  0.03216947  -0.01624553    -0.03722342  -0.03343633    -0.04197316  -0.00752424
 -0.05864246   0.02792958    -0.02837488  -0.00314949    -0.08255105  -0.08379613
    2    1
 -0.00481468   0.02394822     0.03216947   0.01624553     0.05864246   0.02792958
  0.02965144   0.01498571    -0.03722342   0.03343633     0.02837488  -0.00314949
  0.07858003   0.03834322     0.04197316  -0.00752424    -0.08255105   0.08379613
    2    2
  0.16004665   0.00000000     0.01421503   0.00109830    -0.00564982  -0.00001591
  0.01421503  -0.00109830     0.12798119   0.00000000    -0.00631937  -0.00005900
 -0.00564982   0.00001591    -0.00631937   0.00005900     0.23389774   0.00000000
    2    3
  0.00400850   0.00000000     0.00870325   0.00769313     0.00499341   0.01214353
  0.00870325  -0.00769313    -0.01869243   0.00000000     0.00715498   0.00268102
 -0.00499341   0.01214353    -0.00715498   0.00268102    -0.04854921   0.00000000
    3    1
 -0.00481468   0.02394822     0.03216947   0.01624553    -0.05864246  -0.02792958
  0.02965144   0.01498571    -0.03722342   0.03343633    -0.02837488   0.00314949
 -0.07858003  -0.03834322    -0.04197316   0.00752424    -0.08255105   0.08379613
    3    2
  0.00400850   0.00000000     0.00870325   0.00769313    -0.00499341  -0.01214353
  0.00870325  -0.00769313    -0.01869243   0.00000000    -0.00715498  -0.00268102
  0.00499341  -0.01214353     0.00715498  -0.00268102    -0.04854921   0.00000000
    3    3
  0.16004665   0.00000000     0.01421503   0.00109830     0.00564982   0.00001591
  0.01421503  -0.00109830     0.12798119   0.00000000     0.00631937   0.00005900
  0.00564982  -0.00001591     0.00631937  -0.00005900     0.23389774   0.00000000

     Dynamical  Matrix in cartesian axes

     q = (    0.333333333   0.096225045   0.000000000 ) 

    1    1
  0.17219268   0.00000000    -0.00330757   0.01540713     0.00000000   0.00000000
 -0.00330757  -0.01540713     0.18677041   0.00000000     0.00000000   0.00000000
  0.00000000   0.00000000     0.00000000   0.00000000     0.28751650   0.00000000
    1    2
 -0.00481468   0.02394822     0.02965144   0.01498571     0.07858003   0.03834322
  0.03216947   0.01624553    -0.03722342   0.03343633     0.04197316  -0.00752424
  0.05864246   0.02792958     0.02837488  -0.00314949    -0.08255105   0.08379613
    1    3
 -0.00481468   0.02394822     0.02965144   0.01498571    -0.07858003  -0.03834322
  0.03216947   0.01624553    -0.03722342   0.03343633    -0.04197316   0.00752424
 -0.05864246  -0.02792958    -0.02837488   0.00314949    -0.08255105   0.08379613
    2    1
 -0.00481468  -0.02394822     0.03216947  -0.01624553     0.05864246  -0.02792958
  0.02965144  -0.01498571    -0.03722342  -0.03343633     0.02837488   0.00314949
  0.07858003  -0.03834322     0.04197316   0.00752424    -0.08255105  -0.08379613
    2    2
  0.16004665   0.00000000     0.01421503  -0.00109830    -0.00564982   0.00001591
  0.01421503   0.00109830     0.12798119   0.00000000    -0.00631937   0.00005900
 -0.00564982  -0.00001591    -0.00631937  -0.00005900     0.23389774   0.00000000
    2    3
  0.00400850   0.00000000     0.00870325  -0.00769313     0.00499341  -0.01214353
  0.00870325   0.00769313    -0.01869243   0.00000000     0.00715498  -0.00268102
 -0.00499341  -0.01214353    -0.00715498  -0.00268102    -0.04854921   0.00000000
    3    1
 -0.00481468  -0.02394822     0.03216947  -0.01624553    -0.05864246   0.02792958
  0.02965144  -0.01498571    -0.03722342  -0.03343633    -0.02837488  -0.00314949
 -0.07858003   0.03834322    -0.04197316  -0.00752424    -0.08255105  -0.08379613
    3    2
  0.00400850   0.00000000     0.00870325  -0.00769313    -0.00499341   0.01214353
  0.00870325   0.00769313    -0.01869243   0.00000000    -0.00715498   0.00268102
  0.00499341   0.01214353     0.00715498   0.00268102    -0.04854921   0.00000000
    3    3
  0.16004665   0.00000000     0.01421503  -0.00109830     0.00564982  -0.00001591
  0.01421503   0.00109830     0.12798119   0.00000000     0.00631937  -0.00005900
  0.00564982   0.00001591     0.00631937   0.00005900     0.23389774   0.00000000

     Dynamical  Matrix in cartesian axes

     q = (   -0.250000000  -0.240562612   0.000000000 ) 

    1    1
  0.18026154   0.00000000    -0.00796612   0.01540713     0.00000000   0.00000000
 -0.00796612  -0.01540713     0.17870155   0.00000000     0.00000000   0.00000000
  0.00000000   0.00000000     0.00000000   0.00000000     0.28751650   0.00000000
    1    2
 -0.02433080  -0.03743819     0.02446361  -0.01912306     0.05917831  -0.04877984
  0.02291284  -0.01677300    -0.04076754   0.00876076     0.02227595  -0.05554837
  0.04105547  -0.03667905     0.01881393  -0.04061017    -0.11338937  -0.03129406
    1    3
 -0.02433080  -0.03743819     0.02446361  -0.01912306    -0.05917831   0.04877984
  0.02291284  -0.01677300    -0.04076754   0.00876076    -0.02227595   0.05554837
 -0.04105547   0.03667905    -0.01881393   0.04061017    -0.11338937  -0.03129406
    2    1
 -0.02433080   0.03743819     0.02291284   0.01677300     0.04105547   0.03667905
  0.02446361   0.01912306    -0.04076754  -0.00876076     0.01881393   0.04061017
  0.05917831   0.04877984     0.02227595   0.05554837    -0.11338937   0.03129406
    2    2
  0.14830813   0.00000000     0.02099227  -0.00109830    -0.00829764  -0.00005906
  0.02099227   0.00109830     0.13971971   0.00000000    -0.00173320   0.00001572
 -0.00829764   0.00005906    -0.00173320  -0.00001572     0.23389774   0.00000000
    2    3
 -0.00547996   0.00000000     0.01418142  -0.00769313     0.00869310   0.00839359
  0.01418142   0.00769313    -0.00920396   0.00000000     0.00074693   0.00917609
 -0.00869310   0.00839359    -0.00074693   0.00917609    -0.04854921   0.00000000
    3    1
 -0.02433080   0.03743819     0.02291284   0.01677300    -0.04105547  -0.03667905
  0.02446361   0.01912306    -0.04076754  -0.00876076    -0.01881393  -0.04061017
 -0.05917831  -0.04877984    -0.02227595  -0.05554837    -0.11338937   0.03129406
    3    2
 -0.00547996   0.00000000     0.01418142  -0.00769313    -0.00869310  -0.00839359
  0.01418142   0.00769313    -0.00920396   0.00000000    -0.00074693  -0.00917609
  0.00869310  -0.00839359     0.00074693  -0.00917609    -0.04854921   0.00000000
    3    3
  0.14830813   0.00000000     0.02099227  -0.00109830     0.00829764   0.00005906
  0.02099227   0.00109830     0.13971971   0.00000000     0.00173320  -0.00001572
  0.00829764  -0.00005906     0.00173320   0.00001572     0.23389774   0.00000000

     Dynamical  Matrix in cartesian axes

     q = (    0.250000000   0.240562612   0.000000000 ) 

    1    1
  0.18026154   0.00000000    -0.00796612  -0.01540713     0.00000000   0.00000000
 -0.00796612   0.01540713     0.17870155   0.00000000     0.00000000   0.00000000
  0.00000000   0.00000000     0.00000000   0.00000000     0.28751650   0.00000000
    1    2
 -0.02433080   0.03743819     0.02446361   0.01912306     0.05917831   0.04877984
  0.02291284   0.01677300    -0.04076754  -0.00876076     0.02227595   0.05554837
  0.04105547   0.03667905     0.01881393   0.04061017    -0.11338937   0.03129406
    1    3
 -0.02433080   0.03743819     0.02446361   0.01912306    -0.05917831  -0.04877984
  0.02291284   0.01677300    -0.04076754  -0.00876076    -0.02227595  -0.05554837
 -0.04105547  -0.03667905    -0.01881393  -0.04061017    -0.11338937   0.03129406
    2    1
 -0.02433080  -0.03743819     0.02291284  -0.01677300     0.04105547  -0.03667905
  0.02446361  -0.01912306    -0.04076754   0.00876076     0.01881393  -0.04061017
  0.05917831  -0.04877984     0.02227595  -0.05554837    -0.11338937  -0.03129406
    2    2
  0.14830813   0.00000000     0.02099227   0.00109830    -0.00829764   0.00005906
  0.02099227  -0.00109830     0.13971971   0.00000000    -0.00173320  -0.00001572
 -0.00829764  -0.00005906    -0.00173320   0.00001572     0.23389774   0.00000000
    2    3
 -0.00547996   0.00000000     0.01418142   0.00769313     0.00869310  -0.00839359
  0.01418142  -0.00769313    -0.00920396   0.00000000     0.00074693  -0.00917609
 -0.00869310  -0.00839359    -0.00074693  -0.00917609    -0.04854921   0.00000000
    3    1
 -0.02433080  -0.03743819     0.02291284  -0.01677300    -0.04105547   0.03667905
  0.02446361  -0.01912306    -0.04076754   0.00876076    -0.01881393   0.04061017
 -0.05917831   0.04877984    -0.02227595   0.05554837    -0.11338937  -0.03129406
    3    2
 -0.00547996   0.00000000     0.01418142   0.00769313    -0.00869310   0.00839359
  0.01418142  -0.00769313    -0.00920396   0.00000000    -0.00074693   0.00917609
  0.00869310   0.00839359     0.00074693   0.00917609    -0.04854921   0.00000000
    3    3
  0.14830813   0.00000000     0.02099227   0.00109830     0.00829764  -0.00005906
  0.02099227  -0.00109830     0.13971971   0.00000000     0.00173320   0.00001572
  0.00829764   0.00005906     0.00173320  -0.00001572     0.23389774   0.00000000

     Dynamical  Matrix in cartesian axes

     q = (    0.333333333  -0.096225045   0.000000000 ) 

    1    1
  0.17219268   0.00000000     0.00330757   0.01540713     0.00000000   0.00000000
  0.00330757  -0.01540713     0.18677041   0.00000000     0.00000000   0.00000000
  0.00000000   0.00000000     0.00000000   0.00000000     0.28751650   0.00000000
    1    2
 -0.01833243   0.01614375     0.02780372   0.01818604     0.07249622   0.04888069
  0.03015377   0.01973681    -0.01034500   0.04895459    -0.01447040  -0.04011195
  0.05350896   0.03682107    -0.01145990  -0.02614811    -0.03129406   0.11338937
    1    3
 -0.01833243   0.01614375     0.02780372   0.01818604    -0.07249622  -0.04888069
  0.03015377   0.01973681    -0.01034500   0.04895459     0.01447040   0.04011195
 -0.05350896  -0.03682107     0.01145990   0.02614811    -0.03129406   0.11338937
    2    1
 -0.01833243  -0.01614375     0.03015377  -0.01973681     0.05350896  -0.03682107
  0.02780372  -0.01818604    -0.01034500  -0.04895459    -0.01145990   0.02614811
  0.07249622  -0.04888069    -0.01447040   0.04011195    -0.03129406  -0.11338937
    2    2
  0.16004665   0.00000000    -0.01421503  -0.00109830     0.00564982   0.00001591
 -0.01421503   0.00109830     0.12798119   0.00000000    -0.00631937  -0.00005900
  0.00564982  -0.00001591    -0.00631937   0.00005900     0.23389774   0.00000000
    2    3
  0.00400850   0.00000000    -0.00870325  -0.00769313    -0.00499341  -0.01214353
 -0.00870325   0.00769313    -0.01869243   0.00000000     0.00715498   0.00268102
  0.00499341  -0.01214353    -0.00715498   0.00268102    -0.04854921   0.00000000
    3    1
 -0.01833243  -0.01614375     0.03015377  -0.01973681    -0.05350896   0.03682107
  0.02780372  -0.01818604    -0.01034500  -0.04895459     0.01145990  -0.02614811
 -0.07249622   0.04888069     0.01447040  -0.04011195    -0.03129406  -0.11338937
    3    2
  0.00400850   0.00000000    -0.00870325  -0.00769313     0.00499341   0.01214353
 -0.00870325   0.00769313    -0.01869243   0.00000000    -0.00715498  -0.00268102
 -0.00499341   0.01214353     0.00715498  -0.00268102    -0.04854921   0.00000000
    3    3
  0.16004665   0.00000000    -0.01421503  -0.00109830    -0.00564982  -0.00001591
 -0.01421503   0.00109830     0.12798119   0.00000000     0.00631937   0.00005900
 -0.00564982   0.00001591     0.00631937  -0.00005900     0.23389774   0.00000000

     Dynamical  Matrix in cartesian axes

     q = (   -0.333333333   0.096225045   0.000000000 ) 

    1    1
  0.17219268   0.00000000     0.00330757  -0.01540713     0.00000000   0.00000000
  0.00330757   0.01540713     0.18677041   0.00000000     0.00000000   0.00000000
  0.00000000   0.00000000     0.00000000   0.00000000     0.28751650   0.00000000
    1    2
 -0.01833243  -0.01614375     0.02780372  -0.01818604     0.07249622  -0.04888069
  0.03015377  -0.01973681    -0.01034500  -0.04895459    -0.01447040   0.04011195
  0.05350896  -0.03682107    -0.01145990   0.02614811    -0.03129406  -0.11338937
    1    3
 -0.01833243  -0.01614375     0.02780372  -0.01818604    -0.07249622   0.04888069
  0.03015377  -0.01973681    -0.01034500  -0.04895459     0.01447040  -0.04011195
 -0.05350896   0.03682107     0.01145990  -0.02614811    -0.03129406  -0.11338937
    2    1
 -0.01833243   0.01614375     0.03015377   0.01973681     0.05350896   0.03682107
  0.02780372   0.01818604    -0.01034500   0.04895459    -0.01145990  -0.02614811
  0.07249622   0.04888069    -0.01447040  -0.04011195    -0.03129406   0.11338937
    2    2
  0.16004665   0.00000000    -0.01421503   0.00109830     0.00564982  -0.00001591
 -0.01421503  -0.00109830     0.12798119   0.00000000    -0.00631937   0.00005900
  0.00564982   0.00001591    -0.00631937  -0.00005900     0.23389774   0.00000000
    2    3
  0.00400850   0.00000000    -0.00870325   0.00769313    -0.00499341   0.01214353
 -0.00870325  -0.00769313    -0.01869243   0.00000000     0.00715498  -0.00268102
  0.00499341   0.01214353    -0.00715498  -0.00268102    -0.04854921   0.00000000
    3    1
 -0.01833243   0.01614375     0.03015377   0.01973681    -0.05350896  -0.03682107
  0.02780372   0.01818604    -0.01034500   0.04895459     0.01145990   0.02614811
 -0.07249622  -0.04888069     0.01447040   0.04011195    -0.03129406   0.11338937
    3    2
  0.00400850   0.00000000    -0.00870325   0.00769313     0.00499341  -0.01214353
 -0.00870325  -0.00769313    -0.01869243   0.00000000    -0.00715498   0.00268102
 -0.00499341  -0.01214353     0.00715498   0.00268102    -0.04854921   0.00000000
    3    3
  0.16004665   0.00000000    -0.01421503   0.00109830    -0.00564982   0.00001591
 -0.01421503  -0.00109830     0.12798119   0.00000000     0.00631937  -0.00005900
 -0.00564982  -0.00001591     0.00631937   0.00005900     0.23389774   0.00000000

     Diagonalizing the dynamical matrix

     q = (    0.083333333   0.336787657   0.000000000 ) 

 **************************************************************************
     freq (    1) =       2.220930 [THz] =      74.082249 [cm-1]
 ( -0.000000  0.000000 -0.000000  0.000000  0.586911  0.173980 ) 
 ( -0.061349  0.085822  0.123378  0.302377  0.441418  0.000000 ) 
 (  0.061349 -0.085822 -0.123378 -0.302377  0.441418  0.000000 ) 
     freq (    2) =       2.672686 [THz] =      89.151211 [cm-1]
 ( -0.296103 -0.195644 -0.352534  0.513632 -0.000000 -0.000000 ) 
 ( -0.241577 -0.284801  0.204591  0.130628 -0.211144 -0.000000 ) 
 ( -0.241577 -0.284801  0.204591  0.130628  0.211144  0.000000 ) 
     freq (    3) =       3.471399 [THz] =     115.793419 [cm-1]
 (  0.368695  0.457810 -0.321136  0.281287 -0.000000  0.000000 ) 
 (  0.197889  0.359346  0.000420  0.132414 -0.224251  0.000000 ) 
 (  0.197889  0.359346  0.000420  0.132414  0.224251  0.000000 ) 
     freq (    4) =       7.075895 [THz] =     236.026440 [cm-1]
 ( -0.359331  0.041154  0.025508  0.091423  0.000000  0.000000 ) 
 (  0.644377  0.049224 -0.108805 -0.003128  0.024412  0.000000 ) 
 (  0.644377  0.049224 -0.108805 -0.003128 -0.024412  0.000000 ) 
     freq (    5) =       7.324391 [THz] =     244.315378 [cm-1]
 (  0.000000 -0.000000 -0.000000 -0.000000  0.039904  0.018094 ) 
 (  0.646859 -0.243675 -0.117979 -0.003541  0.085468  0.000000 ) 
 ( -0.646859  0.243675  0.117979  0.003541  0.085468  0.000000 ) 
     freq (    6) =       8.021355 [THz] =     267.563615 [cm-1]
 ( -0.000000 -0.000000  0.000000 -0.000000 -0.090807  0.010209 ) 
 (  0.120381  0.050506  0.288246  0.559383 -0.287728 -0.000000 ) 
 ( -0.120381 -0.050506 -0.288246 -0.559383 -0.287728  0.000000 ) 
     freq (    7) =       8.227753 [THz] =     274.448305 [cm-1]
 (  0.022132  0.046641 -0.138290 -0.059901 -0.000000 -0.000000 ) 
 (  0.094622 -0.080878  0.333889 -0.599493 -0.030699 -0.000000 ) 
 (  0.094622 -0.080878  0.333889 -0.599493  0.030699  0.000000 ) 
     freq (    8) =       9.726179 [THz] =     324.430412 [cm-1]
 (  0.000000 -0.000000  0.000000 -0.000000 -0.374845 -0.090388 ) 
 ( -0.010721  0.026824  0.124306  0.167658  0.617467  0.000000 ) 
 (  0.010721 -0.026824 -0.124306 -0.167658  0.617467  0.000000 ) 
     freq (    9) =      10.713554 [THz] =     357.365711 [cm-1]
 ( -0.026479 -0.047539  0.120103 -0.127311 -0.000000 -0.000000 ) 
 (  0.020441 -0.009986 -0.051899 -0.017353 -0.692597 -0.000000 ) 
 (  0.020441 -0.009986 -0.051899 -0.017353  0.692597  0.000000 ) 
 **************************************************************************
