Dynamical matrix file
NbS2                                                                       
  2    3   4   6.3305825   0.0000000   5.9701493   0.0000000   0.0000000   0.0000000
           1  'Nb  '    84678.6388502528     
           2  'S   '    29220.9024340635     
    1    1     -0.0000000001      0.5773502692      2.9850746269
    2    2      0.5000000001      0.2886751346      2.5187955594
    3    2      0.5000000001      0.2886751346      3.4513536943

     Dynamical  Matrix in cartesian axes

     q = (    0.166666667   0.384900179   0.000000000 ) 

    1    1
  0.23317801   0.00000000    -0.00439434  -0.03906446     0.00000000   0.00000000
 -0.00439434   0.03906446     0.22709980   0.00000000     0.00000000   0.00000000
  0.00000000   0.00000000     0.00000000   0.00000000     0.25286972   0.00000000
    1    2
 -0.04687838   0.02729203     0.01089079   0.01991135     0.02831742   0.04018148
  0.01170428   0.01584497    -0.00923468  -0.03810093    -0.04733505   0.07946586
  0.01568335   0.02878694    -0.03304830   0.05896314    -0.08845592  -0.00813063
    1    3
 -0.04687838   0.02729203     0.01089079   0.01991135    -0.02831742  -0.04018148
  0.01170428   0.01584497    -0.00923468  -0.03810093     0.04733505  -0.07946586
 -0.01568335  -0.02878694     0.03304830  -0.05896314    -0.08845592  -0.00813063
    2    1
 -0.04687838  -0.02729203     0.01170428  -0.01584497     0.01568335  -0.02878694
  0.01089079  -0.01991135    -0.00923468   0.03810093    -0.03304830  -0.05896314
  0.02831742  -0.04018148    -0.04733505  -0.07946586    -0.08845592   0.00813063
    2    2
  0.14285804   0.00000000     0.01254953   0.00227682    -0.00395833   0.00013998
  0.01254953  -0.00227682     0.17641053   0.00000000     0.00546477   0.00036828
 -0.00395833  -0.00013998     0.00546477  -0.00036828     0.22666846   0.00000000
    2    3
 -0.01552498   0.00000000     0.00948066   0.01517283     0.00562752  -0.00575079
  0.00948066  -0.01517283     0.00550613   0.00000000    -0.00673050  -0.01105751
 -0.00562752  -0.00575079     0.00673050  -0.01105751    -0.04411876   0.00000000
    3    1
 -0.04687838  -0.02729203     0.01170428  -0.01584497    -0.01568335   0.02878694
  0.01089079  -0.01991135    -0.00923468   0.03810093     0.03304830   0.05896314
 -0.02831742   0.04018148     0.04733505   0.07946586    -0.08845592   0.00813063
    3    2
 -0.01552498   0.00000000     0.00948066   0.01517283    -0.00562752   0.00575079
  0.00948066  -0.01517283     0.00550613   0.00000000     0.00673050   0.01105751
  0.00562752   0.00575079    -0.00673050   0.01105751    -0.04411876   0.00000000
    3    3
  0.14285804   0.00000000     0.01254953   0.00227682     0.00395833  -0.00013998
  0.01254953  -0.00227682     0.17641053   0.00000000    -0.00546477  -0.00036828
  0.00395833   0.00013998    -0.00546477   0.00036828     0.22666846   0.00000000

     Dynamical  Matrix in cartesian axes

     q = (   -0.166666667  -0.384900179   0.000000000 ) 

    1    1
  0.23317801   0.00000000    -0.00439434   0.03906446     0.00000000   0.00000000
 -0.00439434  -0.03906446     0.22709980   0.00000000     0.00000000   0.00000000
  0.00000000   0.00000000     0.00000000   0.00000000     0.25286972   0.00000000
    1    2
 -0.04687838  -0.02729203     0.01089079  -0.01991135     0.02831742  -0.04018148
  0.01170428  -0.01584497    -0.00923468   0.03810093    -0.04733505  -0.07946586
  0.01568335  -0.02878694    -0.03304830  -0.05896314    -0.08845592   0.00813063
    1    3
 -0.04687838  -0.02729203     0.01089079  -0.01991135    -0.02831742   0.04018148
  0.01170428  -0.01584497    -0.00923468   0.03810093     0.04733505   0.07946586
 -0.01568335   0.02878694     0.03304830   0.05896314    -0.08845592   0.00813063
    2    1
 -0.04687838   0.02729203     0.01170428   0.01584497     0.01568335   0.02878694
  0.01089079   0.01991135    -0.00923468  -0.03810093    -0.03304830   0.05896314
  0.02831742   0.04018148    -0.04733505   0.07946586    -0.08845592  -0.00813063
    2    2
  0.14285804   0.00000000     0.01254953  -0.00227682    -0.00395833  -0.00013998
  0.01254953   0.00227682     0.17641053   0.00000000     0.00546477  -0.00036828
 -0.00395833   0.00013998     0.00546477   0.00036828     0.22666846   0.00000000
    2    3
 -0.01552498   0.00000000     0.00948066  -0.01517283     0.00562752   0.00575079
  0.00948066   0.01517283     0.00550613   0.00000000    -0.00673050   0.01105751
 -0.00562752   0.00575079     0.00673050   0.01105751    -0.04411876   0.00000000
    3    1
 -0.04687838   0.02729203     0.01170428   0.01584497    -0.01568335  -0.02878694
  0.01089079   0.01991135    -0.00923468  -0.03810093     0.03304830  -0.05896314
 -0.02831742  -0.04018148     0.04733505  -0.07946586    -0.08845592  -0.00813063
    3    2
 -0.01552498   0.00000000     0.00948066  -0.01517283    -0.00562752  -0.00575079
  0.00948066   0.01517283     0.00550613   0.00000000     0.00673050  -0.01105751
  0.00562752  -0.00575079    -0.00673050  -0.01105751    -0.04411876   0.00000000
    3    3
  0.14285804   0.00000000     0.01254953  -0.00227682     0.00395833   0.00013998
  0.01254953   0.00227682     0.17641053   0.00000000    -0.00546477   0.00036828
  0.00395833  -0.00013998    -0.00546477  -0.00036828     0.22666846   0.00000000

     Dynamical  Matrix in cartesian axes

     q = (   -0.166666667   0.384900179   0.000000000 ) 

    1    1
  0.23317801   0.00000000     0.00439434   0.03906446     0.00000000   0.00000000
  0.00439434  -0.03906446     0.22709980   0.00000000     0.00000000   0.00000000
  0.00000000   0.00000000     0.00000000   0.00000000     0.25286972   0.00000000
    1    2
 -0.04707478  -0.02695185     0.01179834  -0.01938738     0.02063947  -0.04461435
  0.00787001  -0.01805869     0.02837903  -0.02704793    -0.09248698  -0.00126042
  0.01708855  -0.02797565    -0.06758773   0.00086090    -0.03718663  -0.08067039
    1    3
 -0.04707478  -0.02695185     0.01179834  -0.01938738    -0.02063947   0.04461435
  0.00787001  -0.01805869     0.02837903  -0.02704793     0.09248698   0.00126042
 -0.01708855   0.02797565     0.06758773  -0.00086090    -0.03718663  -0.08067039
    2    1
 -0.04707478   0.02695185     0.00787001   0.01805869     0.01708855   0.02797565
  0.01179834   0.01938738     0.02837903   0.02704793    -0.06758773  -0.00086090
  0.02063947   0.04461435    -0.09248698   0.00126042    -0.03718663   0.08067039
    2    2
  0.14285804   0.00000000    -0.01254953  -0.00227682     0.00395833  -0.00013998
 -0.01254953   0.00227682     0.17641053   0.00000000     0.00546477   0.00036828
  0.00395833   0.00013998     0.00546477  -0.00036828     0.22666846   0.00000000
    2    3
 -0.01552498   0.00000000    -0.00948066  -0.01517283    -0.00562752   0.00575079
 -0.00948066   0.01517283     0.00550613   0.00000000    -0.00673050  -0.01105751
  0.00562752   0.00575079     0.00673050  -0.01105751    -0.04411876   0.00000000
    3    1
 -0.04707478   0.02695185     0.00787001   0.01805869    -0.01708855  -0.02797565
  0.01179834   0.01938738     0.02837903   0.02704793     0.06758773   0.00086090
 -0.02063947  -0.04461435     0.09248698  -0.00126042    -0.03718663   0.08067039
    3    2
 -0.01552498   0.00000000    -0.00948066  -0.01517283     0.00562752  -0.00575079
 -0.00948066   0.01517283     0.00550613   0.00000000     0.00673050   0.01105751
 -0.00562752  -0.00575079    -0.00673050   0.01105751    -0.04411876   0.00000000
    3    3
  0.14285804   0.00000000    -0.01254953  -0.00227682    -0.00395833   0.00013998
 -0.01254953   0.00227682     0.17641053   0.00000000    -0.00546477  -0.00036828
 -0.00395833  -0.00013998    -0.00546477   0.00036828     0.22666846   0.00000000

     Dynamical  Matrix in cartesian axes

     q = (    0.166666667  -0.384900179   0.000000000 ) 

    1    1
  0.23317801   0.00000000     0.00439434  -0.03906446     0.00000000   0.00000000
  0.00439434   0.03906446     0.22709980   0.00000000     0.00000000   0.00000000
  0.00000000   0.00000000     0.00000000   0.00000000     0.25286972   0.00000000
    1    2
 -0.04707478   0.02695185     0.01179834   0.01938738     0.02063947   0.04461435
  0.00787001   0.01805869     0.02837903   0.02704793    -0.09248698   0.00126042
  0.01708855   0.02797565    -0.06758773  -0.00086090    -0.03718663   0.08067039
    1    3
 -0.04707478   0.02695185     0.01179834   0.01938738    -0.02063947  -0.04461435
  0.00787001   0.01805869     0.02837903   0.02704793     0.09248698  -0.00126042
 -0.01708855  -0.02797565     0.06758773   0.00086090    -0.03718663   0.08067039
    2    1
 -0.04707478  -0.02695185     0.00787001  -0.01805869     0.01708855  -0.02797565
  0.01179834  -0.01938738     0.02837903  -0.02704793    -0.06758773   0.00086090
  0.02063947  -0.04461435    -0.09248698  -0.00126042    -0.03718663  -0.08067039
    2    2
  0.14285804   0.00000000    -0.01254953   0.00227682     0.00395833   0.00013998
 -0.01254953  -0.00227682     0.17641053   0.00000000     0.00546477  -0.00036828
  0.00395833  -0.00013998     0.00546477   0.00036828     0.22666846   0.00000000
    2    3
 -0.01552498   0.00000000    -0.00948066   0.01517283    -0.00562752  -0.00575079
 -0.00948066  -0.01517283     0.00550613   0.00000000    -0.00673050   0.01105751
  0.00562752  -0.00575079     0.00673050   0.01105751    -0.04411876   0.00000000
    3    1
 -0.04707478  -0.02695185     0.00787001  -0.01805869    -0.01708855   0.02797565
  0.01179834  -0.01938738     0.02837903  -0.02704793     0.06758773  -0.00086090
 -0.02063947   0.04461435     0.09248698   0.00126042    -0.03718663  -0.08067039
    3    2
 -0.01552498   0.00000000    -0.00948066   0.01517283     0.00562752   0.00575079
 -0.00948066  -0.01517283     0.00550613   0.00000000     0.00673050  -0.01105751
 -0.00562752   0.00575079    -0.00673050  -0.01105751    -0.04411876   0.00000000
    3    3
  0.14285804   0.00000000    -0.01254953   0.00227682    -0.00395833  -0.00013998
 -0.01254953  -0.00227682     0.17641053   0.00000000    -0.00546477   0.00036828
 -0.00395833   0.00013998    -0.00546477  -0.00036828     0.22666846   0.00000000

     Dynamical  Matrix in cartesian axes

     q = (    0.250000000  -0.336787657   0.000000000 ) 

    1    1
  0.23242496   0.00000000     0.00482912  -0.03906446     0.00000000   0.00000000
  0.00482912   0.03906446     0.22785285   0.00000000     0.00000000   0.00000000
  0.00000000   0.00000000     0.00000000   0.00000000     0.25286972   0.00000000
    1    2
 -0.03723563   0.02842956     0.02141009   0.02235571     0.04872872   0.05515207
  0.01734371   0.02154222     0.02642673   0.02768350    -0.07453111   0.00085608
  0.03667011   0.03646235    -0.05441180  -0.00294197    -0.00813063   0.08845592
    1    3
 -0.03723563   0.02842956     0.02141009   0.02235571    -0.04872872  -0.05515207
  0.01734371   0.02154222     0.02642673   0.02768350     0.07453111  -0.00085608
 -0.03667011  -0.03646235     0.05441180   0.00294197    -0.00813063   0.08845592
    2    1
 -0.03723563  -0.02842956     0.01734371  -0.02154222     0.03667011  -0.03646235
  0.02141009  -0.02235571     0.02642673  -0.02768350    -0.05441180   0.00294197
  0.04872872  -0.05515207    -0.07453111  -0.00085608    -0.00813063  -0.08845592
    2    2
  0.15715419   0.00000000    -0.02080342   0.00227682     0.00671180   0.00024895
 -0.02080342  -0.00227682     0.16211438   0.00000000     0.00069563  -0.00030537
  0.00671180  -0.00024895     0.00069563   0.00030537     0.22666846   0.00000000
    2    3
 -0.00796214   0.00000000    -0.01384707   0.01517283    -0.00864254  -0.00670069
 -0.01384707  -0.01517283    -0.00205671   0.00000000    -0.00150832   0.01050908
  0.00864254  -0.00670069     0.00150832   0.01050908    -0.04411876   0.00000000
    3    1
 -0.03723563  -0.02842956     0.01734371  -0.02154222    -0.03667011   0.03646235
  0.02141009  -0.02235571     0.02642673  -0.02768350     0.05441180  -0.00294197
 -0.04872872   0.05515207     0.07453111   0.00085608    -0.00813063  -0.08845592
    3    2
 -0.00796214   0.00000000    -0.01384707   0.01517283     0.00864254   0.00670069
 -0.01384707  -0.01517283    -0.00205671   0.00000000     0.00150832  -0.01050908
 -0.00864254   0.00670069    -0.00150832  -0.01050908    -0.04411876   0.00000000
    3    3
  0.15715419   0.00000000    -0.02080342   0.00227682    -0.00671180  -0.00024895
 -0.02080342  -0.00227682     0.16211438   0.00000000    -0.00069563   0.00030537
 -0.00671180   0.00024895    -0.00069563  -0.00030537     0.22666846   0.00000000

     Dynamical  Matrix in cartesian axes

     q = (   -0.250000000   0.336787657   0.000000000 ) 

    1    1
  0.23242496   0.00000000     0.00482912   0.03906446     0.00000000   0.00000000
  0.00482912  -0.03906446     0.22785285   0.00000000     0.00000000   0.00000000
  0.00000000   0.00000000     0.00000000   0.00000000     0.25286972   0.00000000
    1    2
 -0.03723563  -0.02842956     0.02141009  -0.02235571     0.04872872  -0.05515207
  0.01734371  -0.02154222     0.02642673  -0.02768350    -0.07453111  -0.00085608
  0.03667011  -0.03646235    -0.05441180   0.00294197    -0.00813063  -0.08845592
    1    3
 -0.03723563  -0.02842956     0.02141009  -0.02235571    -0.04872872   0.05515207
  0.01734371  -0.02154222     0.02642673  -0.02768350     0.07453111   0.00085608
 -0.03667011   0.03646235     0.05441180  -0.00294197    -0.00813063  -0.08845592
    2    1
 -0.03723563   0.02842956     0.01734371   0.02154222     0.03667011   0.03646235
  0.02141009   0.02235571     0.02642673   0.02768350    -0.05441180  -0.00294197
  0.04872872   0.05515207    -0.07453111   0.00085608    -0.00813063   0.08845592
    2    2
  0.15715419   0.00000000    -0.02080342  -0.00227682     0.00671180  -0.00024895
 -0.02080342   0.00227682     0.16211438   0.00000000     0.00069563   0.00030537
  0.00671180   0.00024895     0.00069563  -0.00030537     0.22666846   0.00000000
    2    3
 -0.00796214   0.00000000    -0.01384707  -0.01517283    -0.00864254   0.00670069
 -0.01384707   0.01517283    -0.00205671   0.00000000    -0.00150832  -0.01050908
  0.00864254   0.00670069     0.00150832  -0.01050908    -0.04411876   0.00000000
    3    1
 -0.03723563   0.02842956     0.01734371   0.02154222    -0.03667011  -0.03646235
  0.02141009   0.02235571     0.02642673   0.02768350     0.05441180   0.00294197
 -0.04872872  -0.05515207     0.07453111  -0.00085608    -0.00813063   0.08845592
    3    2
 -0.00796214   0.00000000    -0.01384707  -0.01517283     0.00864254  -0.00670069
 -0.01384707   0.01517283    -0.00205671   0.00000000     0.00150832   0.01050908
 -0.00864254  -0.00670069    -0.00150832   0.01050908    -0.04411876   0.00000000
    3    3
  0.15715419   0.00000000    -0.02080342  -0.00227682    -0.00671180   0.00024895
 -0.02080342   0.00227682     0.16211438   0.00000000    -0.00069563  -0.00030537
 -0.00671180  -0.00024895    -0.00069563   0.00030537     0.22666846   0.00000000

     Dynamical  Matrix in cartesian axes

     q = (   -0.416666667  -0.048112522   0.000000000 ) 

    1    1
  0.22481374   0.00000000    -0.00043477  -0.03906446     0.00000000   0.00000000
 -0.00043477   0.03906446     0.23546407   0.00000000     0.00000000   0.00000000
  0.00000000   0.00000000     0.00000000   0.00000000     0.25286972   0.00000000
    1    2
  0.00099893  -0.01080929     0.03562538  -0.00873878     0.09041581  -0.02121562
  0.03955371  -0.01006747    -0.01969468  -0.04319050     0.02836919   0.03926737
  0.06707697  -0.01473339     0.01899475   0.02379717    -0.03718663  -0.08067039
    1    3
  0.00099893  -0.01080929     0.03562538  -0.00873878    -0.09041581   0.02121562
  0.03955371  -0.01006747    -0.01969468  -0.04319050    -0.02836919  -0.03926737
 -0.06707697   0.01473339    -0.01899475  -0.02379717    -0.03718663  -0.08067039
    2    1
  0.00099893   0.01080929     0.03955371   0.01006747     0.06707697   0.01473339
  0.03562538   0.00873878    -0.01969468   0.04319050     0.01899475  -0.02379717
  0.09041581   0.02121562     0.02836919  -0.03926737    -0.03718663   0.08067039
    2    2
  0.17889062   0.00000000     0.00825389   0.00227682    -0.00275346  -0.00038893
  0.00825389  -0.00227682     0.14037795   0.00000000    -0.00616040  -0.00006291
 -0.00275346   0.00038893    -0.00616040   0.00006291     0.22666846   0.00000000
    2    3
  0.00845884   0.00000000     0.00436640   0.01517283     0.00301502   0.01245148
  0.00436640  -0.01517283    -0.01847770   0.00000000     0.00823882   0.00054843
 -0.00301502   0.01245148    -0.00823882   0.00054843    -0.04411876   0.00000000
    3    1
  0.00099893   0.01080929     0.03955371   0.01006747    -0.06707697  -0.01473339
  0.03562538   0.00873878    -0.01969468   0.04319050    -0.01899475   0.02379717
 -0.09041581  -0.02121562    -0.02836919   0.03926737    -0.03718663   0.08067039
    3    2
  0.00845884   0.00000000     0.00436640   0.01517283    -0.00301502  -0.01245148
  0.00436640  -0.01517283    -0.01847770   0.00000000    -0.00823882  -0.00054843
  0.00301502  -0.01245148     0.00823882  -0.00054843    -0.04411876   0.00000000
    3    3
  0.17889062   0.00000000     0.00825389   0.00227682     0.00275346   0.00038893
  0.00825389  -0.00227682     0.14037795   0.00000000     0.00616040   0.00006291
  0.00275346  -0.00038893     0.00616040  -0.00006291     0.22666846   0.00000000

     Dynamical  Matrix in cartesian axes

     q = (    0.416666667   0.048112522   0.000000000 ) 

    1    1
  0.22481374   0.00000000    -0.00043477   0.03906446     0.00000000   0.00000000
 -0.00043477  -0.03906446     0.23546407   0.00000000     0.00000000   0.00000000
  0.00000000   0.00000000     0.00000000   0.00000000     0.25286972   0.00000000
    1    2
  0.00099893   0.01080929     0.03562538   0.00873878     0.09041581   0.02121562
  0.03955371   0.01006747    -0.01969468   0.04319050     0.02836919  -0.03926737
  0.06707697   0.01473339     0.01899475  -0.02379717    -0.03718663   0.08067039
    1    3
  0.00099893   0.01080929     0.03562538   0.00873878    -0.09041581  -0.02121562
  0.03955371   0.01006747    -0.01969468   0.04319050    -0.02836919   0.03926737
 -0.06707697  -0.01473339    -0.01899475   0.02379717    -0.03718663   0.08067039
    2    1
  0.00099893  -0.01080929     0.03955371  -0.01006747     0.06707697  -0.01473339
  0.03562538  -0.00873878    -0.01969468  -0.04319050     0.01899475   0.02379717
  0.09041581  -0.02121562     0.02836919   0.03926737    -0.03718663  -0.08067039
    2    2
  0.17889062   0.00000000     0.00825389  -0.00227682    -0.00275346   0.00038893
  0.00825389   0.00227682     0.14037795   0.00000000    -0.00616040   0.00006291
 -0.00275346  -0.00038893    -0.00616040  -0.00006291     0.22666846   0.00000000
    2    3
  0.00845884   0.00000000     0.00436640  -0.01517283     0.00301502  -0.01245148
  0.00436640   0.01517283    -0.01847770   0.00000000     0.00823882  -0.00054843
 -0.00301502  -0.01245148    -0.00823882  -0.00054843    -0.04411876   0.00000000
    3    1
  0.00099893  -0.01080929     0.03955371  -0.01006747    -0.06707697   0.01473339
  0.03562538  -0.00873878    -0.01969468  -0.04319050    -0.01899475  -0.02379717
 -0.09041581   0.02121562    -0.02836919  -0.03926737    -0.03718663  -0.08067039
    3    2
  0.00845884   0.00000000     0.00436640  -0.01517283    -0.00301502   0.01245148
  0.00436640   0.01517283    -0.01847770   0.00000000    -0.00823882   0.00054843
  0.00301502   0.01245148     0.00823882   0.00054843    -0.04411876   0.00000000
    3    3
  0.17889062   0.00000000     0.00825389  -0.00227682     0.00275346  -0.00038893
  0.00825389   0.00227682     0.14037795   0.00000000     0.00616040  -0.00006291
  0.00275346   0.00038893     0.00616040   0.00006291     0.22666846   0.00000000

     Dynamical  Matrix in cartesian axes

     q = (   -0.250000000  -0.336787657   0.000000000 ) 

    1    1
  0.23242496   0.00000000    -0.00482912   0.03906446     0.00000000   0.00000000
 -0.00482912  -0.03906446     0.22785285   0.00000000     0.00000000   0.00000000
  0.00000000   0.00000000     0.00000000   0.00000000     0.25286972   0.00000000
    1    2
 -0.02842956  -0.03723563     0.02235571  -0.02141009     0.05515207  -0.04872872
  0.02154222  -0.01734371    -0.02768350   0.02642673    -0.00085608  -0.07453111
  0.03646235  -0.03667011     0.00294197  -0.05441180    -0.08845592  -0.00813063
    1    3
 -0.02842956  -0.03723563     0.02235571  -0.02141009    -0.05515207   0.04872872
  0.02154222  -0.01734371    -0.02768350   0.02642673     0.00085608   0.07453111
 -0.03646235   0.03667011    -0.00294197   0.05441180    -0.08845592  -0.00813063
    2    1
 -0.02842956   0.03723563     0.02154222   0.01734371     0.03646235   0.03667011
  0.02235571   0.02141009    -0.02768350  -0.02642673     0.00294197   0.05441180
  0.05515207   0.04872872    -0.00085608   0.07453111    -0.08845592   0.00813063
    2    2
  0.15715419   0.00000000     0.02080342  -0.00227682    -0.00671180  -0.00024895
  0.02080342   0.00227682     0.16211438   0.00000000     0.00069563  -0.00030537
 -0.00671180   0.00024895     0.00069563   0.00030537     0.22666846   0.00000000
    2    3
 -0.00796214   0.00000000     0.01384707  -0.01517283     0.00864254   0.00670069
  0.01384707   0.01517283    -0.00205671   0.00000000    -0.00150832   0.01050908
 -0.00864254   0.00670069     0.00150832   0.01050908    -0.04411876   0.00000000
    3    1
 -0.02842956   0.03723563     0.02154222   0.01734371    -0.03646235  -0.03667011
  0.02235571   0.02141009    -0.02768350  -0.02642673    -0.00294197  -0.05441180
 -0.05515207  -0.04872872     0.00085608  -0.07453111    -0.08845592   0.00813063
    3    2
 -0.00796214   0.00000000     0.01384707  -0.01517283    -0.00864254  -0.00670069
  0.01384707   0.01517283    -0.00205671   0.00000000     0.00150832  -0.01050908
  0.00864254  -0.00670069    -0.00150832  -0.01050908    -0.04411876   0.00000000
    3    3
  0.15715419   0.00000000     0.02080342  -0.00227682     0.00671180   0.00024895
  0.02080342   0.00227682     0.16211438   0.00000000    -0.00069563   0.00030537
  0.00671180  -0.00024895    -0.00069563  -0.00030537     0.22666846   0.00000000

     Dynamical  Matrix in cartesian axes

     q = (    0.250000000   0.336787657   0.000000000 ) 

    1    1
  0.23242496   0.00000000    -0.00482912  -0.03906446     0.00000000   0.00000000
 -0.00482912   0.03906446     0.22785285   0.00000000     0.00000000   0.00000000
  0.00000000   0.00000000     0.00000000   0.00000000     0.25286972   0.00000000
    1    2
 -0.02842956   0.03723563     0.02235571   0.02141009     0.05515207   0.04872872
  0.02154222   0.01734371    -0.02768350  -0.02642673    -0.00085608   0.07453111
  0.03646235   0.03667011     0.00294197   0.05441180    -0.08845592   0.00813063
    1    3
 -0.02842956   0.03723563     0.02235571   0.02141009    -0.05515207  -0.04872872
  0.02154222   0.01734371    -0.02768350  -0.02642673     0.00085608  -0.07453111
 -0.03646235  -0.03667011    -0.00294197  -0.05441180    -0.08845592   0.00813063
    2    1
 -0.02842956  -0.03723563     0.02154222  -0.01734371     0.03646235  -0.03667011
  0.02235571  -0.02141009    -0.02768350   0.02642673     0.00294197  -0.05441180
  0.05515207  -0.04872872    -0.00085608  -0.07453111    -0.08845592  -0.00813063
    2    2
  0.15715419   0.00000000     0.02080342   0.00227682    -0.00671180   0.00024895
  0.02080342  -0.00227682     0.16211438   0.00000000     0.00069563   0.00030537
 -0.00671180  -0.00024895     0.00069563  -0.00030537     0.22666846   0.00000000
    2    3
 -0.00796214   0.00000000     0.01384707   0.01517283     0.00864254  -0.00670069
  0.01384707  -0.01517283    -0.00205671   0.00000000    -0.00150832  -0.01050908
 -0.00864254  -0.00670069     0.00150832  -0.01050908    -0.04411876   0.00000000
    3    1
 -0.02842956  -0.03723563     0.02154222  -0.01734371    -0.03646235   0.03667011
  0.02235571  -0.02141009    -0.02768350   0.02642673    -0.00294197   0.05441180
 -0.05515207   0.04872872     0.00085608   0.07453111    -0.08845592  -0.00813063
    3    2
 -0.00796214   0.00000000     0.01384707   0.01517283    -0.00864254   0.00670069
  0.01384707  -0.01517283    -0.00205671   0.00000000     0.00150832   0.01050908
  0.00864254   0.00670069    -0.00150832   0.01050908    -0.04411876   0.00000000
    3    3
  0.15715419   0.00000000     0.02080342   0.00227682     0.00671180  -0.00024895
  0.02080342  -0.00227682     0.16211438   0.00000000    -0.00069563  -0.00030537
  0.00671180   0.00024895    -0.00069563   0.00030537     0.22666846   0.00000000

     Dynamical  Matrix in cartesian axes

     q = (    0.416666667  -0.048112522   0.000000000 ) 

    1    1
  0.22481374   0.00000000     0.00043477   0.03906446     0.00000000   0.00000000
  0.00043477  -0.03906446     0.23546407   0.00000000     0.00000000   0.00000000
  0.00000000   0.00000000     0.00000000   0.00000000     0.25286972   0.00000000
    1    2
 -0.00626974   0.00886165     0.03522187   0.01024468     0.08891019   0.02683464
  0.03928825   0.01105817    -0.00453915   0.04725141    -0.00493475  -0.04819113
  0.06545705   0.02077899    -0.00455135  -0.03010633    -0.00813063   0.08845592
    1    3
 -0.00626974   0.00886165     0.03522187   0.01024468    -0.08891019  -0.02683464
  0.03928825   0.01105817    -0.00453915   0.04725141     0.00493475   0.04819113
 -0.06545705  -0.02077899     0.00455135   0.03010633    -0.00813063   0.08845592
    2    1
 -0.00626974  -0.00886165     0.03928825  -0.01105817     0.06545705  -0.02077899
  0.03522187  -0.01024468    -0.00453915  -0.04725141    -0.00455135   0.03010633
  0.08891019  -0.02683464    -0.00493475   0.04819113    -0.00813063  -0.08845592
    2    2
  0.17889062   0.00000000    -0.00825389  -0.00227682     0.00275346   0.00038893
 -0.00825389   0.00227682     0.14037795   0.00000000    -0.00616040  -0.00006291
  0.00275346  -0.00038893    -0.00616040   0.00006291     0.22666846   0.00000000
    2    3
  0.00845884   0.00000000    -0.00436640  -0.01517283    -0.00301502  -0.01245148
 -0.00436640   0.01517283    -0.01847770   0.00000000     0.00823882   0.00054843
  0.00301502  -0.01245148    -0.00823882   0.00054843    -0.04411876   0.00000000
    3    1
 -0.00626974  -0.00886165     0.03928825  -0.01105817    -0.06545705   0.02077899
  0.03522187  -0.01024468    -0.00453915  -0.04725141     0.00455135  -0.03010633
 -0.08891019   0.02683464     0.00493475  -0.04819113    -0.00813063  -0.08845592
    3    2
  0.00845884   0.00000000    -0.00436640  -0.01517283     0.00301502   0.01245148
 -0.00436640   0.01517283    -0.01847770   0.00000000    -0.00823882  -0.00054843
 -0.00301502   0.01245148     0.00823882  -0.00054843    -0.04411876   0.00000000
    3    3
  0.17889062   0.00000000    -0.00825389  -0.00227682    -0.00275346  -0.00038893
 -0.00825389   0.00227682     0.14037795   0.00000000     0.00616040   0.00006291
 -0.00275346   0.00038893     0.00616040  -0.00006291     0.22666846   0.00000000

     Dynamical  Matrix in cartesian axes

     q = (   -0.416666667   0.048112522   0.000000000 ) 

    1    1
  0.22481374   0.00000000     0.00043477  -0.03906446     0.00000000   0.00000000
  0.00043477   0.03906446     0.23546407   0.00000000     0.00000000   0.00000000
  0.00000000   0.00000000     0.00000000   0.00000000     0.25286972   0.00000000
    1    2
 -0.00626974  -0.00886165     0.03522187  -0.01024468     0.08891019  -0.02683464
  0.03928825  -0.01105817    -0.00453915  -0.04725141    -0.00493475   0.04819113
  0.06545705  -0.02077899    -0.00455135   0.03010633    -0.00813063  -0.08845592
    1    3
 -0.00626974  -0.00886165     0.03522187  -0.01024468    -0.08891019   0.02683464
  0.03928825  -0.01105817    -0.00453915  -0.04725141     0.00493475  -0.04819113
 -0.06545705   0.02077899     0.00455135  -0.03010633    -0.00813063  -0.08845592
    2    1
 -0.00626974   0.00886165     0.03928825   0.01105817     0.06545705   0.02077899
  0.03522187   0.01024468    -0.00453915   0.04725141    -0.00455135  -0.03010633
  0.08891019   0.02683464    -0.00493475  -0.04819113    -0.00813063   0.08845592
    2    2
  0.17889062   0.00000000    -0.00825389   0.00227682     0.00275346  -0.00038893
 -0.00825389  -0.00227682     0.14037795   0.00000000    -0.00616040   0.00006291
  0.00275346   0.00038893    -0.00616040  -0.00006291     0.22666846   0.00000000
    2    3
  0.00845884   0.00000000    -0.00436640   0.01517283    -0.00301502   0.01245148
 -0.00436640  -0.01517283    -0.01847770   0.00000000     0.00823882  -0.00054843
  0.00301502   0.01245148    -0.00823882  -0.00054843    -0.04411876   0.00000000
    3    1
 -0.00626974   0.00886165     0.03928825   0.01105817    -0.06545705  -0.02077899
  0.03522187   0.01024468    -0.00453915   0.04725141     0.00455135   0.03010633
 -0.08891019  -0.02683464     0.00493475   0.04819113    -0.00813063   0.08845592
    3    2
  0.00845884   0.00000000    -0.00436640   0.01517283     0.00301502  -0.01245148
 -0.00436640  -0.01517283    -0.01847770   0.00000000    -0.00823882   0.00054843
 -0.00301502  -0.01245148     0.00823882   0.00054843    -0.04411876   0.00000000
    3    3
  0.17889062   0.00000000    -0.00825389   0.00227682    -0.00275346   0.00038893
 -0.00825389  -0.00227682     0.14037795   0.00000000     0.00616040  -0.00006291
 -0.00275346  -0.00038893     0.00616040   0.00006291     0.22666846   0.00000000

     Diagonalizing the dynamical matrix

     q = (    0.166666667   0.384900179   0.000000000 ) 

 **************************************************************************
     freq (    1) =       2.759167 [THz] =      92.035909 [cm-1]
 ( -0.000000  0.000000 -0.000000  0.000000  0.642772  0.065957 ) 
 ( -0.122700  0.148095  0.133840  0.301207  0.381603  0.000000 ) 
 (  0.122700 -0.148095 -0.133840 -0.301207  0.381603  0.000000 ) 
     freq (    2) =       3.261917 [THz] =     108.805835 [cm-1]
 (  0.410951  0.017176  0.102638 -0.544947  0.000000  0.000000 ) 
 (  0.335559  0.240610 -0.249900 -0.015153  0.168784 -0.000000 ) 
 (  0.335559  0.240610 -0.249900 -0.015153 -0.168784  0.000000 ) 
     freq (    3) =       4.402580 [THz] =     146.854278 [cm-1]
 ( -0.452405 -0.351332  0.326641 -0.359667  0.000000  0.000000 ) 
 ( -0.136578 -0.243850  0.034313 -0.167894  0.332322  0.000000 ) 
 ( -0.136578 -0.243850  0.034313 -0.167894 -0.332322  0.000000 ) 
     freq (    4) =       7.447130 [THz] =     248.409525 [cm-1]
 (  0.306578 -0.048565 -0.046840 -0.159921  0.000000 -0.000000 ) 
 ( -0.601794 -0.149409  0.228876  0.003261 -0.032681 -0.000000 ) 
 ( -0.601794 -0.149409  0.228876  0.003261  0.032681  0.000000 ) 
     freq (    5) =       7.692187 [THz] =     256.583742 [cm-1]
 (  0.000000  0.000000  0.000000  0.000000 -0.076266 -0.016865 ) 
 ( -0.618006  0.178872  0.219224  0.036416 -0.183404 -0.000000 ) 
 (  0.618006 -0.178872 -0.219224 -0.036416 -0.183404  0.000000 ) 
     freq (    6) =       8.341183 [THz] =     278.231903 [cm-1]
 ( -0.000000 -0.000000  0.000000  0.000000  0.052500 -0.025724 ) 
 ( -0.232777 -0.106660 -0.177784 -0.538964  0.332626  0.000000 ) 
 (  0.232777  0.106660  0.177784  0.538964  0.332626  0.000000 ) 
     freq (    7) =       8.638353 [THz] =     288.144429 [cm-1]
 (  0.065088  0.063328 -0.117094 -0.004553 -0.000000 -0.000000 ) 
 (  0.162968 -0.190815  0.163332 -0.631500 -0.023930  0.000000 ) 
 (  0.162968 -0.190815  0.163332 -0.631500  0.023930  0.000000 ) 
     freq (    8) =       9.248793 [THz] =     308.506536 [cm-1]
 ( -0.000000 -0.000000  0.000000  0.000000  0.356734  0.018256 ) 
 (  0.019098 -0.076749 -0.148628 -0.256028 -0.585071  0.000000 ) 
 ( -0.019098  0.076749  0.148628  0.256028 -0.585071  0.000000 ) 
     freq (    9) =      10.656662 [THz] =     355.467968 [cm-1]
 ( -0.073064 -0.087806  0.104421 -0.162230  0.000000  0.000000 ) 
 (  0.031895 -0.015122 -0.042192 -0.022125 -0.686549  0.000000 ) 
 (  0.031895 -0.015122 -0.042192 -0.022125  0.686549  0.000000 ) 
 **************************************************************************
