Dynamical matrix file
NbS2                                                                       
  2    3   4   6.3305825   0.0000000   5.9701493   0.0000000   0.0000000   0.0000000
           1  'Nb  '    84678.6388502528     
           2  'S   '    29220.9024340635     
    1    1     -0.0000000001      0.5773502692      2.9850746269
    2    2      0.5000000001      0.2886751346      2.5187955594
    3    2      0.5000000001      0.2886751346      3.4513536943

     Dynamical  Matrix in cartesian axes

     q = (    0.166666667   0.577350269   0.000000000 ) 

    1    1
  0.26815840   0.00000000    -0.00000000  -0.07448752     0.00000000   0.00000000
 -0.00000000   0.07448752     0.27073012   0.00000000     0.00000000   0.00000000
  0.00000000   0.00000000     0.00000000   0.00000000     0.21542370   0.00000000
    1    2
 -0.04105639   0.02370392     0.00976943   0.01692115     0.02188163   0.03790010
  0.00685516   0.01187349     0.02588946  -0.01494729    -0.09330590   0.05387019
  0.01407514   0.02437886    -0.06799761   0.03925844    -0.03638564   0.02100726
    1    3
 -0.04105639   0.02370392     0.00976943   0.01692115    -0.02188163  -0.03790010
  0.00685516   0.01187349     0.02588946  -0.01494729     0.09330590  -0.05387019
 -0.01407514  -0.02437886     0.06799761  -0.03925844    -0.03638564   0.02100726
    2    1
 -0.04105639  -0.02370392     0.00685516  -0.01187349     0.01407514  -0.02437886
  0.00976943  -0.01692115     0.02588946   0.01494729    -0.06799761  -0.03925844
  0.02188163  -0.03790010    -0.09330590  -0.05387019    -0.03638564  -0.02100726
    2    2
  0.14971703   0.00000000    -0.00000000   0.00204175     0.00000000   0.00115682
 -0.00000000  -0.00204175     0.20156901   0.00000000     0.00754904  -0.00000000
  0.00000000  -0.00115682     0.00754904   0.00000000     0.21954969   0.00000000
    2    3
 -0.01570030   0.00000000     0.00000000   0.01762569     0.00000000  -0.00494081
  0.00000000  -0.01762569     0.00968804   0.00000000    -0.01049827   0.00000000
  0.00000000  -0.00494081     0.01049827   0.00000000    -0.03956145   0.00000000
    3    1
 -0.04105639  -0.02370392     0.00685516  -0.01187349    -0.01407514   0.02437886
  0.00976943  -0.01692115     0.02588946   0.01494729     0.06799761   0.03925844
 -0.02188163   0.03790010     0.09330590   0.05387019    -0.03638564  -0.02100726
    3    2
 -0.01570030   0.00000000     0.00000000   0.01762569     0.00000000   0.00494081
  0.00000000  -0.01762569     0.00968804   0.00000000     0.01049827  -0.00000000
  0.00000000   0.00494081    -0.01049827  -0.00000000    -0.03956145   0.00000000
    3    3
  0.14971703   0.00000000    -0.00000000   0.00204175     0.00000000  -0.00115682
 -0.00000000  -0.00204175     0.20156901   0.00000000    -0.00754904   0.00000000
  0.00000000   0.00115682    -0.00754904  -0.00000000     0.21954969   0.00000000

     Dynamical  Matrix in cartesian axes

     q = (   -0.166666667   0.577350269   0.000000000 ) 

    1    1
  0.26815840   0.00000000    -0.00000000   0.07448752     0.00000000   0.00000000
 -0.00000000  -0.07448752     0.27073012   0.00000000     0.00000000   0.00000000
  0.00000000   0.00000000     0.00000000   0.00000000     0.21542370   0.00000000
    1    2
 -0.04105639  -0.02370392     0.00976943  -0.01692115     0.02188163  -0.03790010
  0.00685516  -0.01187349     0.02588946   0.01494729    -0.09330590  -0.05387019
  0.01407514  -0.02437886    -0.06799761  -0.03925844    -0.03638564  -0.02100726
    1    3
 -0.04105639  -0.02370392     0.00976943  -0.01692115    -0.02188163   0.03790010
  0.00685516  -0.01187349     0.02588946   0.01494729     0.09330590   0.05387019
 -0.01407514   0.02437886     0.06799761   0.03925844    -0.03638564  -0.02100726
    2    1
 -0.04105639   0.02370392     0.00685516   0.01187349     0.01407514   0.02437886
  0.00976943   0.01692115     0.02588946  -0.01494729    -0.06799761   0.03925844
  0.02188163   0.03790010    -0.09330590   0.05387019    -0.03638564   0.02100726
    2    2
  0.14971703   0.00000000    -0.00000000  -0.00204175     0.00000000  -0.00115682
 -0.00000000   0.00204175     0.20156901   0.00000000     0.00754904   0.00000000
  0.00000000   0.00115682     0.00754904  -0.00000000     0.21954969   0.00000000
    2    3
 -0.01570030   0.00000000     0.00000000  -0.01762569     0.00000000   0.00494081
  0.00000000   0.01762569     0.00968804   0.00000000    -0.01049827  -0.00000000
  0.00000000   0.00494081     0.01049827  -0.00000000    -0.03956145   0.00000000
    3    1
 -0.04105639   0.02370392     0.00685516   0.01187349    -0.01407514  -0.02437886
  0.00976943   0.01692115     0.02588946  -0.01494729     0.06799761  -0.03925844
 -0.02188163  -0.03790010     0.09330590  -0.05387019    -0.03638564   0.02100726
    3    2
 -0.01570030   0.00000000     0.00000000  -0.01762569     0.00000000  -0.00494081
  0.00000000   0.01762569     0.00968804   0.00000000     0.01049827   0.00000000
  0.00000000  -0.00494081    -0.01049827   0.00000000    -0.03956145   0.00000000
    3    3
  0.14971703   0.00000000    -0.00000000  -0.00204175     0.00000000   0.00115682
 -0.00000000   0.00204175     0.20156901   0.00000000    -0.00754904  -0.00000000
  0.00000000  -0.00115682    -0.00754904   0.00000000     0.21954969   0.00000000

     Dynamical  Matrix in cartesian axes

     q = (    0.416666667  -0.433012702   0.000000000 ) 

    1    1
  0.27008719   0.00000000    -0.00111359  -0.07448752     0.00000000   0.00000000
 -0.00111359   0.07448752     0.26880133   0.00000000     0.00000000   0.00000000
  0.00000000   0.00000000     0.00000000   0.00000000     0.21542370   0.00000000
    1    2
 -0.01056897   0.01439732     0.03347293   0.00539803     0.09330590   0.02188163
  0.03347293   0.01122656     0.02808224  -0.01439732    -0.05387019   0.03790010
  0.06799761   0.01407514    -0.03925844   0.02437886     0.04201452  -0.00000000
    1    3
 -0.01056897   0.01439732     0.03347293   0.00539803    -0.09330590  -0.02188163
  0.03347293   0.01122656     0.02808224  -0.01439732     0.05387019  -0.03790010
 -0.06799761  -0.01407514     0.03925844  -0.02437886     0.04201452  -0.00000000
    2    1
 -0.01056897  -0.01439732     0.03347293  -0.01122656     0.06799761  -0.01407514
  0.03347293  -0.00539803     0.02808224   0.01439732    -0.03925844  -0.02437886
  0.09330590  -0.02188163    -0.05387019  -0.03790010     0.04201452   0.00000000
    2    2
  0.18860602   0.00000000    -0.02245257   0.00204175     0.00653766  -0.00057841
 -0.02245257  -0.00204175     0.16268002   0.00000000    -0.00377452  -0.00100183
  0.00653766   0.00057841    -0.00377452   0.00100183     0.21954969   0.00000000
    2    3
  0.00334096   0.00000000    -0.01099348   0.01762569    -0.00909177   0.00247040
 -0.01099348  -0.01762569    -0.00935322   0.00000000     0.00524914   0.00427886
  0.00909177   0.00247040    -0.00524914   0.00427886    -0.03956145   0.00000000
    3    1
 -0.01056897  -0.01439732     0.03347293  -0.01122656    -0.06799761   0.01407514
  0.03347293  -0.00539803     0.02808224   0.01439732     0.03925844   0.02437886
 -0.09330590   0.02188163     0.05387019   0.03790010     0.04201452   0.00000000
    3    2
  0.00334096   0.00000000    -0.01099348   0.01762569     0.00909177  -0.00247040
 -0.01099348  -0.01762569    -0.00935322   0.00000000    -0.00524914  -0.00427886
 -0.00909177  -0.00247040     0.00524914  -0.00427886    -0.03956145   0.00000000
    3    3
  0.18860602   0.00000000    -0.02245257   0.00204175    -0.00653766   0.00057841
 -0.02245257  -0.00204175     0.16268002   0.00000000     0.00377452   0.00100183
 -0.00653766  -0.00057841     0.00377452  -0.00100183     0.21954969   0.00000000

     Dynamical  Matrix in cartesian axes

     q = (   -0.583333333  -0.144337567   0.000000000 ) 

    1    1
  0.27008719   0.00000000     0.00111359  -0.07448752     0.00000000   0.00000000
  0.00111359   0.07448752     0.26880133   0.00000000     0.00000000   0.00000000
  0.00000000   0.00000000     0.00000000   0.00000000     0.21542370   0.00000000
    1    2
  0.00195434   0.01775293     0.03168742   0.01206163     0.09174610   0.02770290
  0.03460169   0.00701397    -0.01712127  -0.02650956     0.02770290   0.05975754
  0.06592523   0.02180937     0.02180937   0.04074193    -0.03638564  -0.02100726
    1    3
  0.00195434   0.01775293     0.03168742   0.01206163    -0.09174610  -0.02770290
  0.03460169   0.00701397    -0.01712127  -0.02650956    -0.02770290  -0.05975754
 -0.06592523  -0.02180937    -0.02180937  -0.04074193    -0.03638564  -0.02100726
    2    1
  0.00195434  -0.01775293     0.03460169  -0.00701397     0.06592523  -0.02180937
  0.03168742  -0.01206163    -0.01712127   0.02650956     0.02180937  -0.04074193
  0.09174610  -0.02770290     0.02770290  -0.05975754    -0.03638564   0.02100726
    2    2
  0.18860602   0.00000000     0.02245257   0.00204175    -0.00653766  -0.00057841
  0.02245257  -0.00204175     0.16268002   0.00000000    -0.00377452   0.00100183
 -0.00653766   0.00057841    -0.00377452  -0.00100183     0.21954969   0.00000000
    2    3
  0.00334096   0.00000000     0.01099348   0.01762569     0.00909177   0.00247040
  0.01099348  -0.01762569    -0.00935322   0.00000000     0.00524914  -0.00427886
 -0.00909177   0.00247040    -0.00524914  -0.00427886    -0.03956145   0.00000000
    3    1
  0.00195434  -0.01775293     0.03460169  -0.00701397    -0.06592523   0.02180937
  0.03168742  -0.01206163    -0.01712127   0.02650956    -0.02180937   0.04074193
 -0.09174610   0.02770290    -0.02770290   0.05975754    -0.03638564   0.02100726
    3    2
  0.00334096   0.00000000     0.01099348   0.01762569    -0.00909177  -0.00247040
  0.01099348  -0.01762569    -0.00935322   0.00000000    -0.00524914   0.00427886
  0.00909177  -0.00247040     0.00524914   0.00427886    -0.03956145   0.00000000
    3    3
  0.18860602   0.00000000     0.02245257   0.00204175     0.00653766   0.00057841
  0.02245257  -0.00204175     0.16268002   0.00000000     0.00377452  -0.00100183
  0.00653766  -0.00057841     0.00377452   0.00100183     0.21954969   0.00000000

     Dynamical  Matrix in cartesian axes

     q = (   -0.416666667  -0.433012702   0.000000000 ) 

    1    1
  0.27008719   0.00000000     0.00111359   0.07448752     0.00000000   0.00000000
  0.00111359  -0.07448752     0.26880133   0.00000000     0.00000000   0.00000000
  0.00000000   0.00000000     0.00000000   0.00000000     0.21542370   0.00000000
    1    2
  0.00195434  -0.01775293     0.03168742  -0.01206163     0.09174610  -0.02770290
  0.03460169  -0.00701397    -0.01712127   0.02650956     0.02770290  -0.05975754
  0.06592523  -0.02180937     0.02180937  -0.04074193    -0.03638564   0.02100726
    1    3
  0.00195434  -0.01775293     0.03168742  -0.01206163    -0.09174610   0.02770290
  0.03460169  -0.00701397    -0.01712127   0.02650956    -0.02770290   0.05975754
 -0.06592523   0.02180937    -0.02180937   0.04074193    -0.03638564   0.02100726
    2    1
  0.00195434   0.01775293     0.03460169   0.00701397     0.06592523   0.02180937
  0.03168742   0.01206163    -0.01712127  -0.02650956     0.02180937   0.04074193
  0.09174610   0.02770290     0.02770290   0.05975754    -0.03638564  -0.02100726
    2    2
  0.18860602   0.00000000     0.02245257  -0.00204175    -0.00653766   0.00057841
  0.02245257   0.00204175     0.16268002   0.00000000    -0.00377452  -0.00100183
 -0.00653766  -0.00057841    -0.00377452   0.00100183     0.21954969   0.00000000
    2    3
  0.00334096   0.00000000     0.01099348  -0.01762569     0.00909177  -0.00247040
  0.01099348   0.01762569    -0.00935322   0.00000000     0.00524914   0.00427886
 -0.00909177  -0.00247040    -0.00524914   0.00427886    -0.03956145   0.00000000
    3    1
  0.00195434   0.01775293     0.03460169   0.00701397    -0.06592523  -0.02180937
  0.03168742   0.01206163    -0.01712127  -0.02650956    -0.02180937  -0.04074193
 -0.09174610  -0.02770290    -0.02770290  -0.05975754    -0.03638564  -0.02100726
    3    2
  0.00334096   0.00000000     0.01099348  -0.01762569    -0.00909177   0.00247040
  0.01099348   0.01762569    -0.00935322   0.00000000    -0.00524914  -0.00427886
  0.00909177   0.00247040     0.00524914  -0.00427886    -0.03956145   0.00000000
    3    3
  0.18860602   0.00000000     0.02245257  -0.00204175     0.00653766  -0.00057841
  0.02245257   0.00204175     0.16268002   0.00000000     0.00377452   0.00100183
  0.00653766   0.00057841     0.00377452  -0.00100183     0.21954969   0.00000000

     Dynamical  Matrix in cartesian axes

     q = (    0.583333333  -0.144337567   0.000000000 ) 

    1    1
  0.27008719   0.00000000    -0.00111359   0.07448752     0.00000000   0.00000000
 -0.00111359  -0.07448752     0.26880133   0.00000000     0.00000000   0.00000000
  0.00000000   0.00000000     0.00000000   0.00000000     0.21542370   0.00000000
    1    2
 -0.01056897  -0.01439732     0.03347293  -0.00539803     0.09330590  -0.02188163
  0.03347293  -0.01122656     0.02808224   0.01439732    -0.05387019  -0.03790010
  0.06799761  -0.01407514    -0.03925844  -0.02437886     0.04201452  -0.00000000
    1    3
 -0.01056897  -0.01439732     0.03347293  -0.00539803    -0.09330590   0.02188163
  0.03347293  -0.01122656     0.02808224   0.01439732     0.05387019   0.03790010
 -0.06799761   0.01407514     0.03925844   0.02437886     0.04201452  -0.00000000
    2    1
 -0.01056897   0.01439732     0.03347293   0.01122656     0.06799761   0.01407514
  0.03347293   0.00539803     0.02808224  -0.01439732    -0.03925844   0.02437886
  0.09330590   0.02188163    -0.05387019   0.03790010     0.04201452   0.00000000
    2    2
  0.18860602   0.00000000    -0.02245257  -0.00204175     0.00653766   0.00057841
 -0.02245257   0.00204175     0.16268002   0.00000000    -0.00377452   0.00100183
  0.00653766  -0.00057841    -0.00377452  -0.00100183     0.21954969   0.00000000
    2    3
  0.00334096   0.00000000    -0.01099348  -0.01762569    -0.00909177  -0.00247040
 -0.01099348   0.01762569    -0.00935322   0.00000000     0.00524914  -0.00427886
  0.00909177  -0.00247040    -0.00524914  -0.00427886    -0.03956145   0.00000000
    3    1
 -0.01056897   0.01439732     0.03347293   0.01122656    -0.06799761  -0.01407514
  0.03347293   0.00539803     0.02808224  -0.01439732     0.03925844  -0.02437886
 -0.09330590  -0.02188163     0.05387019  -0.03790010     0.04201452   0.00000000
    3    2
  0.00334096   0.00000000    -0.01099348  -0.01762569     0.00909177   0.00247040
 -0.01099348   0.01762569    -0.00935322   0.00000000    -0.00524914   0.00427886
 -0.00909177   0.00247040     0.00524914   0.00427886    -0.03956145   0.00000000
    3    3
  0.18860602   0.00000000    -0.02245257  -0.00204175    -0.00653766  -0.00057841
 -0.02245257   0.00204175     0.16268002   0.00000000     0.00377452  -0.00100183
 -0.00653766   0.00057841     0.00377452   0.00100183     0.21954969   0.00000000

     Diagonalizing the dynamical matrix

     q = (    0.166666667   0.577350269   0.000000000 ) 

 **************************************************************************
     freq (    1) =       3.432178 [THz] =     114.485149 [cm-1]
 (  0.000000  0.000000  0.000000 -0.000000  0.630585 -0.364068 ) 
 ( -0.000000  0.204060  0.381052  0.000000  0.219243  0.000000 ) 
 ( -0.000000 -0.204060 -0.381052 -0.000000  0.219243  0.000000 ) 
     freq (    2) =       3.721303 [THz] =     124.129309 [cm-1]
 (  0.206481  0.357636  0.555546 -0.320744 -0.000000  0.000000 ) 
 ( -0.000000  0.322920 -0.218046  0.000000  0.239072  0.000000 ) 
 (  0.000000  0.322920 -0.218046 -0.000000 -0.239072  0.000000 ) 
     freq (    3) =       5.081305 [THz] =     169.494078 [cm-1]
 ( -0.280373 -0.485621  0.340411 -0.196537  0.000000 -0.000000 ) 
 ( -0.000000 -0.363703 -0.001618 -0.000000  0.365029 -0.000000 ) 
 ( -0.000000 -0.363703 -0.001618 -0.000000 -0.365029  0.000000 ) 
     freq (    4) =       7.587329 [THz] =     253.086043 [cm-1]
 ( -0.158341 -0.274254 -0.053746  0.031030 -0.000000  0.000000 ) 
 ( -0.000000  0.659383 -0.103892 -0.000000  0.048482  0.000000 ) 
 ( -0.000000  0.659383 -0.103892 -0.000000 -0.048482  0.000000 ) 
     freq (    5) =       7.931048 [THz] =     264.551275 [cm-1]
 ( -0.000000 -0.000000 -0.000000 -0.000000  0.096004 -0.055428 ) 
 ( -0.000000 -0.673937 -0.055991 -0.000000  0.191128 -0.000000 ) 
 (  0.000000  0.673937  0.055991  0.000000  0.191128  0.000000 ) 
     freq (    6) =       8.284882 [THz] =     276.353927 [cm-1]
 ( -0.000000 -0.000000 -0.000000  0.000000  0.069414 -0.040076 ) 
 ( -0.000000 -0.181551  0.241657  0.000000 -0.636733 -0.000000 ) 
 (  0.000000  0.181551 -0.241657  0.000000 -0.636733  0.000000 ) 
     freq (    7) =       9.019870 [THz] =     300.870472 [cm-1]
 (  0.004474  0.007750  0.101075 -0.058356  0.000000 -0.000000 ) 
 ( -0.000000  0.132692  0.689070  0.000000 -0.026918 -0.000000 ) 
 ( -0.000000  0.132692  0.689070  0.000000  0.026918  0.000000 ) 
     freq (    8) =       9.122371 [THz] =     304.289558 [cm-1]
 ( -0.000000  0.000000 -0.000000  0.000000  0.230521 -0.133092 ) 
 (  0.000000  0.056778 -0.645135  0.000000 -0.212485 -0.000000 ) 
 ( -0.000000 -0.056778  0.645135  0.000000 -0.212485  0.000000 ) 
     freq (    9) =      10.683654 [THz] =     356.368350 [cm-1]
 (  0.062898  0.108942 -0.209570  0.120995 -0.000000  0.000000 ) 
 ( -0.000000  0.017492  0.080034 -0.000000  0.675349  0.000000 ) 
 ( -0.000000  0.017492  0.080034 -0.000000 -0.675349  0.000000 ) 
 **************************************************************************
