Dynamical matrix file
NbS2                                                                       
  2    3   4   6.3305825   0.0000000   5.9701493   0.0000000   0.0000000   0.0000000
           1  'Nb  '    84678.6388502528     
           2  'S   '    29220.9024340635     
    1    1     -0.0000000001      0.5773502692      2.9850746269
    2    2      0.5000000001      0.2886751346      2.5187955594
    3    2      0.5000000001      0.2886751346      3.4513536943

     Dynamical  Matrix in cartesian axes

     q = (    0.250000000   0.433012702   0.000000000 ) 

    1    1
  0.27976121   0.00000000    -0.00314032  -0.06833923     0.00000000   0.00000000
 -0.00314032   0.06833923     0.27613508   0.00000000     0.00000000   0.00000000
  0.00000000   0.00000000     0.00000000   0.00000000     0.22324554   0.00000000
    1    2
 -0.03082286   0.03399161     0.01956707   0.02235226     0.04949847   0.04712395
  0.01956707   0.01689787    -0.00822875  -0.03399161    -0.02857796   0.08162107
  0.03208924   0.03430322    -0.01852673   0.05941492    -0.05715267   0.00000000
    1    3
 -0.03082286   0.03399161     0.01956707   0.02235226    -0.04949847  -0.04712395
  0.01956707   0.01689787    -0.00822875  -0.03399161     0.02857796  -0.08162107
 -0.03208924  -0.03430322     0.01852673  -0.05941492    -0.05715267   0.00000000
    2    1
 -0.03082286  -0.03399161     0.01956707  -0.01689787     0.03208924  -0.03430322
  0.01956707  -0.02235226    -0.00822875   0.03399161    -0.01852673  -0.05941492
  0.04949847  -0.04712395    -0.02857796  -0.08162107    -0.05715267  -0.00000000
    2    2
  0.16380808   0.00000000     0.01517136   0.00242501    -0.00436068   0.00034480
  0.01517136  -0.00242501     0.18132645   0.00000000     0.00251764   0.00059722
 -0.00436068  -0.00034480     0.00251764  -0.00059722     0.22151062   0.00000000
    2    3
 -0.00833454   0.00000000     0.01018701   0.01942404     0.00612648  -0.00485569
  0.01018701  -0.01942404     0.00342841   0.00000000    -0.00353713  -0.00841031
 -0.00612648  -0.00485569     0.00353713  -0.00841031    -0.04129927   0.00000000
    3    1
 -0.03082286  -0.03399161     0.01956707  -0.01689787    -0.03208924   0.03430322
  0.01956707  -0.02235226    -0.00822875   0.03399161     0.01852673   0.05941492
 -0.04949847   0.04712395     0.02857796   0.08162107    -0.05715267  -0.00000000
    3    2
 -0.00833454   0.00000000     0.01018701   0.01942404    -0.00612648   0.00485569
  0.01018701  -0.01942404     0.00342841   0.00000000     0.00353713   0.00841031
  0.00612648   0.00485569    -0.00353713   0.00841031    -0.04129927   0.00000000
    3    3
  0.16380808   0.00000000     0.01517136   0.00242501     0.00436068  -0.00034480
  0.01517136  -0.00242501     0.18132645   0.00000000    -0.00251764  -0.00059722
  0.00436068   0.00034480    -0.00251764   0.00059722     0.22151062   0.00000000

     Dynamical  Matrix in cartesian axes

     q = (   -0.250000000   0.433012702   0.000000000 ) 

    1    1
  0.27976121   0.00000000     0.00314032   0.06833923     0.00000000   0.00000000
  0.00314032  -0.06833923     0.27613508   0.00000000     0.00000000   0.00000000
  0.00000000   0.00000000     0.00000000   0.00000000     0.22324554   0.00000000
    1    2
 -0.03399161  -0.03082286     0.02235226  -0.01956707     0.04712395  -0.04949847
  0.01689787  -0.01956707     0.03399161  -0.00822875    -0.08162107  -0.02857796
  0.03430322  -0.03208924    -0.05941492  -0.01852673     0.00000000  -0.05715267
    1    3
 -0.03399161  -0.03082286     0.02235226  -0.01956707    -0.04712395   0.04949847
  0.01689787  -0.01956707     0.03399161  -0.00822875     0.08162107   0.02857796
 -0.03430322   0.03208924     0.05941492   0.01852673     0.00000000  -0.05715267
    2    1
 -0.03399161   0.03082286     0.01689787   0.01956707     0.03430322   0.03208924
  0.02235226   0.01956707     0.03399161   0.00822875    -0.05941492   0.01852673
  0.04712395   0.04949847    -0.08162107   0.02857796     0.00000000   0.05715267
    2    2
  0.16380808   0.00000000    -0.01517136  -0.00242501     0.00436068  -0.00034480
 -0.01517136   0.00242501     0.18132645   0.00000000     0.00251764   0.00059722
  0.00436068   0.00034480     0.00251764  -0.00059722     0.22151062   0.00000000
    2    3
 -0.00833454   0.00000000    -0.01018701  -0.01942404    -0.00612648   0.00485569
 -0.01018701   0.01942404     0.00342841   0.00000000    -0.00353713  -0.00841031
  0.00612648   0.00485569     0.00353713  -0.00841031    -0.04129927   0.00000000
    3    1
 -0.03399161   0.03082286     0.01689787   0.01956707    -0.03430322  -0.03208924
  0.02235226   0.01956707     0.03399161   0.00822875     0.05941492  -0.01852673
 -0.04712395  -0.04949847     0.08162107  -0.02857796     0.00000000   0.05715267
    3    2
 -0.00833454   0.00000000    -0.01018701  -0.01942404     0.00612648  -0.00485569
 -0.01018701   0.01942404     0.00342841   0.00000000     0.00353713   0.00841031
 -0.00612648  -0.00485569    -0.00353713   0.00841031    -0.04129927   0.00000000
    3    3
  0.16380808   0.00000000    -0.01517136  -0.00242501    -0.00436068   0.00034480
 -0.01517136   0.00242501     0.18132645   0.00000000    -0.00251764  -0.00059722
 -0.00436068  -0.00034480    -0.00251764   0.00059722     0.22151062   0.00000000

     Dynamical  Matrix in cartesian axes

     q = (    0.250000000  -0.433012702   0.000000000 ) 

    1    1
  0.27976121   0.00000000     0.00314032  -0.06833923     0.00000000   0.00000000
  0.00314032   0.06833923     0.27613508   0.00000000     0.00000000   0.00000000
  0.00000000   0.00000000     0.00000000   0.00000000     0.22324554   0.00000000
    1    2
 -0.03399161   0.03082286     0.02235226   0.01956707     0.04712395   0.04949847
  0.01689787   0.01956707     0.03399161   0.00822875    -0.08162107   0.02857796
  0.03430322   0.03208924    -0.05941492   0.01852673     0.00000000   0.05715267
    1    3
 -0.03399161   0.03082286     0.02235226   0.01956707    -0.04712395  -0.04949847
  0.01689787   0.01956707     0.03399161   0.00822875     0.08162107  -0.02857796
 -0.03430322  -0.03208924     0.05941492  -0.01852673     0.00000000   0.05715267
    2    1
 -0.03399161  -0.03082286     0.01689787  -0.01956707     0.03430322  -0.03208924
  0.02235226  -0.01956707     0.03399161  -0.00822875    -0.05941492  -0.01852673
  0.04712395  -0.04949847    -0.08162107  -0.02857796     0.00000000  -0.05715267
    2    2
  0.16380808   0.00000000    -0.01517136   0.00242501     0.00436068   0.00034480
 -0.01517136  -0.00242501     0.18132645   0.00000000     0.00251764  -0.00059722
  0.00436068  -0.00034480     0.00251764   0.00059722     0.22151062   0.00000000
    2    3
 -0.00833454   0.00000000    -0.01018701   0.01942404    -0.00612648  -0.00485569
 -0.01018701  -0.01942404     0.00342841   0.00000000    -0.00353713   0.00841031
  0.00612648  -0.00485569     0.00353713   0.00841031    -0.04129927   0.00000000
    3    1
 -0.03399161  -0.03082286     0.01689787  -0.01956707    -0.03430322   0.03208924
  0.02235226  -0.01956707     0.03399161  -0.00822875     0.05941492   0.01852673
 -0.04712395   0.04949847     0.08162107   0.02857796     0.00000000  -0.05715267
    3    2
 -0.00833454   0.00000000    -0.01018701   0.01942404     0.00612648   0.00485569
 -0.01018701  -0.01942404     0.00342841   0.00000000     0.00353713  -0.00841031
 -0.00612648   0.00485569    -0.00353713  -0.00841031    -0.04129927   0.00000000
    3    3
  0.16380808   0.00000000    -0.01517136   0.00242501    -0.00436068  -0.00034480
 -0.01517136  -0.00242501     0.18132645   0.00000000    -0.00251764   0.00059722
 -0.00436068   0.00034480    -0.00251764  -0.00059722     0.22151062   0.00000000

     Dynamical  Matrix in cartesian axes

     q = (   -0.500000000   0.000000000   0.000000000 ) 

    1    1
  0.27432202   0.00000000    -0.00000000  -0.06833923     0.00000000   0.00000000
 -0.00000000   0.06833923     0.28157427   0.00000000     0.00000000   0.00000000
  0.00000000   0.00000000     0.00000000   0.00000000     0.22324554   0.00000000
    1    2
 -0.00000000   0.00306830     0.03652294   0.00000000     0.09424790   0.00000000
  0.04197733   0.00000000     0.00000000  -0.04211991    -0.00000000   0.05715591
  0.06860644   0.00000000    -0.00000000   0.03705346     0.00000000  -0.05715267
    1    3
 -0.00000000   0.00306830     0.03652294   0.00000000    -0.09424790  -0.00000000
  0.04197733   0.00000000     0.00000000  -0.04211991     0.00000000  -0.05715591
 -0.06860644  -0.00000000     0.00000000  -0.03705346     0.00000000  -0.05715267
    2    1
 -0.00000000  -0.00306830     0.04197733  -0.00000000     0.06860644  -0.00000000
  0.03652294  -0.00000000     0.00000000   0.04211991    -0.00000000  -0.03705346
  0.09424790  -0.00000000    -0.00000000  -0.05715591     0.00000000   0.05715267
    2    2
  0.19008564   0.00000000    -0.00000000   0.00242501     0.00000000  -0.00068961
 -0.00000000  -0.00242501     0.15504889   0.00000000    -0.00503528   0.00000000
  0.00000000   0.00068961    -0.00503528  -0.00000000     0.22151062   0.00000000
    2    3
  0.00930988   0.00000000    -0.00000000   0.01942404     0.00000000   0.00971139
 -0.00000000  -0.01942404    -0.01421602   0.00000000     0.00707425  -0.00000000
  0.00000000   0.00971139    -0.00707425  -0.00000000    -0.04129927   0.00000000
    3    1
 -0.00000000  -0.00306830     0.04197733  -0.00000000    -0.06860644   0.00000000
  0.03652294  -0.00000000     0.00000000   0.04211991     0.00000000   0.03705346
 -0.09424790   0.00000000     0.00000000   0.05715591     0.00000000   0.05715267
    3    2
  0.00930988   0.00000000    -0.00000000   0.01942404     0.00000000  -0.00971139
 -0.00000000  -0.01942404    -0.01421602   0.00000000    -0.00707425   0.00000000
  0.00000000  -0.00971139     0.00707425   0.00000000    -0.04129927   0.00000000
    3    3
  0.19008564   0.00000000    -0.00000000   0.00242501     0.00000000   0.00068961
 -0.00000000  -0.00242501     0.15504889   0.00000000     0.00503528  -0.00000000
  0.00000000  -0.00068961     0.00503528   0.00000000     0.22151062   0.00000000

     Dynamical  Matrix in cartesian axes

     q = (   -0.250000000  -0.433012702   0.000000000 ) 

    1    1
  0.27976121   0.00000000    -0.00314032   0.06833923     0.00000000   0.00000000
 -0.00314032  -0.06833923     0.27613508   0.00000000     0.00000000   0.00000000
  0.00000000   0.00000000     0.00000000   0.00000000     0.22324554   0.00000000
    1    2
 -0.03082286  -0.03399161     0.01956707  -0.02235226     0.04949847  -0.04712395
  0.01956707  -0.01689787    -0.00822875   0.03399161    -0.02857796  -0.08162107
  0.03208924  -0.03430322    -0.01852673  -0.05941492    -0.05715267  -0.00000000
    1    3
 -0.03082286  -0.03399161     0.01956707  -0.02235226    -0.04949847   0.04712395
  0.01956707  -0.01689787    -0.00822875   0.03399161     0.02857796   0.08162107
 -0.03208924   0.03430322     0.01852673   0.05941492    -0.05715267  -0.00000000
    2    1
 -0.03082286   0.03399161     0.01956707   0.01689787     0.03208924   0.03430322
  0.01956707   0.02235226    -0.00822875  -0.03399161    -0.01852673   0.05941492
  0.04949847   0.04712395    -0.02857796   0.08162107    -0.05715267   0.00000000
    2    2
  0.16380808   0.00000000     0.01517136  -0.00242501    -0.00436068  -0.00034480
  0.01517136   0.00242501     0.18132645   0.00000000     0.00251764  -0.00059722
 -0.00436068   0.00034480     0.00251764   0.00059722     0.22151062   0.00000000
    2    3
 -0.00833454   0.00000000     0.01018701  -0.01942404     0.00612648   0.00485569
  0.01018701   0.01942404     0.00342841   0.00000000    -0.00353713   0.00841031
 -0.00612648   0.00485569     0.00353713   0.00841031    -0.04129927   0.00000000
    3    1
 -0.03082286   0.03399161     0.01956707   0.01689787    -0.03208924  -0.03430322
  0.01956707   0.02235226    -0.00822875  -0.03399161     0.01852673  -0.05941492
 -0.04949847  -0.04712395     0.02857796  -0.08162107    -0.05715267   0.00000000
    3    2
 -0.00833454   0.00000000     0.01018701  -0.01942404    -0.00612648  -0.00485569
  0.01018701   0.01942404     0.00342841   0.00000000     0.00353713  -0.00841031
  0.00612648  -0.00485569    -0.00353713  -0.00841031    -0.04129927   0.00000000
    3    3
  0.16380808   0.00000000     0.01517136  -0.00242501     0.00436068   0.00034480
  0.01517136   0.00242501     0.18132645   0.00000000    -0.00251764   0.00059722
  0.00436068  -0.00034480    -0.00251764  -0.00059722     0.22151062   0.00000000

     Dynamical  Matrix in cartesian axes

     q = (    0.500000000  -0.000000000   0.000000000 ) 

    1    1
  0.27432202   0.00000000    -0.00000000   0.06833923     0.00000000   0.00000000
 -0.00000000  -0.06833923     0.28157427   0.00000000     0.00000000   0.00000000
  0.00000000   0.00000000     0.00000000   0.00000000     0.22324554   0.00000000
    1    2
 -0.00000000  -0.00306830     0.03652294  -0.00000000     0.09424790  -0.00000000
  0.04197733  -0.00000000     0.00000000   0.04211991    -0.00000000  -0.05715591
  0.06860644  -0.00000000    -0.00000000  -0.03705346     0.00000000   0.05715267
    1    3
 -0.00000000  -0.00306830     0.03652294  -0.00000000    -0.09424790   0.00000000
  0.04197733  -0.00000000     0.00000000   0.04211991     0.00000000   0.05715591
 -0.06860644   0.00000000     0.00000000   0.03705346     0.00000000   0.05715267
    2    1
 -0.00000000   0.00306830     0.04197733   0.00000000     0.06860644   0.00000000
  0.03652294   0.00000000     0.00000000  -0.04211991    -0.00000000   0.03705346
  0.09424790   0.00000000    -0.00000000   0.05715591     0.00000000  -0.05715267
    2    2
  0.19008564   0.00000000    -0.00000000  -0.00242501     0.00000000   0.00068961
 -0.00000000   0.00242501     0.15504889   0.00000000    -0.00503528  -0.00000000
  0.00000000  -0.00068961    -0.00503528   0.00000000     0.22151062   0.00000000
    2    3
  0.00930988   0.00000000    -0.00000000  -0.01942404     0.00000000  -0.00971139
 -0.00000000   0.01942404    -0.01421602   0.00000000     0.00707425   0.00000000
  0.00000000  -0.00971139    -0.00707425   0.00000000    -0.04129927   0.00000000
    3    1
 -0.00000000   0.00306830     0.04197733   0.00000000    -0.06860644  -0.00000000
  0.03652294   0.00000000     0.00000000  -0.04211991     0.00000000  -0.03705346
 -0.09424790  -0.00000000     0.00000000  -0.05715591     0.00000000  -0.05715267
    3    2
  0.00930988   0.00000000    -0.00000000  -0.01942404     0.00000000   0.00971139
 -0.00000000   0.01942404    -0.01421602   0.00000000    -0.00707425  -0.00000000
  0.00000000   0.00971139     0.00707425  -0.00000000    -0.04129927   0.00000000
    3    3
  0.19008564   0.00000000    -0.00000000  -0.00242501     0.00000000  -0.00068961
 -0.00000000   0.00242501     0.15504889   0.00000000     0.00503528   0.00000000
  0.00000000   0.00068961     0.00503528  -0.00000000     0.22151062   0.00000000

     Diagonalizing the dynamical matrix

     q = (    0.250000000   0.433012702   0.000000000 ) 

 **************************************************************************
     freq (    1) =       3.232352 [THz] =     107.819645 [cm-1]
 (  0.000000  0.000000  0.000000 -0.000000  0.693844  0.000000 ) 
 ( -0.198398  0.177193  0.114545  0.306907  0.284990  0.000000 ) 
 (  0.198398 -0.177193 -0.114545 -0.306907  0.284990  0.000000 ) 
     freq (    2) =       3.816806 [THz] =     127.314951 [cm-1]
 ( -0.385444  0.279351  0.222536  0.483850  0.000000 -0.000000 ) 
 ( -0.381545 -0.089323  0.220285 -0.154711 -0.137351 -0.000000 ) 
 ( -0.381545 -0.089323  0.220285 -0.154711  0.137351  0.000000 ) 
     freq (    3) =       5.170923 [THz] =     172.483436 [cm-1]
 (  0.487868  0.238698 -0.281671  0.413438  0.000000  0.000000 ) 
 (  0.078143  0.111762 -0.045116  0.193578 -0.411418  0.000000 ) 
 (  0.078143  0.111762 -0.045116  0.193578  0.411418  0.000000 ) 
     freq (    4) =       7.778181 [THz] =     259.452185 [cm-1]
 (  0.212678 -0.095857 -0.122790 -0.166029 -0.000000  0.000000 ) 
 ( -0.575819 -0.045905  0.332449 -0.079509 -0.030808  0.000000 ) 
 ( -0.575819 -0.045905  0.332449 -0.079509  0.030808  0.000000 ) 
     freq (    5) =       7.985625 [THz] =     266.371771 [cm-1]
 ( -0.000000  0.000000  0.000000  0.000000 -0.089480  0.000000 ) 
 ( -0.524342  0.065837  0.302729  0.114032 -0.334782 -0.000000 ) 
 (  0.524342 -0.065837 -0.302729 -0.114032 -0.334782  0.000000 ) 
     freq (    6) =       8.484988 [THz] =     283.028725 [cm-1]
 (  0.000000  0.000000 -0.000000 -0.000000 -0.061537  0.000000 ) 
 ( -0.288810 -0.207094  0.166745 -0.358698  0.464046 -0.000000 ) 
 (  0.288810  0.207094 -0.166745  0.358698  0.464046  0.000000 ) 
     freq (    7) =       8.872385 [THz] =     295.950914 [cm-1]
 ( -0.000000 -0.000000  0.000000 -0.000000 -0.311328 -0.000000 ) 
 ( -0.030696  0.270368  0.017722  0.468292  0.397347 -0.000000 ) 
 (  0.030696 -0.270368 -0.017722 -0.468292  0.397347  0.000000 ) 
     freq (    8) =       8.872503 [THz] =     295.954858 [cm-1]
 (  0.112631  0.015481 -0.065028  0.026814 -0.000000 -0.000000 ) 
 (  0.131916 -0.341719 -0.076162 -0.591874 -0.027820  0.000000 ) 
 (  0.131916 -0.341719 -0.076162 -0.591874  0.027820  0.000000 ) 
     freq (    9) =      10.671504 [THz] =     355.963059 [cm-1]
 (  0.134480  0.109980 -0.077642  0.190492  0.000000 -0.000000 ) 
 ( -0.037267  0.010005  0.021516  0.017330  0.679338  0.000000 ) 
 ( -0.037267  0.010005  0.021516  0.017330 -0.679338  0.000000 ) 
 **************************************************************************
