Dynamical matrix file
NbS2                                                                       
  2    3   4   6.3305825   0.0000000   5.9701493   0.0000000   0.0000000   0.0000000
           1  'Nb  '    84678.6388502528     
           2  'S   '    29220.9024340635     
    1    1     -0.0000000001      0.5773502692      2.9850746269
    2    2      0.5000000001      0.2886751346      2.5187955594
    3    2      0.5000000001      0.2886751346      3.4513536943

     Dynamical  Matrix in cartesian axes

     q = (    0.166666667   0.288675135   0.000000000 ) 

    1    1
  0.19770619   0.00000000    -0.00853622  -0.01767896     0.00000000   0.00000000
 -0.00853622   0.01767896     0.18784941   0.00000000     0.00000000   0.00000000
  0.00000000   0.00000000     0.00000000   0.00000000     0.29269823   0.00000000
    1    2
 -0.04977274   0.03077704     0.01513404   0.01945857     0.03163960   0.04177555
  0.01513404   0.01607970    -0.03229746  -0.03077704    -0.01826713   0.07235738
  0.01922283   0.03172460    -0.01109831   0.05494861    -0.12240468   0.00000000
    1    3
 -0.04977274   0.03077704     0.01513404   0.01945857    -0.03163960  -0.04177555
  0.01513404   0.01607970    -0.03229746  -0.03077704     0.01826713  -0.07235738
 -0.01922283  -0.03172460     0.01109831  -0.05494861    -0.12240468   0.00000000
    2    1
 -0.04977274  -0.03077704     0.01513404  -0.01607970     0.01922283  -0.03172460
  0.01513404  -0.01945857    -0.03229746   0.03077704    -0.01109831  -0.05494861
  0.03163960  -0.04177555    -0.01826713  -0.07235738    -0.12240468  -0.00000000
    2    2
  0.13453864   0.00000000     0.01394774   0.00144960    -0.00581624  -0.00000793
  0.01394774  -0.00144960     0.15064411   0.00000000     0.00335801  -0.00001373
 -0.00581624   0.00000793     0.00335801   0.00001373     0.23562292   0.00000000
    2    3
 -0.01252483   0.00000000     0.01040691   0.01036556     0.00698926  -0.00644804
  0.01040691  -0.01036556    -0.00050797   0.00000000    -0.00403525  -0.01116832
 -0.00698926  -0.00644804     0.00403525  -0.01116832    -0.04943341   0.00000000
    3    1
 -0.04977274  -0.03077704     0.01513404  -0.01607970    -0.01922283   0.03172460
  0.01513404  -0.01945857    -0.03229746   0.03077704     0.01109831   0.05494861
 -0.03163960   0.04177555     0.01826713   0.07235738    -0.12240468  -0.00000000
    3    2
 -0.01252483   0.00000000     0.01040691   0.01036556    -0.00698926   0.00644804
  0.01040691  -0.01036556    -0.00050797   0.00000000     0.00403525   0.01116832
  0.00698926   0.00644804    -0.00403525   0.01116832    -0.04943341   0.00000000
    3    3
  0.13453864   0.00000000     0.01394774   0.00144960     0.00581624   0.00000793
  0.01394774  -0.00144960     0.15064411   0.00000000    -0.00335801   0.00001373
  0.00581624  -0.00000793    -0.00335801  -0.00001373     0.23562292   0.00000000

     Dynamical  Matrix in cartesian axes

     q = (   -0.166666667   0.288675135   0.000000000 ) 

    1    1
  0.19770619   0.00000000     0.00853622   0.01767896     0.00000000   0.00000000
  0.00853622  -0.01767896     0.18784941   0.00000000     0.00000000   0.00000000
  0.00000000   0.00000000     0.00000000   0.00000000     0.29269823   0.00000000
    1    2
 -0.05154007  -0.02771594     0.00928459  -0.02283574     0.02035889  -0.04828847
  0.00635841  -0.02114631     0.01050497  -0.04335894    -0.07179690   0.02035889
  0.01786289  -0.03250976    -0.05313605   0.01786289    -0.06120234  -0.10600557
    1    3
 -0.05154007  -0.02771594     0.00928459  -0.02283574    -0.02035889   0.04828847
  0.00635841  -0.02114631     0.01050497  -0.04335894     0.07179690  -0.02035889
 -0.01786289   0.03250976     0.05313605  -0.01786289    -0.06120234  -0.10600557
    2    1
 -0.05154007   0.02771594     0.00635841   0.02114631     0.01786289   0.03250976
  0.00928459   0.02283574     0.01050497   0.04335894    -0.05313605  -0.01786289
  0.02035889   0.04828847    -0.07179690  -0.02035889    -0.06120234   0.10600557
    2    2
  0.13453864   0.00000000    -0.01394774  -0.00144960     0.00581624   0.00000793
 -0.01394774   0.00144960     0.15064411   0.00000000     0.00335801  -0.00001373
  0.00581624  -0.00000793     0.00335801   0.00001373     0.23562292   0.00000000
    2    3
 -0.01252483   0.00000000    -0.01040691  -0.01036556    -0.00698926   0.00644804
 -0.01040691   0.01036556    -0.00050797   0.00000000    -0.00403525  -0.01116832
  0.00698926   0.00644804     0.00403525  -0.01116832    -0.04943341   0.00000000
    3    1
 -0.05154007   0.02771594     0.00635841   0.02114631    -0.01786289  -0.03250976
  0.00928459   0.02283574     0.01050497   0.04335894     0.05313605   0.01786289
 -0.02035889  -0.04828847     0.07179690   0.02035889    -0.06120234   0.10600557
    3    2
 -0.01252483   0.00000000    -0.01040691  -0.01036556     0.00698926  -0.00644804
 -0.01040691   0.01036556    -0.00050797   0.00000000     0.00403525   0.01116832
 -0.00698926  -0.00644804    -0.00403525   0.01116832    -0.04943341   0.00000000
    3    3
  0.13453864   0.00000000    -0.01394774  -0.00144960    -0.00581624  -0.00000793
 -0.01394774   0.00144960     0.15064411   0.00000000    -0.00335801   0.00001373
 -0.00581624   0.00000793    -0.00335801  -0.00001373     0.23562292   0.00000000

     Dynamical  Matrix in cartesian axes

     q = (    0.166666667  -0.288675135   0.000000000 ) 

    1    1
  0.19770619   0.00000000     0.00853622  -0.01767896     0.00000000   0.00000000
  0.00853622   0.01767896     0.18784941   0.00000000     0.00000000   0.00000000
  0.00000000   0.00000000     0.00000000   0.00000000     0.29269823   0.00000000
    1    2
 -0.05154007   0.02771594     0.00928459   0.02283574     0.02035889   0.04828847
  0.00635841   0.02114631     0.01050497   0.04335894    -0.07179690  -0.02035889
  0.01786289   0.03250976    -0.05313605  -0.01786289    -0.06120234   0.10600557
    1    3
 -0.05154007   0.02771594     0.00928459   0.02283574    -0.02035889  -0.04828847
  0.00635841   0.02114631     0.01050497   0.04335894     0.07179690   0.02035889
 -0.01786289  -0.03250976     0.05313605   0.01786289    -0.06120234   0.10600557
    2    1
 -0.05154007  -0.02771594     0.00635841  -0.02114631     0.01786289  -0.03250976
  0.00928459  -0.02283574     0.01050497  -0.04335894    -0.05313605   0.01786289
  0.02035889  -0.04828847    -0.07179690   0.02035889    -0.06120234  -0.10600557
    2    2
  0.13453864   0.00000000    -0.01394774   0.00144960     0.00581624  -0.00000793
 -0.01394774  -0.00144960     0.15064411   0.00000000     0.00335801   0.00001373
  0.00581624   0.00000793     0.00335801  -0.00001373     0.23562292   0.00000000
    2    3
 -0.01252483   0.00000000    -0.01040691   0.01036556    -0.00698926  -0.00644804
 -0.01040691  -0.01036556    -0.00050797   0.00000000    -0.00403525   0.01116832
  0.00698926  -0.00644804     0.00403525   0.01116832    -0.04943341   0.00000000
    3    1
 -0.05154007  -0.02771594     0.00635841  -0.02114631    -0.01786289   0.03250976
  0.00928459  -0.02283574     0.01050497  -0.04335894     0.05313605  -0.01786289
 -0.02035889   0.04828847     0.07179690  -0.02035889    -0.06120234  -0.10600557
    3    2
 -0.01252483   0.00000000    -0.01040691   0.01036556     0.00698926   0.00644804
 -0.01040691  -0.01036556    -0.00050797   0.00000000     0.00403525  -0.01116832
 -0.00698926   0.00644804    -0.00403525  -0.01116832    -0.04943341   0.00000000
    3    3
  0.13453864   0.00000000    -0.01394774   0.00144960    -0.00581624   0.00000793
 -0.01394774  -0.00144960     0.15064411   0.00000000    -0.00335801  -0.00001373
 -0.00581624  -0.00000793    -0.00335801   0.00001373     0.23562292   0.00000000

     Dynamical  Matrix in cartesian axes

     q = (   -0.333333333   0.000000000   0.000000000 ) 

    1    1
  0.18292102   0.00000000    -0.00000000  -0.01767896     0.00000000   0.00000000
 -0.00000000   0.01767896     0.20263458   0.00000000     0.00000000   0.00000000
  0.00000000   0.00000000     0.00000000   0.00000000     0.29269823   0.00000000
    1    2
 -0.01177991  -0.02040340     0.02931394  -0.01692441     0.07235738  -0.04177555
  0.03224013  -0.01861385    -0.02925519  -0.05067148     0.01826713   0.03163960
  0.05494861  -0.03172460     0.01109831   0.01922283    -0.06120234  -0.10600557
    1    3
 -0.01177991  -0.02040340     0.02931394  -0.01692441    -0.07235738   0.04177555
  0.03224013  -0.01861385    -0.02925519  -0.05067148    -0.01826713  -0.03163960
 -0.05494861   0.03172460    -0.01109831  -0.01922283    -0.06120234  -0.10600557
    2    1
 -0.01177991   0.02040340     0.03224013   0.01861385     0.05494861   0.03172460
  0.02931394   0.01692441    -0.02925519   0.05067148     0.01109831  -0.01922283
  0.07235738   0.04177555     0.01826713  -0.03163960    -0.06120234   0.10600557
    2    2
  0.15869684   0.00000000    -0.00000000   0.00144960     0.00000000   0.00001586
 -0.00000000  -0.00144960     0.12648591   0.00000000    -0.00671602  -0.00000000
  0.00000000  -0.00001586    -0.00671602   0.00000000     0.23562292   0.00000000
    2    3
  0.00550046   0.00000000    -0.00000000   0.01036556     0.00000000   0.01289607
 -0.00000000  -0.01036556    -0.01853326   0.00000000     0.00807051  -0.00000000
  0.00000000   0.01289607    -0.00807051  -0.00000000    -0.04943341   0.00000000
    3    1
 -0.01177991   0.02040340     0.03224013   0.01861385    -0.05494861  -0.03172460
  0.02931394   0.01692441    -0.02925519   0.05067148    -0.01109831   0.01922283
 -0.07235738  -0.04177555    -0.01826713   0.03163960    -0.06120234   0.10600557
    3    2
  0.00550046   0.00000000    -0.00000000   0.01036556     0.00000000  -0.01289607
 -0.00000000  -0.01036556    -0.01853326   0.00000000    -0.00807051   0.00000000
  0.00000000  -0.01289607     0.00807051   0.00000000    -0.04943341   0.00000000
    3    3
  0.15869684   0.00000000    -0.00000000   0.00144960     0.00000000  -0.00001586
 -0.00000000  -0.00144960     0.12648591   0.00000000     0.00671602   0.00000000
  0.00000000   0.00001586     0.00671602  -0.00000000     0.23562292   0.00000000

     Dynamical  Matrix in cartesian axes

     q = (   -0.166666667  -0.288675135   0.000000000 ) 

    1    1
  0.19770619   0.00000000    -0.00853622   0.01767896     0.00000000   0.00000000
 -0.00853622  -0.01767896     0.18784941   0.00000000     0.00000000   0.00000000
  0.00000000   0.00000000     0.00000000   0.00000000     0.29269823   0.00000000
    1    2
 -0.04977274  -0.03077704     0.01513404  -0.01945857     0.03163960  -0.04177555
  0.01513404  -0.01607970    -0.03229746   0.03077704    -0.01826713  -0.07235738
  0.01922283  -0.03172460    -0.01109831  -0.05494861    -0.12240468  -0.00000000
    1    3
 -0.04977274  -0.03077704     0.01513404  -0.01945857    -0.03163960   0.04177555
  0.01513404  -0.01607970    -0.03229746   0.03077704     0.01826713   0.07235738
 -0.01922283   0.03172460     0.01109831   0.05494861    -0.12240468  -0.00000000
    2    1
 -0.04977274   0.03077704     0.01513404   0.01607970     0.01922283   0.03172460
  0.01513404   0.01945857    -0.03229746  -0.03077704    -0.01109831   0.05494861
  0.03163960   0.04177555    -0.01826713   0.07235738    -0.12240468   0.00000000
    2    2
  0.13453864   0.00000000     0.01394774  -0.00144960    -0.00581624   0.00000793
  0.01394774   0.00144960     0.15064411   0.00000000     0.00335801   0.00001373
 -0.00581624  -0.00000793     0.00335801  -0.00001373     0.23562292   0.00000000
    2    3
 -0.01252483   0.00000000     0.01040691  -0.01036556     0.00698926   0.00644804
  0.01040691   0.01036556    -0.00050797   0.00000000    -0.00403525   0.01116832
 -0.00698926   0.00644804     0.00403525   0.01116832    -0.04943341   0.00000000
    3    1
 -0.04977274   0.03077704     0.01513404   0.01607970    -0.01922283  -0.03172460
  0.01513404   0.01945857    -0.03229746  -0.03077704     0.01109831  -0.05494861
 -0.03163960  -0.04177555     0.01826713  -0.07235738    -0.12240468   0.00000000
    3    2
 -0.01252483   0.00000000     0.01040691  -0.01036556    -0.00698926  -0.00644804
  0.01040691   0.01036556    -0.00050797   0.00000000     0.00403525  -0.01116832
  0.00698926  -0.00644804    -0.00403525  -0.01116832    -0.04943341   0.00000000
    3    3
  0.13453864   0.00000000     0.01394774  -0.00144960     0.00581624  -0.00000793
  0.01394774   0.00144960     0.15064411   0.00000000    -0.00335801  -0.00001373
  0.00581624   0.00000793    -0.00335801   0.00001373     0.23562292   0.00000000

     Dynamical  Matrix in cartesian axes

     q = (    0.333333333  -0.000000000   0.000000000 ) 

    1    1
  0.18292102   0.00000000    -0.00000000   0.01767896     0.00000000   0.00000000
 -0.00000000  -0.01767896     0.20263458   0.00000000     0.00000000   0.00000000
  0.00000000   0.00000000     0.00000000   0.00000000     0.29269823   0.00000000
    1    2
 -0.01177991   0.02040340     0.02931394   0.01692441     0.07235738   0.04177555
  0.03224013   0.01861385    -0.02925519   0.05067148     0.01826713  -0.03163960
  0.05494861   0.03172460     0.01109831  -0.01922283    -0.06120234   0.10600557
    1    3
 -0.01177991   0.02040340     0.02931394   0.01692441    -0.07235738  -0.04177555
  0.03224013   0.01861385    -0.02925519   0.05067148    -0.01826713   0.03163960
 -0.05494861  -0.03172460    -0.01109831   0.01922283    -0.06120234   0.10600557
    2    1
 -0.01177991  -0.02040340     0.03224013  -0.01861385     0.05494861  -0.03172460
  0.02931394  -0.01692441    -0.02925519  -0.05067148     0.01109831   0.01922283
  0.07235738  -0.04177555     0.01826713   0.03163960    -0.06120234  -0.10600557
    2    2
  0.15869684   0.00000000    -0.00000000  -0.00144960     0.00000000  -0.00001586
 -0.00000000   0.00144960     0.12648591   0.00000000    -0.00671602   0.00000000
  0.00000000   0.00001586    -0.00671602  -0.00000000     0.23562292   0.00000000
    2    3
  0.00550046   0.00000000    -0.00000000  -0.01036556     0.00000000  -0.01289607
 -0.00000000   0.01036556    -0.01853326   0.00000000     0.00807051   0.00000000
  0.00000000  -0.01289607    -0.00807051   0.00000000    -0.04943341   0.00000000
    3    1
 -0.01177991  -0.02040340     0.03224013  -0.01861385    -0.05494861   0.03172460
  0.02931394  -0.01692441    -0.02925519  -0.05067148    -0.01109831  -0.01922283
 -0.07235738   0.04177555    -0.01826713  -0.03163960    -0.06120234  -0.10600557
    3    2
  0.00550046   0.00000000    -0.00000000  -0.01036556     0.00000000   0.01289607
 -0.00000000   0.01036556    -0.01853326   0.00000000    -0.00807051  -0.00000000
  0.00000000   0.01289607     0.00807051  -0.00000000    -0.04943341   0.00000000
    3    3
  0.15869684   0.00000000    -0.00000000  -0.00144960     0.00000000   0.00001586
 -0.00000000   0.00144960     0.12648591   0.00000000     0.00671602  -0.00000000
  0.00000000  -0.00001586     0.00671602   0.00000000     0.23562292   0.00000000

     Diagonalizing the dynamical matrix

     q = (    0.166666667   0.288675135   0.000000000 ) 

 **************************************************************************
     freq (    1) =       2.093170 [THz] =      69.820637 [cm-1]
 ( -0.000000 -0.000000  0.000000  0.000000 -0.602661 -0.000000 ) 
 (  0.109437 -0.159676 -0.063183 -0.276567 -0.447712 -0.000000 ) 
 ( -0.109437  0.159676  0.063183  0.276567 -0.447712  0.000000 ) 
     freq (    2) =       2.743861 [THz] =      91.525348 [cm-1]
 (  0.400933 -0.232296 -0.231479 -0.402348 -0.000000  0.000000 ) 
 (  0.447840  0.038261 -0.258561  0.066270  0.107899  0.000000 ) 
 (  0.447840  0.038261 -0.258561  0.066270 -0.107899  0.000000 ) 
     freq (    3) =       3.732329 [THz] =     124.497089 [cm-1]
 (  0.443485  0.299035 -0.256046  0.517943 -0.000000 -0.000000 ) 
 (  0.111736  0.151506 -0.064511  0.262417 -0.285611 -0.000000 ) 
 (  0.111736  0.151506 -0.064511  0.262417  0.285611  0.000000 ) 
     freq (    4) =       7.342205 [THz] =     244.909591 [cm-1]
 ( -0.276187  0.095502  0.159457  0.165414 -0.000000 -0.000000 ) 
 (  0.567436 -0.003655 -0.327610 -0.006331  0.039246 -0.000000 ) 
 (  0.567436 -0.003655 -0.327610 -0.006331 -0.039246  0.000000 ) 
     freq (    5) =       7.358043 [THz] =     245.437888 [cm-1]
 (  0.000000 -0.000000 -0.000000  0.000000 -0.060252  0.000000 ) 
 ( -0.595861  0.040702  0.344021  0.070499 -0.134749  0.000000 ) 
 (  0.595861 -0.040702 -0.344021 -0.070499 -0.134749  0.000000 ) 
     freq (    6) =       7.919526 [THz] =     264.166951 [cm-1]
 ( -0.000000  0.000000 -0.000000 -0.000000 -0.099106 -0.000000 ) 
 (  0.116938  0.325130 -0.067514  0.563141 -0.232421 -0.000000 ) 
 ( -0.116938 -0.325130  0.067514 -0.563141 -0.232421  0.000000 ) 
     freq (    7) =       8.093926 [THz] =     269.984325 [cm-1]
 ( -0.124364 -0.049860  0.071802 -0.086360 -0.000000  0.000000 ) 
 ( -0.046380  0.346619  0.026778  0.600361  0.035655  0.000000 ) 
 ( -0.046380  0.346619  0.026778  0.600361 -0.035655  0.000000 ) 
     freq (    8) =       9.776877 [THz] =     326.121515 [cm-1]
 ( -0.000000 -0.000000  0.000000 -0.000000 -0.387453 -0.000000 ) 
 ( -0.048956  0.075931  0.028265  0.131516  0.631413  0.000000 ) 
 (  0.048956 -0.075931 -0.028265 -0.131516  0.631413  0.000000 ) 
     freq (    9) =      10.713673 [THz] =     357.369654 [cm-1]
 ( -0.072104 -0.079127  0.041629 -0.137051 -0.000000  0.000000 ) 
 (  0.042843 -0.009237 -0.024736 -0.015998 -0.693703 -0.000000 ) 
 (  0.042843 -0.009237 -0.024736 -0.015998  0.693703  0.000000 ) 
 **************************************************************************
