Dynamical matrix file
NbS2                                                                       
  2    3   4   6.3305825   0.0000000   5.9701493   0.0000000   0.0000000   0.0000000
           1  'Nb  '    84678.6388502528     
           2  'S   '    29220.9024340635     
    1    1     -0.0000000001      0.5773502692      2.9850746269
    2    2      0.5000000001      0.2886751346      2.5187955594
    3    2      0.5000000001      0.2886751346      3.4513536943

     Dynamical  Matrix in cartesian axes

     q = (    0.000000000   0.000000000   0.000000000 ) 

    1    1
  0.22651176   0.00000000    -0.00000000   0.00000000     0.00000000   0.00000000
 -0.00000000   0.00000000     0.22651176   0.00000000     0.00000000   0.00000000
  0.00000000   0.00000000     0.00000000   0.00000000     0.40412555   0.00000000
    1    2
 -0.11325683   0.00000000     0.00000000   0.00000000    -0.00000000   0.00000000
  0.00000000   0.00000000    -0.11325683   0.00000000    -0.00000000   0.00000000
  0.00000000   0.00000000     0.00000000   0.00000000    -0.20206316   0.00000000
    1    3
 -0.11325683   0.00000000     0.00000000   0.00000000     0.00000000   0.00000000
  0.00000000   0.00000000    -0.11325683   0.00000000     0.00000000   0.00000000
  0.00000000   0.00000000     0.00000000   0.00000000    -0.20206316   0.00000000
    2    1
 -0.11325683   0.00000000     0.00000000   0.00000000     0.00000000   0.00000000
  0.00000000   0.00000000    -0.11325683   0.00000000     0.00000000   0.00000000
 -0.00000000   0.00000000    -0.00000000   0.00000000    -0.20206316   0.00000000
    2    2
  0.10736190   0.00000000    -0.00000000   0.00000000     0.00000000   0.00000000
 -0.00000000   0.00000000     0.10736190   0.00000000     0.00000000   0.00000000
  0.00000000   0.00000000     0.00000000   0.00000000     0.26708012   0.00000000
    2    3
  0.00589396   0.00000000    -0.00000000   0.00000000     0.00000000   0.00000000
 -0.00000000   0.00000000     0.00589396   0.00000000     0.00000000   0.00000000
  0.00000000   0.00000000    -0.00000000   0.00000000    -0.06500794   0.00000000
    3    1
 -0.11325683   0.00000000     0.00000000   0.00000000     0.00000000   0.00000000
  0.00000000   0.00000000    -0.11325683   0.00000000     0.00000000   0.00000000
  0.00000000   0.00000000     0.00000000   0.00000000    -0.20206316   0.00000000
    3    2
  0.00589396   0.00000000    -0.00000000   0.00000000     0.00000000   0.00000000
 -0.00000000   0.00000000     0.00589396   0.00000000     0.00000000   0.00000000
  0.00000000   0.00000000     0.00000000   0.00000000    -0.06500794   0.00000000
    3    3
  0.10736190   0.00000000    -0.00000000   0.00000000     0.00000000   0.00000000
 -0.00000000   0.00000000     0.10736190   0.00000000     0.00000000   0.00000000
  0.00000000   0.00000000     0.00000000   0.00000000     0.26708012   0.00000000

     Diagonalizing the dynamical matrix

     q = (    0.000000000   0.000000000   0.000000000 ) 

 **************************************************************************
     freq (    1) =      -0.017069 [THz] =      -0.569348 [cm-1]
 ( -0.012166  0.000000  0.577221  0.000000 -0.000000  0.000000 ) 
 ( -0.012166  0.000000  0.577222  0.000000 -0.000000  0.000000 ) 
 ( -0.012166  0.000000  0.577222  0.000000 -0.000000  0.000000 ) 
     freq (    2) =      -0.017069 [THz] =      -0.569348 [cm-1]
 ( -0.577221  0.000000 -0.012166  0.000000 -0.000000  0.000000 ) 
 ( -0.577222  0.000000 -0.012166  0.000000 -0.000000  0.000000 ) 
 ( -0.577222  0.000000 -0.012166  0.000000 -0.000000  0.000000 ) 
     freq (    3) =       0.036155 [THz] =       1.205985 [cm-1]
 (  0.000000  0.000000 -0.000000  0.000000 -0.577361  0.000000 ) 
 (  0.000000  0.000000 -0.000000  0.000000 -0.577345  0.000000 ) 
 (  0.000000  0.000000 -0.000000  0.000000 -0.577345  0.000000 ) 
     freq (    4) =       6.130454 [THz] =     204.489935 [cm-1]
 (  0.000000  0.000000  0.000000  0.000000  0.000000  0.000000 ) 
 ( -0.001253  0.000000 -0.707106  0.000000  0.000000  0.000000 ) 
 (  0.001253  0.000000  0.707106  0.000000  0.000000  0.000000 ) 
     freq (    5) =       6.130454 [THz] =     204.489935 [cm-1]
 ( -0.000000  0.000000  0.000000  0.000000 -0.000000  0.000000 ) 
 ( -0.707106  0.000000  0.001253  0.000000  0.000000  0.000000 ) 
 (  0.707106  0.000000 -0.001253  0.000000 -0.000000  0.000000 ) 
     freq (    6) =       8.420219 [THz] =     280.868264 [cm-1]
 (  0.000480  0.000000  0.438578  0.000000 -0.000000  0.000000 ) 
 ( -0.000696  0.000000 -0.635472  0.000000  0.000000  0.000000 ) 
 ( -0.000696  0.000000 -0.635472  0.000000 -0.000000  0.000000 ) 
     freq (    7) =       8.420219 [THz] =     280.868264 [cm-1]
 ( -0.438578  0.000000  0.000480  0.000000  0.000000  0.000000 ) 
 (  0.635472  0.000000 -0.000696  0.000000  0.000000  0.000000 ) 
 (  0.635472  0.000000 -0.000696  0.000000 -0.000000  0.000000 ) 
     freq (    8) =      11.090595 [THz] =     369.942440 [cm-1]
 ( -0.000000  0.000000  0.000000  0.000000  0.000000  0.000000 ) 
 (  0.000000  0.000000 -0.000000  0.000000 -0.707107  0.000000 ) 
 (  0.000000  0.000000 -0.000000  0.000000  0.707107  0.000000 ) 
     freq (    9) =      11.247060 [THz] =     375.161545 [cm-1]
 ( -0.000000  0.000000 -0.000000  0.000000 -0.438568  0.000000 ) 
 (  0.000000  0.000000 -0.000000  0.000000  0.635476  0.000000 ) 
 ( -0.000000  0.000000  0.000000  0.000000  0.635476  0.000000 ) 
 **************************************************************************
