Dynamical matrix file
NbS2                                                                       
  2    3   4   6.3305825   0.0000000   5.9701493   0.0000000   0.0000000   0.0000000
           1  'Nb  '    84678.6388502528     
           2  'S   '    29220.9024340635     
    1    1     -0.0000000001      0.5773502692      2.9850746269
    2    2      0.5000000001      0.2886751346      2.5187955594
    3    2      0.5000000001      0.2886751346      3.4513536943

     Dynamical  Matrix in cartesian axes

     q = (    0.083333333   0.433012702   0.000000000 ) 

    1    1
  0.20679289   0.00000000    -0.00142832  -0.03068362     0.00000000   0.00000000
 -0.00142832   0.03068362     0.19841618   0.00000000     0.00000000   0.00000000
  0.00000000   0.00000000     0.00000000   0.00000000     0.24955261   0.00000000
    1    2
 -0.04840947   0.01143849     0.00151614   0.01108395     0.00873590   0.02215453
  0.00269316   0.00745424     0.01426203  -0.03448846    -0.09118119   0.06305033
  0.00337213   0.01428614    -0.06601301   0.04509693    -0.08040770  -0.02185212
    1    3
 -0.04840947   0.01143849     0.00151614   0.01108395    -0.00873590  -0.02215453
  0.00269316   0.00745424     0.01426203  -0.03448846     0.09118119  -0.06305033
 -0.00337213  -0.01428614     0.06601301  -0.04509693    -0.08040770  -0.02185212
    2    1
 -0.04840947  -0.01143849     0.00269316  -0.00745424     0.00337213  -0.01428614
  0.00151614  -0.01108395     0.01426203   0.03448846    -0.06601301  -0.04509693
  0.00873590  -0.02215453    -0.09118119  -0.06305033    -0.08040770   0.02185212
    2    2
  0.13037618   0.00000000     0.00530873   0.00142431    -0.00166525   0.00019146
  0.00530873  -0.00142431     0.19024911   0.00000000     0.00956234   0.00042514
 -0.00166525  -0.00019146     0.00956234  -0.00042514     0.22496697   0.00000000
    2    3
 -0.02307931   0.00000000     0.00448155   0.00979530     0.00229804  -0.00358778
  0.00448155  -0.00979530     0.01020453   0.00000000    -0.01109650  -0.01018507
 -0.00229804  -0.00358778     0.01109650  -0.01018507    -0.04268262   0.00000000
    3    1
 -0.04840947  -0.01143849     0.00269316  -0.00745424    -0.00337213   0.01428614
  0.00151614  -0.01108395     0.01426203   0.03448846     0.06601301   0.04509693
 -0.00873590   0.02215453     0.09118119   0.06305033    -0.08040770   0.02185212
    3    2
 -0.02307931   0.00000000     0.00448155   0.00979530    -0.00229804   0.00358778
  0.00448155  -0.00979530     0.01020453   0.00000000     0.01109650   0.01018507
  0.00229804   0.00358778    -0.01109650   0.01018507    -0.04268262   0.00000000
    3    3
  0.13037618   0.00000000     0.00530873   0.00142431     0.00166525  -0.00019146
  0.00530873  -0.00142431     0.19024911   0.00000000    -0.00956234  -0.00042514
  0.00166525   0.00019146    -0.00956234   0.00042514     0.22496697   0.00000000

     Dynamical  Matrix in cartesian axes

     q = (   -0.083333333  -0.433012702   0.000000000 ) 

    1    1
  0.20679289   0.00000000    -0.00142832   0.03068362     0.00000000   0.00000000
 -0.00142832  -0.03068362     0.19841618   0.00000000     0.00000000   0.00000000
  0.00000000   0.00000000     0.00000000   0.00000000     0.24955261   0.00000000
    1    2
 -0.04840947  -0.01143849     0.00151614  -0.01108395     0.00873590  -0.02215453
  0.00269316  -0.00745424     0.01426203   0.03448846    -0.09118119  -0.06305033
  0.00337213  -0.01428614    -0.06601301  -0.04509693    -0.08040770   0.02185212
    1    3
 -0.04840947  -0.01143849     0.00151614  -0.01108395    -0.00873590   0.02215453
  0.00269316  -0.00745424     0.01426203   0.03448846     0.09118119   0.06305033
 -0.00337213   0.01428614     0.06601301   0.04509693    -0.08040770   0.02185212
    2    1
 -0.04840947   0.01143849     0.00269316   0.00745424     0.00337213   0.01428614
  0.00151614   0.01108395     0.01426203  -0.03448846    -0.06601301   0.04509693
  0.00873590   0.02215453    -0.09118119   0.06305033    -0.08040770  -0.02185212
    2    2
  0.13037618   0.00000000     0.00530873  -0.00142431    -0.00166525  -0.00019146
  0.00530873   0.00142431     0.19024911   0.00000000     0.00956234  -0.00042514
 -0.00166525   0.00019146     0.00956234   0.00042514     0.22496697   0.00000000
    2    3
 -0.02307931   0.00000000     0.00448155  -0.00979530     0.00229804   0.00358778
  0.00448155   0.00979530     0.01020453   0.00000000    -0.01109650   0.01018507
 -0.00229804   0.00358778     0.01109650   0.01018507    -0.04268262   0.00000000
    3    1
 -0.04840947   0.01143849     0.00269316   0.00745424    -0.00337213  -0.01428614
  0.00151614   0.01108395     0.01426203  -0.03448846     0.06601301  -0.04509693
 -0.00873590  -0.02215453     0.09118119  -0.06305033    -0.08040770  -0.02185212
    3    2
 -0.02307931   0.00000000     0.00448155  -0.00979530    -0.00229804  -0.00358778
  0.00448155   0.00979530     0.01020453   0.00000000     0.01109650  -0.01018507
  0.00229804  -0.00358778    -0.01109650  -0.01018507    -0.04268262   0.00000000
    3    3
  0.13037618   0.00000000     0.00530873  -0.00142431     0.00166525   0.00019146
  0.00530873   0.00142431     0.19024911   0.00000000    -0.00956234   0.00042514
  0.00166525  -0.00019146    -0.00956234  -0.00042514     0.22496697   0.00000000

     Dynamical  Matrix in cartesian axes

     q = (   -0.083333333   0.433012702   0.000000000 ) 

    1    1
  0.20679289   0.00000000     0.00142832   0.03068362     0.00000000   0.00000000
  0.00142832  -0.03068362     0.19841618   0.00000000     0.00000000   0.00000000
  0.00000000   0.00000000     0.00000000   0.00000000     0.24955261   0.00000000
    1    2
 -0.04764308  -0.01429871     0.00422896  -0.01035705     0.00351175  -0.02355433
  0.00139478  -0.00780214     0.02959551  -0.02273687    -0.11049040   0.00901259
  0.00422272  -0.01405822    -0.07971741   0.00604858    -0.05870905  -0.05912834
    1    3
 -0.04764308  -0.01429871     0.00422896  -0.01035705    -0.00351175   0.02355433
  0.00139478  -0.00780214     0.02959551  -0.02273687     0.11049040  -0.00901259
 -0.00422272   0.01405822     0.07971741  -0.00604858    -0.05870905  -0.05912834
    2    1
 -0.04764308   0.01429871     0.00139478   0.00780214     0.00422272   0.01405822
  0.00422896   0.01035705     0.02959551   0.02273687    -0.07971741  -0.00604858
  0.00351175   0.02355433    -0.11049040  -0.00901259    -0.05870905   0.05912834
    2    2
  0.13037618   0.00000000    -0.00530873  -0.00142431     0.00166525  -0.00019146
 -0.00530873   0.00142431     0.19024911   0.00000000     0.00956234   0.00042514
  0.00166525   0.00019146     0.00956234  -0.00042514     0.22496697   0.00000000
    2    3
 -0.02307931   0.00000000    -0.00448155  -0.00979530    -0.00229804   0.00358778
 -0.00448155   0.00979530     0.01020453   0.00000000    -0.01109650  -0.01018507
  0.00229804   0.00358778     0.01109650  -0.01018507    -0.04268262   0.00000000
    3    1
 -0.04764308   0.01429871     0.00139478   0.00780214    -0.00422272  -0.01405822
  0.00422896   0.01035705     0.02959551   0.02273687     0.07971741   0.00604858
 -0.00351175  -0.02355433     0.11049040   0.00901259    -0.05870905   0.05912834
    3    2
 -0.02307931   0.00000000    -0.00448155  -0.00979530     0.00229804  -0.00358778
 -0.00448155   0.00979530     0.01020453   0.00000000     0.01109650   0.01018507
 -0.00229804  -0.00358778    -0.01109650   0.01018507    -0.04268262   0.00000000
    3    3
  0.13037618   0.00000000    -0.00530873  -0.00142431    -0.00166525   0.00019146
 -0.00530873   0.00142431     0.19024911   0.00000000    -0.00956234  -0.00042514
 -0.00166525  -0.00019146    -0.00956234   0.00042514     0.22496697   0.00000000

     Dynamical  Matrix in cartesian axes

     q = (    0.083333333  -0.433012702   0.000000000 ) 

    1    1
  0.20679289   0.00000000     0.00142832  -0.03068362     0.00000000   0.00000000
  0.00142832   0.03068362     0.19841618   0.00000000     0.00000000   0.00000000
  0.00000000   0.00000000     0.00000000   0.00000000     0.24955261   0.00000000
    1    2
 -0.04764308   0.01429871     0.00422896   0.01035705     0.00351175   0.02355433
  0.00139478   0.00780214     0.02959551   0.02273687    -0.11049040  -0.00901259
  0.00422272   0.01405822    -0.07971741  -0.00604858    -0.05870905   0.05912834
    1    3
 -0.04764308   0.01429871     0.00422896   0.01035705    -0.00351175  -0.02355433
  0.00139478   0.00780214     0.02959551   0.02273687     0.11049040   0.00901259
 -0.00422272  -0.01405822     0.07971741   0.00604858    -0.05870905   0.05912834
    2    1
 -0.04764308  -0.01429871     0.00139478  -0.00780214     0.00422272  -0.01405822
  0.00422896  -0.01035705     0.02959551  -0.02273687    -0.07971741   0.00604858
  0.00351175  -0.02355433    -0.11049040   0.00901259    -0.05870905  -0.05912834
    2    2
  0.13037618   0.00000000    -0.00530873   0.00142431     0.00166525   0.00019146
 -0.00530873  -0.00142431     0.19024911   0.00000000     0.00956234  -0.00042514
  0.00166525  -0.00019146     0.00956234   0.00042514     0.22496697   0.00000000
    2    3
 -0.02307931   0.00000000    -0.00448155   0.00979530    -0.00229804  -0.00358778
 -0.00448155  -0.00979530     0.01020453   0.00000000    -0.01109650   0.01018507
  0.00229804  -0.00358778     0.01109650   0.01018507    -0.04268262   0.00000000
    3    1
 -0.04764308  -0.01429871     0.00139478  -0.00780214    -0.00422272   0.01405822
  0.00422896  -0.01035705     0.02959551  -0.02273687     0.07971741  -0.00604858
 -0.00351175   0.02355433     0.11049040  -0.00901259    -0.05870905  -0.05912834
    3    2
 -0.02307931   0.00000000    -0.00448155   0.00979530     0.00229804   0.00358778
 -0.00448155  -0.00979530     0.01020453   0.00000000     0.01109650  -0.01018507
 -0.00229804   0.00358778    -0.01109650  -0.01018507    -0.04268262   0.00000000
    3    3
  0.13037618   0.00000000    -0.00530873   0.00142431    -0.00166525  -0.00019146
 -0.00530873  -0.00142431     0.19024911   0.00000000    -0.00956234   0.00042514
 -0.00166525   0.00019146    -0.00956234  -0.00042514     0.22496697   0.00000000

     Dynamical  Matrix in cartesian axes

     q = (    0.333333333  -0.288675135   0.000000000 ) 

    1    1
  0.20174732   0.00000000     0.00434138  -0.03068362     0.00000000   0.00000000
  0.00434138   0.03068362     0.20346175   0.00000000     0.00000000   0.00000000
  0.00000000   0.00000000     0.00000000   0.00000000     0.24955261   0.00000000
    1    2
 -0.02526196   0.01831298     0.02916988   0.01638919     0.07936115   0.05040569
  0.02543795   0.01718472     0.02237383   0.02278455    -0.06293003  -0.00757492
  0.05706412   0.03501392    -0.04528522  -0.00859507     0.02127936   0.08056117
    1    3
 -0.02526196   0.01831298     0.02916988   0.01638919    -0.07936115  -0.05040569
  0.02543795   0.01718472     0.02237383   0.02278455     0.06293003   0.00757492
 -0.05706412  -0.03501392     0.04528522   0.00859507     0.02127936   0.08056117
    2    1
 -0.02526196  -0.01831298     0.02543795  -0.01718472     0.05706412  -0.03501392
  0.02916988  -0.01638919     0.02237383  -0.02278455    -0.04528522   0.00859507
  0.07936115  -0.05040569    -0.06293003   0.00757492     0.02127936  -0.08056117
    2    2
  0.17068338   0.00000000    -0.02858011   0.00142431     0.00911386   0.00027245
 -0.02858011  -0.00142431     0.14994191   0.00000000    -0.00333902  -0.00037838
  0.00911386  -0.00027245    -0.00333902   0.00037838     0.22496697   0.00000000
    2    3
 -0.00199756   0.00000000    -0.01665310   0.00979530    -0.01075887  -0.00702664
 -0.01665310  -0.00979530    -0.01087722   0.00000000     0.00355809   0.00819965
  0.01075887  -0.00702664    -0.00355809   0.00819965    -0.04268262   0.00000000
    3    1
 -0.02526196  -0.01831298     0.02543795  -0.01718472    -0.05706412   0.03501392
  0.02916988  -0.01638919     0.02237383  -0.02278455     0.04528522  -0.00859507
 -0.07936115   0.05040569     0.06293003  -0.00757492     0.02127936  -0.08056117
    3    2
 -0.00199756   0.00000000    -0.01665310   0.00979530     0.01075887   0.00702664
 -0.01665310  -0.00979530    -0.01087722   0.00000000    -0.00355809  -0.00819965
 -0.01075887   0.00702664     0.00355809  -0.00819965    -0.04268262   0.00000000
    3    3
  0.17068338   0.00000000    -0.02858011   0.00142431    -0.00911386  -0.00027245
 -0.02858011  -0.00142431     0.14994191   0.00000000     0.00333902   0.00037838
 -0.00911386   0.00027245     0.00333902  -0.00037838     0.22496697   0.00000000

     Dynamical  Matrix in cartesian axes

     q = (   -0.333333333   0.288675135   0.000000000 ) 

    1    1
  0.20174732   0.00000000     0.00434138   0.03068362     0.00000000   0.00000000
  0.00434138  -0.03068362     0.20346175   0.00000000     0.00000000   0.00000000
  0.00000000   0.00000000     0.00000000   0.00000000     0.24955261   0.00000000
    1    2
 -0.02526196  -0.01831298     0.02916988  -0.01638919     0.07936115  -0.05040569
  0.02543795  -0.01718472     0.02237383  -0.02278455    -0.06293003   0.00757492
  0.05706412  -0.03501392    -0.04528522   0.00859507     0.02127936  -0.08056117
    1    3
 -0.02526196  -0.01831298     0.02916988  -0.01638919    -0.07936115   0.05040569
  0.02543795  -0.01718472     0.02237383  -0.02278455     0.06293003  -0.00757492
 -0.05706412   0.03501392     0.04528522  -0.00859507     0.02127936  -0.08056117
    2    1
 -0.02526196   0.01831298     0.02543795   0.01718472     0.05706412   0.03501392
  0.02916988   0.01638919     0.02237383   0.02278455    -0.04528522  -0.00859507
  0.07936115   0.05040569    -0.06293003  -0.00757492     0.02127936   0.08056117
    2    2
  0.17068338   0.00000000    -0.02858011  -0.00142431     0.00911386  -0.00027245
 -0.02858011   0.00142431     0.14994191   0.00000000    -0.00333902   0.00037838
  0.00911386   0.00027245    -0.00333902  -0.00037838     0.22496697   0.00000000
    2    3
 -0.00199756   0.00000000    -0.01665310  -0.00979530    -0.01075887   0.00702664
 -0.01665310   0.00979530    -0.01087722   0.00000000     0.00355809  -0.00819965
  0.01075887   0.00702664    -0.00355809  -0.00819965    -0.04268262   0.00000000
    3    1
 -0.02526196   0.01831298     0.02543795   0.01718472    -0.05706412  -0.03501392
  0.02916988   0.01638919     0.02237383   0.02278455     0.04528522   0.00859507
 -0.07936115  -0.05040569     0.06293003   0.00757492     0.02127936   0.08056117
    3    2
 -0.00199756   0.00000000    -0.01665310  -0.00979530     0.01075887  -0.00702664
 -0.01665310   0.00979530    -0.01087722   0.00000000    -0.00355809   0.00819965
 -0.01075887  -0.00702664     0.00355809   0.00819965    -0.04268262   0.00000000
    3    3
  0.17068338   0.00000000    -0.02858011  -0.00142431    -0.00911386   0.00027245
 -0.02858011   0.00142431     0.14994191   0.00000000     0.00333902  -0.00037838
 -0.00911386  -0.00027245     0.00333902   0.00037838     0.22496697   0.00000000

     Dynamical  Matrix in cartesian axes

     q = (   -0.416666667  -0.144337567   0.000000000 ) 

    1    1
  0.19927340   0.00000000    -0.00291306  -0.03068362     0.00000000   0.00000000
 -0.00291306   0.03068362     0.20593567   0.00000000     0.00000000   0.00000000
  0.00000000   0.00000000     0.00000000   0.00000000     0.24955261   0.00000000
    1    2
  0.00785072  -0.01276417     0.03343413  -0.00691617     0.09744337  -0.01958230
  0.03626831  -0.00947108    -0.02589828  -0.02427141     0.05220393   0.01589235
  0.07114866  -0.01226733     0.03620172   0.00915049    -0.05870905  -0.05912834
    1    3
  0.00785072  -0.01276417     0.03343413  -0.00691617    -0.09744337   0.01958230
  0.03626831  -0.00947108    -0.02589828  -0.02427141    -0.05220393  -0.01589235
 -0.07114866   0.01226733    -0.03620172  -0.00915049    -0.05870905  -0.05912834
    2    1
  0.00785072   0.01276417     0.03626831   0.00947108     0.07114866   0.01226733
  0.03343413   0.00691617    -0.02589828   0.02427141     0.03620172  -0.00915049
  0.09744337   0.01958230     0.05220393  -0.01589235    -0.05870905   0.05912834
    2    2
  0.17987837   0.00000000     0.02327137   0.00142431    -0.00744861  -0.00046391
  0.02327137  -0.00142431     0.14074691   0.00000000    -0.00622332  -0.00004676
 -0.00744861   0.00046391    -0.00622332   0.00004676     0.22496697   0.00000000
    2    3
  0.00576470   0.00000000     0.01217155   0.00979530     0.00846083   0.01061442
  0.01217155  -0.00979530    -0.01863948   0.00000000     0.00753841   0.00198543
 -0.00846083   0.01061442    -0.00753841   0.00198543    -0.04268262   0.00000000
    3    1
  0.00785072   0.01276417     0.03626831   0.00947108    -0.07114866  -0.01226733
  0.03343413   0.00691617    -0.02589828   0.02427141    -0.03620172   0.00915049
 -0.09744337  -0.01958230    -0.05220393   0.01589235    -0.05870905   0.05912834
    3    2
  0.00576470   0.00000000     0.01217155   0.00979530    -0.00846083  -0.01061442
  0.01217155  -0.00979530    -0.01863948   0.00000000    -0.00753841  -0.00198543
  0.00846083  -0.01061442     0.00753841  -0.00198543    -0.04268262   0.00000000
    3    3
  0.17987837   0.00000000     0.02327137   0.00142431     0.00744861   0.00046391
  0.02327137  -0.00142431     0.14074691   0.00000000     0.00622332   0.00004676
  0.00744861  -0.00046391     0.00622332  -0.00004676     0.22496697   0.00000000

     Dynamical  Matrix in cartesian axes

     q = (    0.416666667   0.144337567   0.000000000 ) 

    1    1
  0.19927340   0.00000000    -0.00291306   0.03068362     0.00000000   0.00000000
 -0.00291306  -0.03068362     0.20593567   0.00000000     0.00000000   0.00000000
  0.00000000   0.00000000     0.00000000   0.00000000     0.24955261   0.00000000
    1    2
  0.00785072   0.01276417     0.03343413   0.00691617     0.09744337   0.01958230
  0.03626831   0.00947108    -0.02589828   0.02427141     0.05220393  -0.01589235
  0.07114866   0.01226733     0.03620172  -0.00915049    -0.05870905   0.05912834
    1    3
  0.00785072   0.01276417     0.03343413   0.00691617    -0.09744337  -0.01958230
  0.03626831   0.00947108    -0.02589828   0.02427141    -0.05220393   0.01589235
 -0.07114866  -0.01226733    -0.03620172   0.00915049    -0.05870905   0.05912834
    2    1
  0.00785072  -0.01276417     0.03626831  -0.00947108     0.07114866  -0.01226733
  0.03343413  -0.00691617    -0.02589828  -0.02427141     0.03620172   0.00915049
  0.09744337  -0.01958230     0.05220393   0.01589235    -0.05870905  -0.05912834
    2    2
  0.17987837   0.00000000     0.02327137  -0.00142431    -0.00744861   0.00046391
  0.02327137   0.00142431     0.14074691   0.00000000    -0.00622332   0.00004676
 -0.00744861  -0.00046391    -0.00622332  -0.00004676     0.22496697   0.00000000
    2    3
  0.00576470   0.00000000     0.01217155  -0.00979530     0.00846083  -0.01061442
  0.01217155   0.00979530    -0.01863948   0.00000000     0.00753841  -0.00198543
 -0.00846083  -0.01061442    -0.00753841  -0.00198543    -0.04268262   0.00000000
    3    1
  0.00785072  -0.01276417     0.03626831  -0.00947108    -0.07114866   0.01226733
  0.03343413  -0.00691617    -0.02589828  -0.02427141    -0.03620172  -0.00915049
 -0.09744337   0.01958230    -0.05220393  -0.01589235    -0.05870905  -0.05912834
    3    2
  0.00576470   0.00000000     0.01217155  -0.00979530    -0.00846083   0.01061442
  0.01217155   0.00979530    -0.01863948   0.00000000    -0.00753841   0.00198543
  0.00846083   0.01061442     0.00753841   0.00198543    -0.04268262   0.00000000
    3    3
  0.17987837   0.00000000     0.02327137  -0.00142431     0.00744861  -0.00046391
  0.02327137   0.00142431     0.14074691   0.00000000     0.00622332  -0.00004676
  0.00744861   0.00046391     0.00622332   0.00004676     0.22496697   0.00000000

     Dynamical  Matrix in cartesian axes

     q = (   -0.333333333  -0.288675135   0.000000000 ) 

    1    1
  0.20174732   0.00000000    -0.00434138   0.03068362     0.00000000   0.00000000
 -0.00434138  -0.03068362     0.20346175   0.00000000     0.00000000   0.00000000
  0.00000000   0.00000000     0.00000000   0.00000000     0.24955261   0.00000000
    1    2
 -0.00322852  -0.03103399     0.02877839  -0.01706726     0.08333318  -0.04352593
  0.02760137  -0.01343755    -0.03091892   0.00798402     0.03802509  -0.05071155
  0.05885501  -0.03191202     0.03008616  -0.03492062    -0.08040770  -0.02185212
    1    3
 -0.00322852  -0.03103399     0.02877839  -0.01706726    -0.08333318   0.04352593
  0.02760137  -0.01343755    -0.03091892   0.00798402    -0.03802509   0.05071155
 -0.05885501   0.03191202    -0.03008616   0.03492062    -0.08040770  -0.02185212
    2    1
 -0.00322852   0.03103399     0.02760137   0.01343755     0.05885501   0.03191202
  0.02877839   0.01706726    -0.03091892  -0.00798402     0.03008616   0.03492062
  0.08333318   0.04352593     0.03802509   0.05071155    -0.08040770   0.02185212
    2    2
  0.17068338   0.00000000     0.02858011  -0.00142431    -0.00911386  -0.00027245
  0.02858011   0.00142431     0.14994191   0.00000000    -0.00333902  -0.00037838
 -0.00911386   0.00027245    -0.00333902   0.00037838     0.22496697   0.00000000
    2    3
 -0.00199756   0.00000000     0.01665310  -0.00979530     0.01075887   0.00702664
  0.01665310   0.00979530    -0.01087722   0.00000000     0.00355809   0.00819965
 -0.01075887   0.00702664    -0.00355809   0.00819965    -0.04268262   0.00000000
    3    1
 -0.00322852   0.03103399     0.02760137   0.01343755    -0.05885501  -0.03191202
  0.02877839   0.01706726    -0.03091892  -0.00798402    -0.03008616  -0.03492062
 -0.08333318  -0.04352593    -0.03802509  -0.05071155    -0.08040770   0.02185212
    3    2
 -0.00199756   0.00000000     0.01665310  -0.00979530    -0.01075887  -0.00702664
  0.01665310   0.00979530    -0.01087722   0.00000000    -0.00355809  -0.00819965
  0.01075887  -0.00702664     0.00355809  -0.00819965    -0.04268262   0.00000000
    3    3
  0.17068338   0.00000000     0.02858011  -0.00142431     0.00911386   0.00027245
  0.02858011   0.00142431     0.14994191   0.00000000     0.00333902   0.00037838
  0.00911386  -0.00027245     0.00333902  -0.00037838     0.22496697   0.00000000

     Dynamical  Matrix in cartesian axes

     q = (    0.333333333   0.288675135   0.000000000 ) 

    1    1
  0.20174732   0.00000000    -0.00434138  -0.03068362     0.00000000   0.00000000
 -0.00434138   0.03068362     0.20346175   0.00000000     0.00000000   0.00000000
  0.00000000   0.00000000     0.00000000   0.00000000     0.24955261   0.00000000
    1    2
 -0.00322852   0.03103399     0.02877839   0.01706726     0.08333318   0.04352593
  0.02760137   0.01343755    -0.03091892  -0.00798402     0.03802509   0.05071155
  0.05885501   0.03191202     0.03008616   0.03492062    -0.08040770   0.02185212
    1    3
 -0.00322852   0.03103399     0.02877839   0.01706726    -0.08333318  -0.04352593
  0.02760137   0.01343755    -0.03091892  -0.00798402    -0.03802509  -0.05071155
 -0.05885501  -0.03191202    -0.03008616  -0.03492062    -0.08040770   0.02185212
    2    1
 -0.00322852  -0.03103399     0.02760137  -0.01343755     0.05885501  -0.03191202
  0.02877839  -0.01706726    -0.03091892   0.00798402     0.03008616  -0.03492062
  0.08333318  -0.04352593     0.03802509  -0.05071155    -0.08040770  -0.02185212
    2    2
  0.17068338   0.00000000     0.02858011   0.00142431    -0.00911386   0.00027245
  0.02858011  -0.00142431     0.14994191   0.00000000    -0.00333902   0.00037838
 -0.00911386  -0.00027245    -0.00333902  -0.00037838     0.22496697   0.00000000
    2    3
 -0.00199756   0.00000000     0.01665310   0.00979530     0.01075887  -0.00702664
  0.01665310  -0.00979530    -0.01087722   0.00000000     0.00355809  -0.00819965
 -0.01075887  -0.00702664    -0.00355809  -0.00819965    -0.04268262   0.00000000
    3    1
 -0.00322852  -0.03103399     0.02760137  -0.01343755    -0.05885501   0.03191202
  0.02877839  -0.01706726    -0.03091892   0.00798402    -0.03008616   0.03492062
 -0.08333318   0.04352593    -0.03802509   0.05071155    -0.08040770  -0.02185212
    3    2
 -0.00199756   0.00000000     0.01665310   0.00979530    -0.01075887   0.00702664
  0.01665310  -0.00979530    -0.01087722   0.00000000    -0.00355809   0.00819965
  0.01075887   0.00702664     0.00355809   0.00819965    -0.04268262   0.00000000
    3    3
  0.17068338   0.00000000     0.02858011   0.00142431     0.00911386  -0.00027245
  0.02858011  -0.00142431     0.14994191   0.00000000     0.00333902  -0.00037838
  0.00911386   0.00027245     0.00333902   0.00037838     0.22496697   0.00000000

     Dynamical  Matrix in cartesian axes

     q = (    0.416666667  -0.144337567   0.000000000 ) 

    1    1
  0.19927340   0.00000000     0.00291306   0.03068362     0.00000000   0.00000000
  0.00291306  -0.03068362     0.20593567   0.00000000     0.00000000   0.00000000
  0.00000000   0.00000000     0.00000000   0.00000000     0.24955261   0.00000000
    1    2
 -0.01318100   0.00712873     0.03241289   0.01072749     0.09417958   0.03176291
  0.03614482   0.00993196     0.01029287   0.03396880    -0.03726375  -0.03986515
  0.06775022   0.02495051    -0.02677637  -0.02602541     0.02127936   0.08056117
    1    3
 -0.01318100   0.00712873     0.03241289   0.01072749    -0.09417958  -0.03176291
  0.03614482   0.00993196     0.01029287   0.03396880     0.03726375   0.03986515
 -0.06775022  -0.02495051     0.02677637   0.02602541     0.02127936   0.08056117
    2    1
 -0.01318100  -0.00712873     0.03614482  -0.00993196     0.06775022  -0.02495051
  0.03241289  -0.01072749     0.01029287  -0.03396880    -0.02677637   0.02602541
  0.09417958  -0.03176291    -0.03726375   0.03986515     0.02127936  -0.08056117
    2    2
  0.17987837   0.00000000    -0.02327137  -0.00142431     0.00744861   0.00046391
 -0.02327137   0.00142431     0.14074691   0.00000000    -0.00622332  -0.00004676
  0.00744861  -0.00046391    -0.00622332   0.00004676     0.22496697   0.00000000
    2    3
  0.00576470   0.00000000    -0.01217155  -0.00979530    -0.00846083  -0.01061442
 -0.01217155   0.00979530    -0.01863948   0.00000000     0.00753841   0.00198543
  0.00846083  -0.01061442    -0.00753841   0.00198543    -0.04268262   0.00000000
    3    1
 -0.01318100  -0.00712873     0.03614482  -0.00993196    -0.06775022   0.02495051
  0.03241289  -0.01072749     0.01029287  -0.03396880     0.02677637  -0.02602541
 -0.09417958   0.03176291     0.03726375  -0.03986515     0.02127936  -0.08056117
    3    2
  0.00576470   0.00000000    -0.01217155  -0.00979530     0.00846083   0.01061442
 -0.01217155   0.00979530    -0.01863948   0.00000000    -0.00753841  -0.00198543
 -0.00846083   0.01061442     0.00753841  -0.00198543    -0.04268262   0.00000000
    3    3
  0.17987837   0.00000000    -0.02327137  -0.00142431    -0.00744861  -0.00046391
 -0.02327137   0.00142431     0.14074691   0.00000000     0.00622332   0.00004676
 -0.00744861   0.00046391     0.00622332  -0.00004676     0.22496697   0.00000000

     Dynamical  Matrix in cartesian axes

     q = (   -0.416666667   0.144337567   0.000000000 ) 

    1    1
  0.19927340   0.00000000     0.00291306  -0.03068362     0.00000000   0.00000000
  0.00291306   0.03068362     0.20593567   0.00000000     0.00000000   0.00000000
  0.00000000   0.00000000     0.00000000   0.00000000     0.24955261   0.00000000
    1    2
 -0.01318100  -0.00712873     0.03241289  -0.01072749     0.09417958  -0.03176291
  0.03614482  -0.00993196     0.01029287  -0.03396880    -0.03726375   0.03986515
  0.06775022  -0.02495051    -0.02677637   0.02602541     0.02127936  -0.08056117
    1    3
 -0.01318100  -0.00712873     0.03241289  -0.01072749    -0.09417958   0.03176291
  0.03614482  -0.00993196     0.01029287  -0.03396880     0.03726375  -0.03986515
 -0.06775022   0.02495051     0.02677637  -0.02602541     0.02127936  -0.08056117
    2    1
 -0.01318100   0.00712873     0.03614482   0.00993196     0.06775022   0.02495051
  0.03241289   0.01072749     0.01029287   0.03396880    -0.02677637  -0.02602541
  0.09417958   0.03176291    -0.03726375  -0.03986515     0.02127936   0.08056117
    2    2
  0.17987837   0.00000000    -0.02327137   0.00142431     0.00744861  -0.00046391
 -0.02327137  -0.00142431     0.14074691   0.00000000    -0.00622332   0.00004676
  0.00744861   0.00046391    -0.00622332  -0.00004676     0.22496697   0.00000000
    2    3
  0.00576470   0.00000000    -0.01217155   0.00979530    -0.00846083   0.01061442
 -0.01217155  -0.00979530    -0.01863948   0.00000000     0.00753841  -0.00198543
  0.00846083   0.01061442    -0.00753841  -0.00198543    -0.04268262   0.00000000
    3    1
 -0.01318100   0.00712873     0.03614482   0.00993196    -0.06775022  -0.02495051
  0.03241289   0.01072749     0.01029287   0.03396880     0.02677637   0.02602541
 -0.09417958  -0.03176291     0.03726375   0.03986515     0.02127936   0.08056117
    3    2
  0.00576470   0.00000000    -0.01217155   0.00979530     0.00846083  -0.01061442
 -0.01217155  -0.00979530    -0.01863948   0.00000000    -0.00753841   0.00198543
 -0.00846083  -0.01061442     0.00753841   0.00198543    -0.04268262   0.00000000
    3    3
  0.17987837   0.00000000    -0.02327137   0.00142431    -0.00744861   0.00046391
 -0.02327137  -0.00142431     0.14074691   0.00000000     0.00622332  -0.00004676
 -0.00744861  -0.00046391     0.00622332   0.00004676     0.22496697   0.00000000

     Diagonalizing the dynamical matrix

     q = (    0.083333333   0.433012702   0.000000000 ) 

 **************************************************************************
     freq (    1) =       2.818876 [THz] =      94.027575 [cm-1]
 ( -0.154006 -0.171002 -0.583727  0.436045 -0.000000 -0.000000 ) 
 ( -0.109163 -0.203577  0.198811  0.093274 -0.326341 -0.000000 ) 
 ( -0.109163 -0.203577  0.198811  0.093274  0.326341  0.000000 ) 
     freq (    2) =       2.890838 [THz] =      96.427970 [cm-1]
 (  0.000000  0.000000  0.000000 -0.000000 -0.636796 -0.192481 ) 
 (  0.059044 -0.086377 -0.220306 -0.288575 -0.368733 -0.000000 ) 
 ( -0.059044  0.086377  0.220306  0.288575 -0.368733  0.000000 ) 
     freq (    3) =       4.051014 [THz] =     135.127269 [cm-1]
 ( -0.332471 -0.542161  0.217329 -0.108908 -0.000000 -0.000000 ) 
 ( -0.152885 -0.452690  0.014474 -0.052062  0.192337  0.000000 ) 
 ( -0.152885 -0.452690  0.014474 -0.052062 -0.192337  0.000000 ) 
     freq (    4) =       7.018885 [THz] =     234.124803 [cm-1]
 ( -0.302951 -0.182637 -0.034302  0.044194  0.000000 -0.000000 ) 
 (  0.474905  0.449527 -0.083824 -0.027223  0.022152 -0.000000 ) 
 (  0.474905  0.449527 -0.083824 -0.027223 -0.022152  0.000000 ) 
     freq (    5) =       7.560422 [THz] =     252.188542 [cm-1]
 ( -0.000000  0.000000  0.000000  0.000000  0.044703  0.026810 ) 
 (  0.596896 -0.361327 -0.063829 -0.002113  0.087872 -0.000000 ) 
 ( -0.596896  0.361327  0.063829  0.002113  0.087872  0.000000 ) 
     freq (    6) =       8.385061 [THz] =     279.695532 [cm-1]
 (  0.000000  0.000000 -0.000000  0.000000  0.013860 -0.039773 ) 
 ( -0.094448  0.026735 -0.381971 -0.346082  0.473078 -0.000000 ) 
 (  0.094448 -0.026735  0.381971  0.346082  0.473078  0.000000 ) 
     freq (    7) =       8.805484 [THz] =     293.719315 [cm-1]
 (  0.022411 -0.025299 -0.035783  0.129951  0.000000 -0.000000 ) 
 ( -0.085020 -0.046525 -0.681755  0.124459  0.025915  0.000000 ) 
 ( -0.085020 -0.046525 -0.681755  0.124459 -0.025915  0.000000 ) 
     freq (    8) =       9.333281 [THz] =     311.324737 [cm-1]
 (  0.000000  0.000000  0.000000 -0.000000  0.347043  0.055717 ) 
 ( -0.010514 -0.004203 -0.355751 -0.265262 -0.491098 -0.000000 ) 
 (  0.010514  0.004203  0.355751  0.265262 -0.491098  0.000000 ) 
     freq (    9) =      10.665558 [THz] =     355.764730 [cm-1]
 ( -0.023970 -0.052507  0.177377 -0.119124 -0.000000 -0.000000 ) 
 (  0.012120 -0.012706 -0.076370 -0.027366 -0.684557 -0.000000 ) 
 (  0.012120 -0.012706 -0.076370 -0.027366  0.684557  0.000000 ) 
 **************************************************************************
