Dynamical matrix file
NbS2                                                                       
  2    3   4   6.3305825   0.0000000   5.9701493   0.0000000   0.0000000   0.0000000
           1  'Nb  '    84678.6388502528     
           2  'S   '    29220.9024340635     
    1    1     -0.0000000001      0.5773502692      2.9850746269
    2    2      0.5000000001      0.2886751346      2.5187955594
    3    2      0.5000000001      0.2886751346      3.4513536943

     Dynamical  Matrix in cartesian axes

     q = (    0.000000000   0.096225045   0.000000000 ) 

    1    1
  0.21128165   0.00000000    -0.00000000   0.00000000     0.00000000   0.00000000
 -0.00000000   0.00000000     0.20931089   0.00000000     0.00000000   0.00000000
  0.00000000   0.00000000     0.00000000   0.00000000     0.39133116   0.00000000
    1    2
 -0.10335741  -0.00749054     0.00000000   0.00000000     0.00000000   0.00000000
  0.00000000   0.00000000    -0.09379666  -0.02767232    -0.00921505   0.02784724
  0.00000000   0.00000000    -0.00691613   0.02251489    -0.19079789  -0.03339577
    1    3
 -0.10335741  -0.00749054     0.00000000   0.00000000     0.00000000   0.00000000
  0.00000000   0.00000000    -0.09379666  -0.02767232     0.00921505  -0.02784724
  0.00000000   0.00000000     0.00691613  -0.02251489    -0.19079789  -0.03339577
    2    1
 -0.10335741   0.00749054     0.00000000  -0.00000000     0.00000000   0.00000000
  0.00000000  -0.00000000    -0.09379666   0.02767232    -0.00691613  -0.02251489
  0.00000000   0.00000000    -0.00921505  -0.02784724    -0.19079789   0.03339577
    2    2
  0.10695700   0.00000000    -0.00000000   0.00000000     0.00000000   0.00000000
 -0.00000000   0.00000000     0.11056451   0.00000000     0.00144426  -0.00077845
  0.00000000   0.00000000     0.00144426   0.00077845     0.26330992   0.00000000
    2    3
  0.00069365   0.00000000    -0.00000000   0.00000000     0.00000000   0.00000000
 -0.00000000   0.00000000     0.00309718  -0.00000000    -0.00110230  -0.00397032
  0.00000000   0.00000000     0.00110230  -0.00397032    -0.06356948   0.00000000
    3    1
 -0.10335741   0.00749054     0.00000000  -0.00000000     0.00000000   0.00000000
  0.00000000  -0.00000000    -0.09379666   0.02767232     0.00691613   0.02251489
  0.00000000   0.00000000     0.00921505   0.02784724    -0.19079789   0.03339577
    3    2
  0.00069365   0.00000000    -0.00000000   0.00000000     0.00000000   0.00000000
 -0.00000000   0.00000000     0.00309718  -0.00000000     0.00110230   0.00397032
  0.00000000   0.00000000    -0.00110230   0.00397032    -0.06356948   0.00000000
    3    3
  0.10695700   0.00000000    -0.00000000   0.00000000     0.00000000   0.00000000
 -0.00000000   0.00000000     0.11056451   0.00000000    -0.00144426   0.00077845
  0.00000000   0.00000000    -0.00144426  -0.00077845     0.26330992   0.00000000

     Dynamical  Matrix in cartesian axes

     q = (    0.000000000  -0.096225045   0.000000000 ) 

    1    1
  0.21128165   0.00000000    -0.00000000   0.00000000     0.00000000   0.00000000
 -0.00000000   0.00000000     0.20931089   0.00000000     0.00000000   0.00000000
  0.00000000   0.00000000     0.00000000   0.00000000     0.39133116   0.00000000
    1    2
 -0.10335741   0.00749054     0.00000000  -0.00000000     0.00000000   0.00000000
  0.00000000  -0.00000000    -0.09379666   0.02767232    -0.00921505  -0.02784724
  0.00000000   0.00000000    -0.00691613  -0.02251489    -0.19079789   0.03339577
    1    3
 -0.10335741   0.00749054     0.00000000  -0.00000000     0.00000000   0.00000000
  0.00000000  -0.00000000    -0.09379666   0.02767232     0.00921505   0.02784724
  0.00000000   0.00000000     0.00691613   0.02251489    -0.19079789   0.03339577
    2    1
 -0.10335741  -0.00749054     0.00000000   0.00000000     0.00000000   0.00000000
  0.00000000   0.00000000    -0.09379666  -0.02767232    -0.00691613   0.02251489
  0.00000000   0.00000000    -0.00921505   0.02784724    -0.19079789  -0.03339577
    2    2
  0.10695700   0.00000000    -0.00000000   0.00000000     0.00000000   0.00000000
 -0.00000000   0.00000000     0.11056451   0.00000000     0.00144426   0.00077845
  0.00000000   0.00000000     0.00144426  -0.00077845     0.26330992   0.00000000
    2    3
  0.00069365   0.00000000    -0.00000000   0.00000000     0.00000000   0.00000000
 -0.00000000   0.00000000     0.00309718   0.00000000    -0.00110230   0.00397032
  0.00000000   0.00000000     0.00110230   0.00397032    -0.06356948   0.00000000
    3    1
 -0.10335741  -0.00749054     0.00000000   0.00000000     0.00000000   0.00000000
  0.00000000   0.00000000    -0.09379666  -0.02767232     0.00691613  -0.02251489
  0.00000000   0.00000000     0.00921505  -0.02784724    -0.19079789  -0.03339577
    3    2
  0.00069365   0.00000000    -0.00000000   0.00000000     0.00000000   0.00000000
 -0.00000000   0.00000000     0.00309718   0.00000000     0.00110230  -0.00397032
  0.00000000   0.00000000    -0.00110230  -0.00397032    -0.06356948   0.00000000
    3    3
  0.10695700   0.00000000    -0.00000000   0.00000000     0.00000000   0.00000000
 -0.00000000   0.00000000     0.11056451   0.00000000    -0.00144426  -0.00077845
  0.00000000   0.00000000    -0.00144426   0.00077845     0.26330992   0.00000000

     Dynamical  Matrix in cartesian axes

     q = (    0.083333333  -0.048112522   0.000000000 ) 

    1    1
  0.20980358   0.00000000     0.00085336   0.00000000     0.00000000   0.00000000
  0.00085336   0.00000000     0.21078896   0.00000000     0.00000000   0.00000000
  0.00000000   0.00000000     0.00000000   0.00000000     0.39133116   0.00000000
    1    2
 -0.09461369   0.02849797     0.00078420   0.00963813     0.00514692   0.02487567
  0.00078420   0.00963813    -0.09370817   0.03962713    -0.00297158  -0.01436197
  0.00456213   0.01988094    -0.00263395  -0.01147827    -0.18193370   0.06647736
    1    3
 -0.09461369   0.02849797     0.00078420   0.00963813    -0.00514692  -0.02487567
  0.00078420   0.00963813    -0.09370817   0.03962713     0.00297158   0.01436197
 -0.00456213  -0.01988094     0.00263395   0.01147827    -0.18193370   0.06647736
    2    1
 -0.09461369  -0.02849797     0.00078420  -0.00963813     0.00456213  -0.01988094
  0.00078420  -0.00963813    -0.09370817  -0.03962713    -0.00263395   0.01147827
  0.00514692  -0.02487567    -0.00297158   0.01436197    -0.18193370  -0.06647736
    2    2
  0.10966263   0.00000000    -0.00156210   0.00000000     0.00125076  -0.00067415
 -0.00156210   0.00000000     0.10785887   0.00000000    -0.00072213   0.00038922
  0.00125076   0.00067415    -0.00072213  -0.00038922     0.26330992   0.00000000
    2    3
  0.00249630  -0.00000000    -0.00104076   0.00000000    -0.00095462  -0.00343840
 -0.00104076   0.00000000     0.00129454  -0.00000000     0.00055115   0.00198516
  0.00095462  -0.00343840    -0.00055115   0.00198516    -0.06356948   0.00000000
    3    1
 -0.09461369  -0.02849797     0.00078420  -0.00963813    -0.00456213   0.01988094
  0.00078420  -0.00963813    -0.09370817  -0.03962713     0.00263395  -0.01147827
 -0.00514692   0.02487567     0.00297158  -0.01436197    -0.18193370  -0.06647736
    3    2
  0.00249630  -0.00000000    -0.00104076   0.00000000     0.00095462   0.00343840
 -0.00104076   0.00000000     0.00129454  -0.00000000    -0.00055115  -0.00198516
 -0.00095462   0.00343840     0.00055115  -0.00198516    -0.06356948   0.00000000
    3    3
  0.10966263   0.00000000    -0.00156210   0.00000000    -0.00125076   0.00067415
 -0.00156210   0.00000000     0.10785887   0.00000000     0.00072213  -0.00038922
 -0.00125076  -0.00067415     0.00072213   0.00038922     0.26330992   0.00000000

     Dynamical  Matrix in cartesian axes

     q = (   -0.083333333   0.048112522   0.000000000 ) 

    1    1
  0.20980358   0.00000000     0.00085336   0.00000000     0.00000000   0.00000000
  0.00085336   0.00000000     0.21078896   0.00000000     0.00000000   0.00000000
  0.00000000   0.00000000     0.00000000   0.00000000     0.39133116   0.00000000
    1    2
 -0.09461369  -0.02849797     0.00078420  -0.00963813     0.00514692  -0.02487567
  0.00078420  -0.00963813    -0.09370817  -0.03962713    -0.00297158   0.01436197
  0.00456213  -0.01988094    -0.00263395   0.01147827    -0.18193370  -0.06647736
    1    3
 -0.09461369  -0.02849797     0.00078420  -0.00963813    -0.00514692   0.02487567
  0.00078420  -0.00963813    -0.09370817  -0.03962713     0.00297158  -0.01436197
 -0.00456213   0.01988094     0.00263395  -0.01147827    -0.18193370  -0.06647736
    2    1
 -0.09461369   0.02849797     0.00078420   0.00963813     0.00456213   0.01988094
  0.00078420   0.00963813    -0.09370817   0.03962713    -0.00263395  -0.01147827
  0.00514692   0.02487567    -0.00297158  -0.01436197    -0.18193370   0.06647736
    2    2
  0.10966263   0.00000000    -0.00156210   0.00000000     0.00125076   0.00067415
 -0.00156210   0.00000000     0.10785887   0.00000000    -0.00072213  -0.00038922
  0.00125076  -0.00067415    -0.00072213   0.00038922     0.26330992   0.00000000
    2    3
  0.00249630   0.00000000    -0.00104076  -0.00000000    -0.00095462   0.00343840
 -0.00104076  -0.00000000     0.00129454   0.00000000     0.00055115  -0.00198516
  0.00095462   0.00343840    -0.00055115  -0.00198516    -0.06356948   0.00000000
    3    1
 -0.09461369   0.02849797     0.00078420   0.00963813    -0.00456213  -0.01988094
  0.00078420   0.00963813    -0.09370817   0.03962713     0.00263395   0.01147827
 -0.00514692  -0.02487567     0.00297158   0.01436197    -0.18193370   0.06647736
    3    2
  0.00249630   0.00000000    -0.00104076  -0.00000000     0.00095462  -0.00343840
 -0.00104076  -0.00000000     0.00129454   0.00000000    -0.00055115   0.00198516
 -0.00095462  -0.00343840     0.00055115   0.00198516    -0.06356948   0.00000000
    3    3
  0.10966263   0.00000000    -0.00156210   0.00000000    -0.00125076  -0.00067415
 -0.00156210   0.00000000     0.10785887   0.00000000     0.00072213   0.00038922
 -0.00125076   0.00067415     0.00072213  -0.00038922     0.26330992   0.00000000

     Dynamical  Matrix in cartesian axes

     q = (   -0.083333333  -0.048112522   0.000000000 ) 

    1    1
  0.20980358   0.00000000    -0.00085336   0.00000000     0.00000000   0.00000000
 -0.00085336   0.00000000     0.21078896   0.00000000     0.00000000   0.00000000
  0.00000000   0.00000000     0.00000000   0.00000000     0.39133116   0.00000000
    1    2
 -0.09618684  -0.02262688     0.00413993  -0.00873897     0.00798047  -0.02411642
  0.00413993  -0.00873897    -0.10096722  -0.01253599     0.00460752  -0.01392362
  0.00598955  -0.01949847     0.00345807  -0.01125744    -0.19079789  -0.03339577
    1    3
 -0.09618684  -0.02262688     0.00413993  -0.00873897    -0.00798047   0.02411642
  0.00413993  -0.00873897    -0.10096722  -0.01253599    -0.00460752   0.01392362
 -0.00598955   0.01949847    -0.00345807   0.01125744    -0.19079789  -0.03339577
    2    1
 -0.09618684   0.02262688     0.00413993   0.00873897     0.00598955   0.01949847
  0.00413993   0.00873897    -0.10096722   0.01253599     0.00345807   0.01125744
  0.00798047   0.02411642     0.00460752   0.01392362    -0.19079789   0.03339577
    2    2
  0.10966263   0.00000000     0.00156210   0.00000000    -0.00125076   0.00067415
  0.00156210   0.00000000     0.10785887   0.00000000    -0.00072213   0.00038922
 -0.00125076  -0.00067415    -0.00072213  -0.00038922     0.26330992   0.00000000
    2    3
  0.00249630  -0.00000000     0.00104076  -0.00000000     0.00095462   0.00343840
  0.00104076  -0.00000000     0.00129454  -0.00000000     0.00055115   0.00198516
 -0.00095462   0.00343840    -0.00055115   0.00198516    -0.06356948   0.00000000
    3    1
 -0.09618684   0.02262688     0.00413993   0.00873897    -0.00598955  -0.01949847
  0.00413993   0.00873897    -0.10096722   0.01253599    -0.00345807  -0.01125744
 -0.00798047  -0.02411642    -0.00460752  -0.01392362    -0.19079789   0.03339577
    3    2
  0.00249630  -0.00000000     0.00104076  -0.00000000    -0.00095462  -0.00343840
  0.00104076  -0.00000000     0.00129454  -0.00000000    -0.00055115  -0.00198516
  0.00095462  -0.00343840     0.00055115  -0.00198516    -0.06356948   0.00000000
    3    3
  0.10966263   0.00000000     0.00156210   0.00000000     0.00125076  -0.00067415
  0.00156210   0.00000000     0.10785887   0.00000000     0.00072213  -0.00038922
  0.00125076   0.00067415     0.00072213   0.00038922     0.26330992   0.00000000

     Dynamical  Matrix in cartesian axes

     q = (    0.083333333   0.048112522   0.000000000 ) 

    1    1
  0.20980358   0.00000000    -0.00085336   0.00000000     0.00000000   0.00000000
 -0.00085336   0.00000000     0.21078896   0.00000000     0.00000000   0.00000000
  0.00000000   0.00000000     0.00000000   0.00000000     0.39133116   0.00000000
    1    2
 -0.09618684   0.02262688     0.00413993   0.00873897     0.00798047   0.02411642
  0.00413993   0.00873897    -0.10096722   0.01253599     0.00460752   0.01392362
  0.00598955   0.01949847     0.00345807   0.01125744    -0.19079789   0.03339577
    1    3
 -0.09618684   0.02262688     0.00413993   0.00873897    -0.00798047  -0.02411642
  0.00413993   0.00873897    -0.10096722   0.01253599    -0.00460752  -0.01392362
 -0.00598955  -0.01949847    -0.00345807  -0.01125744    -0.19079789   0.03339577
    2    1
 -0.09618684  -0.02262688     0.00413993  -0.00873897     0.00598955  -0.01949847
  0.00413993  -0.00873897    -0.10096722  -0.01253599     0.00345807  -0.01125744
  0.00798047  -0.02411642     0.00460752  -0.01392362    -0.19079789  -0.03339577
    2    2
  0.10966263   0.00000000     0.00156210   0.00000000    -0.00125076  -0.00067415
  0.00156210   0.00000000     0.10785887   0.00000000    -0.00072213  -0.00038922
 -0.00125076   0.00067415    -0.00072213   0.00038922     0.26330992   0.00000000
    2    3
  0.00249630   0.00000000     0.00104076   0.00000000     0.00095462  -0.00343840
  0.00104076   0.00000000     0.00129454   0.00000000     0.00055115  -0.00198516
 -0.00095462  -0.00343840    -0.00055115  -0.00198516    -0.06356948   0.00000000
    3    1
 -0.09618684  -0.02262688     0.00413993  -0.00873897    -0.00598955   0.01949847
  0.00413993  -0.00873897    -0.10096722  -0.01253599    -0.00345807   0.01125744
 -0.00798047   0.02411642    -0.00460752   0.01392362    -0.19079789  -0.03339577
    3    2
  0.00249630   0.00000000     0.00104076   0.00000000    -0.00095462   0.00343840
  0.00104076   0.00000000     0.00129454   0.00000000    -0.00055115   0.00198516
  0.00095462   0.00343840     0.00055115   0.00198516    -0.06356948   0.00000000
    3    3
  0.10966263   0.00000000     0.00156210   0.00000000     0.00125076   0.00067415
  0.00156210   0.00000000     0.10785887   0.00000000     0.00072213   0.00038922
  0.00125076  -0.00067415     0.00072213  -0.00038922     0.26330992   0.00000000

     Diagonalizing the dynamical matrix

     q = (    0.000000000   0.096225045   0.000000000 ) 

 **************************************************************************
     freq (    1) =       0.266350 [THz] =       8.884483 [cm-1]
 ( -0.000000 -0.000000  0.000000 -0.000000 -0.564289 -0.099379 ) 
 ( -0.000000 -0.000000 -0.013738 -0.149616 -0.559712  0.000000 ) 
 ( -0.000000 -0.000000  0.013738  0.149616 -0.559712  0.000000 ) 
     freq (    2) =       0.953493 [THz] =      31.805120 [cm-1]
 ( -0.571555 -0.115601  0.000000  0.000000  0.000000  0.000000 ) 
 ( -0.569797 -0.072882  0.000000  0.000000  0.000000  0.000000 ) 
 ( -0.569797 -0.072882  0.000000  0.000000  0.000000  0.000000 ) 
     freq (    3) =       1.687592 [THz] =      56.292024 [cm-1]
 (  0.000000  0.000000 -0.145945  0.586758 -0.000000  0.000000 ) 
 (  0.000000  0.000000  0.025513  0.559295 -0.061201  0.000000 ) 
 (  0.000000  0.000000  0.025513  0.559295  0.061201  0.000000 ) 
     freq (    4) =       6.273645 [THz] =     209.266280 [cm-1]
 ( -0.000000  0.000000 -0.000000 -0.000000 -0.000000 -0.000000 ) 
 ( -0.577020  0.408715  0.000000  0.000000 -0.000000 -0.000000 ) 
 (  0.577020 -0.408715 -0.000000 -0.000000 -0.000000  0.000000 ) 
     freq (    5) =       6.388282 [THz] =     213.090136 [cm-1]
 (  0.000000  0.000000 -0.000000  0.000000  0.061106  0.007408 ) 
 ( -0.000000  0.000000 -0.082080 -0.694311  0.096442  0.000000 ) 
 (  0.000000 -0.000000  0.082080  0.694311  0.096442  0.000000 ) 
     freq (    6) =       8.068048 [THz] =     269.121118 [cm-1]
 ( -0.000000 -0.000000  0.190720 -0.358668  0.000000  0.000000 ) 
 (  0.000000  0.000000 -0.125548  0.630321  0.066518  0.000000 ) 
 (  0.000000  0.000000 -0.125548  0.630321 -0.066518  0.000000 ) 
     freq (    7) =       8.122064 [THz] =     270.922908 [cm-1]
 (  0.125924  0.414574  0.000000 -0.000000  0.000000 -0.000000 ) 
 ( -0.228808 -0.594796 -0.000000  0.000000  0.000000  0.000000 ) 
 ( -0.228808 -0.594796 -0.000000  0.000000 -0.000000  0.000000 ) 
     freq (    8) =      11.044560 [THz] =     368.406880 [cm-1]
 (  0.000000 -0.000000 -0.021311  0.056180 -0.000000 -0.000000 ) 
 (  0.000000  0.000000  0.010391 -0.016725  0.705554  0.000000 ) 
 (  0.000000  0.000000  0.010391 -0.016725 -0.705554  0.000000 ) 
     freq (    9) =      11.087029 [THz] =     369.823478 [cm-1]
 (  0.000000  0.000000 -0.000000  0.000000  0.428153  0.074718 ) 
 ( -0.000000 -0.000000 -0.006668 -0.031801 -0.635999 -0.000000 ) 
 ( -0.000000 -0.000000  0.006668  0.031801 -0.635999  0.000000 ) 
 **************************************************************************
