Dynamical matrix file
NbS2                                                                       
  2    3   4   6.3305825   0.0000000   5.9701493   0.0000000   0.0000000   0.0000000
           1  'Nb  '    84678.6388502528     
           2  'S   '    29220.9024340635     
    1    1     -0.0000000001      0.5773502692      2.9850746269
    2    2      0.5000000001      0.2886751346      2.5187955594
    3    2      0.5000000001      0.2886751346      3.4513536943

     Dynamical  Matrix in cartesian axes

     q = (    0.000000000   0.192450090   0.000000000 ) 

    1    1
  0.18159687   0.00000000    -0.00000000   0.00000000     0.00000000   0.00000000
 -0.00000000   0.00000000     0.17424789   0.00000000     0.00000000   0.00000000
  0.00000000   0.00000000     0.00000000   0.00000000     0.36004767   0.00000000
    1    2
 -0.08270920  -0.00858971     0.00000000   0.00000000     0.00000000   0.00000000
  0.00000000   0.00000000    -0.05062082  -0.04285491    -0.03439950   0.04765667
  0.00000000   0.00000000    -0.02525754   0.03796280    -0.16217800  -0.05688424
    1    3
 -0.08270920  -0.00858971     0.00000000   0.00000000     0.00000000   0.00000000
  0.00000000   0.00000000    -0.05062082  -0.04285491     0.03439950  -0.04765667
  0.00000000   0.00000000     0.02525754  -0.03796280    -0.16217800  -0.05688424
    2    1
 -0.08270920   0.00858971     0.00000000  -0.00000000     0.00000000   0.00000000
  0.00000000  -0.00000000    -0.05062082   0.04285491    -0.02525754  -0.03796280
  0.00000000   0.00000000    -0.03439950  -0.04765667    -0.16217800   0.05688424
    2    2
  0.10840860   0.00000000    -0.00000000   0.00000000     0.00000000   0.00000000
 -0.00000000   0.00000000     0.12403985   0.00000000     0.00505466  -0.00077338
  0.00000000   0.00000000     0.00505466   0.00077338     0.25367211   0.00000000
    2    3
 -0.01040830   0.00000000     0.00000000   0.00000000     0.00000000   0.00000000
  0.00000000   0.00000000     0.00034461   0.00000000    -0.00397813  -0.00807450
  0.00000000   0.00000000     0.00397813  -0.00807450    -0.05874799   0.00000000
    3    1
 -0.08270920   0.00858971     0.00000000  -0.00000000     0.00000000   0.00000000
  0.00000000  -0.00000000    -0.05062082   0.04285491     0.02525754   0.03796280
  0.00000000   0.00000000     0.03439950   0.04765667    -0.16217800   0.05688424
    3    2
 -0.01040830   0.00000000     0.00000000   0.00000000     0.00000000   0.00000000
  0.00000000   0.00000000     0.00034461   0.00000000     0.00397813   0.00807450
  0.00000000   0.00000000    -0.00397813   0.00807450    -0.05874799   0.00000000
    3    3
  0.10840860   0.00000000    -0.00000000   0.00000000     0.00000000   0.00000000
 -0.00000000   0.00000000     0.12403985   0.00000000    -0.00505466   0.00077338
  0.00000000   0.00000000    -0.00505466  -0.00077338     0.25367211   0.00000000

     Dynamical  Matrix in cartesian axes

     q = (    0.000000000  -0.192450090   0.000000000 ) 

    1    1
  0.18159687   0.00000000    -0.00000000   0.00000000     0.00000000   0.00000000
 -0.00000000   0.00000000     0.17424789   0.00000000     0.00000000   0.00000000
  0.00000000   0.00000000     0.00000000   0.00000000     0.36004767   0.00000000
    1    2
 -0.08270920   0.00858971     0.00000000  -0.00000000     0.00000000   0.00000000
  0.00000000  -0.00000000    -0.05062082   0.04285491    -0.03439950  -0.04765667
  0.00000000   0.00000000    -0.02525754  -0.03796280    -0.16217800   0.05688424
    1    3
 -0.08270920   0.00858971     0.00000000  -0.00000000     0.00000000   0.00000000
  0.00000000  -0.00000000    -0.05062082   0.04285491     0.03439950   0.04765667
  0.00000000   0.00000000     0.02525754   0.03796280    -0.16217800   0.05688424
    2    1
 -0.08270920  -0.00858971     0.00000000   0.00000000     0.00000000   0.00000000
  0.00000000   0.00000000    -0.05062082  -0.04285491    -0.02525754   0.03796280
  0.00000000   0.00000000    -0.03439950   0.04765667    -0.16217800  -0.05688424
    2    2
  0.10840860   0.00000000    -0.00000000   0.00000000     0.00000000   0.00000000
 -0.00000000   0.00000000     0.12403985   0.00000000     0.00505466   0.00077338
  0.00000000   0.00000000     0.00505466  -0.00077338     0.25367211   0.00000000
    2    3
 -0.01040830   0.00000000     0.00000000   0.00000000     0.00000000   0.00000000
  0.00000000   0.00000000     0.00034461  -0.00000000    -0.00397813   0.00807450
  0.00000000   0.00000000     0.00397813   0.00807450    -0.05874799   0.00000000
    3    1
 -0.08270920  -0.00858971     0.00000000   0.00000000     0.00000000   0.00000000
  0.00000000   0.00000000    -0.05062082  -0.04285491     0.02525754  -0.03796280
  0.00000000   0.00000000     0.03439950  -0.04765667    -0.16217800  -0.05688424
    3    2
 -0.01040830   0.00000000     0.00000000   0.00000000     0.00000000   0.00000000
  0.00000000   0.00000000     0.00034461  -0.00000000     0.00397813  -0.00807450
  0.00000000   0.00000000    -0.00397813  -0.00807450    -0.05874799   0.00000000
    3    3
  0.10840860   0.00000000    -0.00000000   0.00000000     0.00000000   0.00000000
 -0.00000000   0.00000000     0.12403985   0.00000000    -0.00505466  -0.00077338
  0.00000000   0.00000000    -0.00505466   0.00077338     0.25367211   0.00000000

     Dynamical  Matrix in cartesian axes

     q = (    0.166666667  -0.096225045   0.000000000 ) 

    1    1
  0.17608513   0.00000000     0.00318220   0.00000000     0.00000000   0.00000000
  0.00318220   0.00000000     0.17975963   0.00000000     0.00000000   0.00000000
  0.00000000   0.00000000     0.00000000   0.00000000     0.36004767   0.00000000
    1    2
 -0.05901627   0.03364195     0.00590211   0.01945178     0.02084708   0.04643557
  0.00590211   0.01945178    -0.05220109   0.05610292    -0.01203607  -0.02680959
  0.01753527   0.03538153    -0.01012399  -0.02042754    -0.13035220   0.11200814
    1    3
 -0.05901627   0.03364195     0.00590211   0.01945178    -0.02084708  -0.04643557
  0.00590211   0.01945178    -0.05220109   0.05610292     0.01203607   0.02680959
 -0.01753527  -0.03538153     0.01012399   0.02042754    -0.13035220   0.11200814
    2    1
 -0.05901627  -0.03364195     0.00590211  -0.01945178     0.01753527  -0.03538153
  0.00590211  -0.01945178    -0.05220109  -0.05610292    -0.01012399   0.02042754
  0.02084708  -0.04643557    -0.01203607   0.02680959    -0.13035220  -0.11200814
    2    2
  0.12013204   0.00000000    -0.00676853   0.00000000     0.00437746  -0.00066977
 -0.00676853   0.00000000     0.11231641   0.00000000    -0.00252733   0.00038669
  0.00437746   0.00066977    -0.00252733  -0.00038669     0.25367211   0.00000000
    2    3
 -0.00234362   0.00000000    -0.00465614  -0.00000000    -0.00344517  -0.00699273
 -0.00465614  -0.00000000    -0.00772007   0.00000000     0.00198907   0.00403725
  0.00344517  -0.00699273    -0.00198907   0.00403725    -0.05874799   0.00000000
    3    1
 -0.05901627  -0.03364195     0.00590211  -0.01945178    -0.01753527   0.03538153
  0.00590211  -0.01945178    -0.05220109  -0.05610292     0.01012399  -0.02042754
 -0.02084708   0.04643557     0.01203607  -0.02680959    -0.13035220  -0.11200814
    3    2
 -0.00234362   0.00000000    -0.00465614  -0.00000000     0.00344517   0.00699273
 -0.00465614  -0.00000000    -0.00772007   0.00000000    -0.00198907  -0.00403725
 -0.00344517   0.00699273     0.00198907  -0.00403725    -0.05874799   0.00000000
    3    3
  0.12013204   0.00000000    -0.00676853   0.00000000    -0.00437746   0.00066977
 -0.00676853   0.00000000     0.11231641   0.00000000     0.00252733  -0.00038669
 -0.00437746  -0.00066977     0.00252733   0.00038669     0.25367211   0.00000000

     Dynamical  Matrix in cartesian axes

     q = (   -0.166666667   0.096225045   0.000000000 ) 

    1    1
  0.17608513   0.00000000     0.00318220   0.00000000     0.00000000   0.00000000
  0.00318220   0.00000000     0.17975963   0.00000000     0.00000000   0.00000000
  0.00000000   0.00000000     0.00000000   0.00000000     0.36004767   0.00000000
    1    2
 -0.05901627  -0.03364195     0.00590211  -0.01945178     0.02084708  -0.04643557
  0.00590211  -0.01945178    -0.05220109  -0.05610292    -0.01203607   0.02680959
  0.01753527  -0.03538153    -0.01012399   0.02042754    -0.13035220  -0.11200814
    1    3
 -0.05901627  -0.03364195     0.00590211  -0.01945178    -0.02084708   0.04643557
  0.00590211  -0.01945178    -0.05220109  -0.05610292     0.01203607  -0.02680959
 -0.01753527   0.03538153     0.01012399  -0.02042754    -0.13035220  -0.11200814
    2    1
 -0.05901627   0.03364195     0.00590211   0.01945178     0.01753527   0.03538153
  0.00590211   0.01945178    -0.05220109   0.05610292    -0.01012399  -0.02042754
  0.02084708   0.04643557    -0.01203607  -0.02680959    -0.13035220   0.11200814
    2    2
  0.12013204   0.00000000    -0.00676853   0.00000000     0.00437746   0.00066977
 -0.00676853   0.00000000     0.11231641   0.00000000    -0.00252733  -0.00038669
  0.00437746  -0.00066977    -0.00252733   0.00038669     0.25367211   0.00000000
    2    3
 -0.00234362  -0.00000000    -0.00465614   0.00000000    -0.00344517   0.00699273
 -0.00465614   0.00000000    -0.00772007  -0.00000000     0.00198907  -0.00403725
  0.00344517   0.00699273    -0.00198907  -0.00403725    -0.05874799   0.00000000
    3    1
 -0.05901627   0.03364195     0.00590211   0.01945178    -0.01753527  -0.03538153
  0.00590211   0.01945178    -0.05220109   0.05610292     0.01012399   0.02042754
 -0.02084708  -0.04643557     0.01203607   0.02680959    -0.13035220   0.11200814
    3    2
 -0.00234362  -0.00000000    -0.00465614   0.00000000     0.00344517  -0.00699273
 -0.00465614   0.00000000    -0.00772007  -0.00000000    -0.00198907   0.00403725
 -0.00344517  -0.00699273     0.00198907   0.00403725    -0.05874799   0.00000000
    3    3
  0.12013204   0.00000000    -0.00676853   0.00000000    -0.00437746  -0.00066977
 -0.00676853   0.00000000     0.11231641   0.00000000     0.00252733   0.00038669
 -0.00437746   0.00066977     0.00252733  -0.00038669     0.25367211   0.00000000

     Dynamical  Matrix in cartesian axes

     q = (   -0.166666667  -0.096225045   0.000000000 ) 

    1    1
  0.17608513   0.00000000    -0.00318220   0.00000000     0.00000000   0.00000000
 -0.00318220   0.00000000     0.17975963   0.00000000     0.00000000   0.00000000
  0.00000000   0.00000000     0.00000000   0.00000000     0.36004767   0.00000000
    1    2
 -0.05864291  -0.03428861     0.01389468  -0.01483727     0.02979084  -0.04127189
  0.01389468  -0.01483727    -0.07468711  -0.01715601     0.01719975  -0.02382834
  0.02187367  -0.03287675     0.01262877  -0.01898140    -0.16217800  -0.05688424
    1    3
 -0.05864291  -0.03428861     0.01389468  -0.01483727    -0.02979084   0.04127189
  0.01389468  -0.01483727    -0.07468711  -0.01715601    -0.01719975   0.02382834
 -0.02187367   0.03287675    -0.01262877   0.01898140    -0.16217800  -0.05688424
    2    1
 -0.05864291   0.03428861     0.01389468   0.01483727     0.02187367   0.03287675
  0.01389468   0.01483727    -0.07468711   0.01715601     0.01262877   0.01898140
  0.02979084   0.04127189     0.01719975   0.02382834    -0.16217800   0.05688424
    2    2
  0.12013204   0.00000000     0.00676853   0.00000000    -0.00437746   0.00066977
  0.00676853   0.00000000     0.11231641   0.00000000    -0.00252733   0.00038669
 -0.00437746  -0.00066977    -0.00252733  -0.00038669     0.25367211   0.00000000
    2    3
 -0.00234362   0.00000000     0.00465614   0.00000000     0.00344517   0.00699273
  0.00465614   0.00000000    -0.00772007   0.00000000     0.00198907   0.00403725
 -0.00344517   0.00699273    -0.00198907   0.00403725    -0.05874799   0.00000000
    3    1
 -0.05864291   0.03428861     0.01389468   0.01483727    -0.02187367  -0.03287675
  0.01389468   0.01483727    -0.07468711   0.01715601    -0.01262877  -0.01898140
 -0.02979084  -0.04127189    -0.01719975  -0.02382834    -0.16217800   0.05688424
    3    2
 -0.00234362   0.00000000     0.00465614   0.00000000    -0.00344517  -0.00699273
  0.00465614   0.00000000    -0.00772007   0.00000000    -0.00198907  -0.00403725
  0.00344517  -0.00699273     0.00198907  -0.00403725    -0.05874799   0.00000000
    3    3
  0.12013204   0.00000000     0.00676853   0.00000000     0.00437746  -0.00066977
  0.00676853   0.00000000     0.11231641   0.00000000     0.00252733  -0.00038669
  0.00437746   0.00066977     0.00252733   0.00038669     0.25367211   0.00000000

     Dynamical  Matrix in cartesian axes

     q = (    0.166666667   0.096225045   0.000000000 ) 

    1    1
  0.17608513   0.00000000    -0.00318220   0.00000000     0.00000000   0.00000000
 -0.00318220   0.00000000     0.17975963   0.00000000     0.00000000   0.00000000
  0.00000000   0.00000000     0.00000000   0.00000000     0.36004767   0.00000000
    1    2
 -0.05864291   0.03428861     0.01389468   0.01483727     0.02979084   0.04127189
  0.01389468   0.01483727    -0.07468711   0.01715601     0.01719975   0.02382834
  0.02187367   0.03287675     0.01262877   0.01898140    -0.16217800   0.05688424
    1    3
 -0.05864291   0.03428861     0.01389468   0.01483727    -0.02979084  -0.04127189
  0.01389468   0.01483727    -0.07468711   0.01715601    -0.01719975  -0.02382834
 -0.02187367  -0.03287675    -0.01262877  -0.01898140    -0.16217800   0.05688424
    2    1
 -0.05864291  -0.03428861     0.01389468  -0.01483727     0.02187367  -0.03287675
  0.01389468  -0.01483727    -0.07468711  -0.01715601     0.01262877  -0.01898140
  0.02979084  -0.04127189     0.01719975  -0.02382834    -0.16217800  -0.05688424
    2    2
  0.12013204   0.00000000     0.00676853   0.00000000    -0.00437746  -0.00066977
  0.00676853   0.00000000     0.11231641   0.00000000    -0.00252733  -0.00038669
 -0.00437746   0.00066977    -0.00252733   0.00038669     0.25367211   0.00000000
    2    3
 -0.00234362  -0.00000000     0.00465614  -0.00000000     0.00344517  -0.00699273
  0.00465614  -0.00000000    -0.00772007  -0.00000000     0.00198907  -0.00403725
 -0.00344517  -0.00699273    -0.00198907  -0.00403725    -0.05874799   0.00000000
    3    1
 -0.05864291  -0.03428861     0.01389468  -0.01483727    -0.02187367   0.03287675
  0.01389468  -0.01483727    -0.07468711  -0.01715601    -0.01262877   0.01898140
 -0.02979084   0.04127189    -0.01719975   0.02382834    -0.16217800  -0.05688424
    3    2
 -0.00234362  -0.00000000     0.00465614  -0.00000000    -0.00344517   0.00699273
  0.00465614  -0.00000000    -0.00772007  -0.00000000    -0.00198907   0.00403725
  0.00344517   0.00699273     0.00198907   0.00403725    -0.05874799   0.00000000
    3    3
  0.12013204   0.00000000     0.00676853   0.00000000     0.00437746   0.00066977
  0.00676853   0.00000000     0.11231641   0.00000000     0.00252733   0.00038669
  0.00437746  -0.00066977     0.00252733  -0.00038669     0.25367211   0.00000000

     Diagonalizing the dynamical matrix

     q = (    0.000000000   0.192450090   0.000000000 ) 

 **************************************************************************
     freq (    1) =       0.927305 [THz] =      30.931560 [cm-1]
 ( -0.000000 -0.000000  0.000000 -0.000000 -0.539222 -0.193342 ) 
 ( -0.000000 -0.000000 -0.047106 -0.246959 -0.522228 -0.000000 ) 
 ( -0.000000  0.000000  0.047106  0.246959 -0.522228  0.000000 ) 
     freq (    2) =       1.828672 [THz] =      60.997935 [cm-1]
 ( -0.570719 -0.195740  0.000000  0.000000  0.000000  0.000000 ) 
 ( -0.549444 -0.126863  0.000000  0.000000  0.000000  0.000000 ) 
 ( -0.549444 -0.126863  0.000000 -0.000000  0.000000  0.000000 ) 
     freq (    3) =       2.788041 [THz] =      92.999030 [cm-1]
 (  0.000000  0.000000 -0.366774  0.610949 -0.000000 -0.000000 ) 
 (  0.000000  0.000000  0.087413  0.462240 -0.157487 -0.000000 ) 
 (  0.000000  0.000000  0.087413  0.462240  0.157487  0.000000 ) 
     freq (    4) =       6.633876 [THz] =     221.282268 [cm-1]
 (  0.000000  0.000000 -0.000000 -0.000000 -0.000000 -0.000000 ) 
 ( -0.359227  0.609061  0.000000  0.000000 -0.000000  0.000000 ) 
 (  0.359227 -0.609061 -0.000000 -0.000000 -0.000000  0.000000 ) 
     freq (    5) =       6.999386 [THz] =     233.474374 [cm-1]
 (  0.000000 -0.000000  0.000000 -0.000000  0.095315  0.019684 ) 
 ( -0.000000  0.000000 -0.171706 -0.659833  0.174362  0.000000 ) 
 (  0.000000 -0.000000  0.171706  0.659833  0.174362  0.000000 ) 
     freq (    6) =       7.494302 [THz] =     249.982998 [cm-1]
 ( -0.131809 -0.393490  0.000000 -0.000000 -0.000000  0.000000 ) 
 (  0.266268  0.585660 -0.000000  0.000000  0.000000  0.000000 ) 
 (  0.266268  0.585660 -0.000000  0.000000 -0.000000  0.000000 ) 
     freq (    7) =       7.552688 [THz] =     251.930556 [cm-1]
 ( -0.000000 -0.000000 -0.256828  0.144619 -0.000000  0.000000 ) 
 (  0.000000  0.000000  0.204790 -0.638732 -0.081517 -0.000000 ) 
 (  0.000000  0.000000  0.204790 -0.638732  0.081517  0.000000 ) 
     freq (    8) =      10.685517 [THz] =     356.430477 [cm-1]
 ( -0.000000 -0.000000  0.000000 -0.000000 -0.399800 -0.138125 ) 
 ( -0.000000 -0.000000  0.030010  0.070637  0.636121 -0.000000 ) 
 (  0.000000  0.000000 -0.030010 -0.070637  0.636121  0.000000 ) 
     freq (    9) =      10.919795 [THz] =     364.245166 [cm-1]
 ( -0.000000  0.000000  0.069065 -0.086162  0.000000  0.000000 ) 
 (  0.000000 -0.000000 -0.031104  0.011116 -0.702006  0.000000 ) 
 ( -0.000000 -0.000000 -0.031104  0.011116  0.702006  0.000000 ) 
 **************************************************************************
