Dynamical matrix file
NbS2                                                                       
  2    3   4   6.3305825   0.0000000   5.9701493   0.0000000   0.0000000   0.0000000
           1  'Nb  '    84678.6388502528     
           2  'S   '    29220.9024340635     
    1    1     -0.0000000001      0.5773502692      2.9850746269
    2    2      0.5000000001      0.2886751346      2.5187955594
    3    2      0.5000000001      0.2886751346      3.4513536943

     Dynamical  Matrix in cartesian axes

     q = (    0.000000000   0.288675135   0.000000000 ) 

    1    1
  0.16703941   0.00000000    -0.00000000   0.00000000     0.00000000   0.00000000
 -0.00000000   0.00000000     0.15397302   0.00000000     0.00000000   0.00000000
  0.00000000   0.00000000     0.00000000   0.00000000     0.31647247   0.00000000
    1    2
 -0.06420309  -0.00512184     0.00000000   0.00000000     0.00000000   0.00000000
  0.00000000   0.00000000    -0.01012865  -0.04460301    -0.06696325   0.05426128
  0.00000000   0.00000000    -0.04874801   0.04130211    -0.12446346  -0.06365137
    1    3
 -0.06420309  -0.00512184     0.00000000   0.00000000     0.00000000   0.00000000
  0.00000000   0.00000000    -0.01012865  -0.04460301     0.06696325  -0.05426128
  0.00000000   0.00000000     0.04874801  -0.04130211    -0.12446346  -0.06365137
    2    1
 -0.06420309   0.00512184     0.00000000  -0.00000000     0.00000000   0.00000000
  0.00000000  -0.00000000    -0.01012865   0.04460301    -0.04874801  -0.04130211
  0.00000000   0.00000000    -0.06696325  -0.05426128    -0.12446346   0.06365137
    2    2
  0.11372658   0.00000000    -0.00000000   0.00000000     0.00000000   0.00000000
 -0.00000000   0.00000000     0.14944742   0.00000000     0.00838466  -0.00026446
  0.00000000   0.00000000     0.00838466   0.00026446     0.24103642   0.00000000
    2    3
 -0.02034916   0.00000000     0.00000000   0.00000000     0.00000000   0.00000000
  0.00000000   0.00000000     0.00380003   0.00000000    -0.00719160  -0.01123896
  0.00000000   0.00000000     0.00719160  -0.01123896    -0.05252907   0.00000000
    3    1
 -0.06420309   0.00512184     0.00000000  -0.00000000     0.00000000   0.00000000
  0.00000000  -0.00000000    -0.01012865   0.04460301     0.04874801   0.04130211
  0.00000000   0.00000000     0.06696325   0.05426128    -0.12446346   0.06365137
    3    2
 -0.02034916   0.00000000     0.00000000   0.00000000     0.00000000   0.00000000
  0.00000000   0.00000000     0.00380003   0.00000000     0.00719160   0.01123896
  0.00000000   0.00000000    -0.00719160   0.01123896    -0.05252907   0.00000000
    3    3
  0.11372658   0.00000000    -0.00000000   0.00000000     0.00000000   0.00000000
 -0.00000000   0.00000000     0.14944742   0.00000000    -0.00838466   0.00026446
  0.00000000   0.00000000    -0.00838466  -0.00026446     0.24103642   0.00000000

     Dynamical  Matrix in cartesian axes

     q = (    0.000000000  -0.288675135   0.000000000 ) 

    1    1
  0.16703941   0.00000000    -0.00000000   0.00000000     0.00000000   0.00000000
 -0.00000000   0.00000000     0.15397302   0.00000000     0.00000000   0.00000000
  0.00000000   0.00000000     0.00000000   0.00000000     0.31647247   0.00000000
    1    2
 -0.06420309   0.00512184     0.00000000  -0.00000000     0.00000000   0.00000000
  0.00000000  -0.00000000    -0.01012865   0.04460301    -0.06696325  -0.05426128
  0.00000000   0.00000000    -0.04874801  -0.04130211    -0.12446346   0.06365137
    1    3
 -0.06420309   0.00512184     0.00000000  -0.00000000     0.00000000   0.00000000
  0.00000000  -0.00000000    -0.01012865   0.04460301     0.06696325   0.05426128
  0.00000000   0.00000000     0.04874801   0.04130211    -0.12446346   0.06365137
    2    1
 -0.06420309  -0.00512184     0.00000000   0.00000000     0.00000000   0.00000000
  0.00000000   0.00000000    -0.01012865  -0.04460301    -0.04874801   0.04130211
  0.00000000   0.00000000    -0.06696325   0.05426128    -0.12446346  -0.06365137
    2    2
  0.11372658   0.00000000    -0.00000000   0.00000000     0.00000000   0.00000000
 -0.00000000   0.00000000     0.14944742   0.00000000     0.00838466   0.00026446
  0.00000000   0.00000000     0.00838466  -0.00026446     0.24103642   0.00000000
    2    3
 -0.02034916   0.00000000     0.00000000   0.00000000     0.00000000   0.00000000
  0.00000000   0.00000000     0.00380003  -0.00000000    -0.00719160   0.01123896
  0.00000000   0.00000000     0.00719160   0.01123896    -0.05252907   0.00000000
    3    1
 -0.06420309  -0.00512184     0.00000000   0.00000000     0.00000000   0.00000000
  0.00000000   0.00000000    -0.01012865  -0.04460301     0.04874801  -0.04130211
  0.00000000   0.00000000     0.06696325  -0.05426128    -0.12446346  -0.06365137
    3    2
 -0.02034916   0.00000000     0.00000000   0.00000000     0.00000000   0.00000000
  0.00000000   0.00000000     0.00380003  -0.00000000     0.00719160  -0.01123896
  0.00000000   0.00000000    -0.00719160  -0.01123896    -0.05252907   0.00000000
    3    3
  0.11372658   0.00000000    -0.00000000   0.00000000     0.00000000   0.00000000
 -0.00000000   0.00000000     0.14944742   0.00000000    -0.00838466  -0.00026446
  0.00000000   0.00000000    -0.00838466   0.00026446     0.24103642   0.00000000

     Dynamical  Matrix in cartesian axes

     q = (    0.250000000  -0.144337567   0.000000000 ) 

    1    1
  0.15723961   0.00000000     0.00565791   0.00000000     0.00000000   0.00000000
  0.00565791   0.00000000     0.16377281   0.00000000     0.00000000   0.00000000
  0.00000000   0.00000000     0.00000000   0.00000000     0.31647247   0.00000000
    1    2
 -0.03473272   0.02364726     0.01709585   0.02341492     0.04699165   0.05799187
  0.01709585   0.02341492    -0.01499213   0.05068448    -0.02713064  -0.03348162
  0.03576868   0.04221701    -0.02065106  -0.02437400    -0.06365137   0.12446346
    1    3
 -0.03473272   0.02364726     0.01709585   0.02341492    -0.04699165  -0.05799187
  0.01709585   0.02341492    -0.01499213   0.05068448     0.02713064   0.03348162
 -0.03576868  -0.04221701     0.02065106   0.02437400    -0.06365137   0.12446346
    2    1
 -0.03473272  -0.02364726     0.01709585  -0.02341492     0.03576868  -0.04221701
  0.01709585  -0.02341492    -0.01499213  -0.05068448    -0.02065106   0.02437400
  0.04699165  -0.05799187    -0.02713064   0.03348162    -0.06365137  -0.12446346
    2    2
  0.14051721   0.00000000    -0.01546758   0.00000000     0.00726133  -0.00022903
 -0.01546758   0.00000000     0.12265679   0.00000000    -0.00419233   0.00013223
  0.00726133   0.00022903    -0.00419233  -0.00013223     0.24103642   0.00000000
    2    3
 -0.00223727   0.00000000    -0.01045691  -0.00000000    -0.00622811  -0.00973322
 -0.01045691  -0.00000000    -0.01431187   0.00000000     0.00359580   0.00561948
  0.00622811  -0.00973322    -0.00359580   0.00561948    -0.05252907   0.00000000
    3    1
 -0.03473272  -0.02364726     0.01709585  -0.02341492    -0.03576868   0.04221701
  0.01709585  -0.02341492    -0.01499213  -0.05068448     0.02065106  -0.02437400
 -0.04699165   0.05799187     0.02713064  -0.03348162    -0.06365137  -0.12446346
    3    2
 -0.00223727   0.00000000    -0.01045691  -0.00000000     0.00622811   0.00973322
 -0.01045691  -0.00000000    -0.01431187   0.00000000    -0.00359580  -0.00561948
 -0.00622811   0.00973322     0.00359580  -0.00561948    -0.05252907   0.00000000
    3    3
  0.14051721   0.00000000    -0.01546758   0.00000000    -0.00726133   0.00022903
 -0.01546758   0.00000000     0.12265679   0.00000000     0.00419233  -0.00013223
 -0.00726133  -0.00022903     0.00419233   0.00013223     0.24103642   0.00000000

     Dynamical  Matrix in cartesian axes

     q = (   -0.250000000   0.144337567   0.000000000 ) 

    1    1
  0.15723961   0.00000000     0.00565791   0.00000000     0.00000000   0.00000000
  0.00565791   0.00000000     0.16377281   0.00000000     0.00000000   0.00000000
  0.00000000   0.00000000     0.00000000   0.00000000     0.31647247   0.00000000
    1    2
 -0.03473272  -0.02364726     0.01709585  -0.02341492     0.04699165  -0.05799187
  0.01709585  -0.02341492    -0.01499213  -0.05068448    -0.02713064   0.03348162
  0.03576868  -0.04221701    -0.02065106   0.02437400    -0.06365137  -0.12446346
    1    3
 -0.03473272  -0.02364726     0.01709585  -0.02341492    -0.04699165   0.05799187
  0.01709585  -0.02341492    -0.01499213  -0.05068448     0.02713064  -0.03348162
 -0.03576868   0.04221701     0.02065106  -0.02437400    -0.06365137  -0.12446346
    2    1
 -0.03473272   0.02364726     0.01709585   0.02341492     0.03576868   0.04221701
  0.01709585   0.02341492    -0.01499213   0.05068448    -0.02065106  -0.02437400
  0.04699165   0.05799187    -0.02713064  -0.03348162    -0.06365137   0.12446346
    2    2
  0.14051721   0.00000000    -0.01546758   0.00000000     0.00726133   0.00022903
 -0.01546758   0.00000000     0.12265679   0.00000000    -0.00419233  -0.00013223
  0.00726133  -0.00022903    -0.00419233   0.00013223     0.24103642   0.00000000
    2    3
 -0.00223727  -0.00000000    -0.01045691   0.00000000    -0.00622811   0.00973322
 -0.01045691   0.00000000    -0.01431187  -0.00000000     0.00359580  -0.00561948
  0.00622811   0.00973322    -0.00359580  -0.00561948    -0.05252907   0.00000000
    3    1
 -0.03473272   0.02364726     0.01709585   0.02341492    -0.03576868  -0.04221701
  0.01709585   0.02341492    -0.01499213   0.05068448     0.02065106   0.02437400
 -0.04699165  -0.05799187     0.02713064   0.03348162    -0.06365137   0.12446346
    3    2
 -0.00223727  -0.00000000    -0.01045691   0.00000000     0.00622811  -0.00973322
 -0.01045691   0.00000000    -0.01431187  -0.00000000    -0.00359580   0.00561948
 -0.00622811  -0.00973322     0.00359580   0.00561948    -0.05252907   0.00000000
    3    3
  0.14051721   0.00000000    -0.01546758   0.00000000    -0.00726133  -0.00022903
 -0.01546758   0.00000000     0.12265679   0.00000000     0.00419233   0.00013223
 -0.00726133   0.00022903     0.00419233  -0.00013223     0.24103642   0.00000000

     Dynamical  Matrix in cartesian axes

     q = (   -0.250000000  -0.144337567   0.000000000 ) 

    1    1
  0.15723961   0.00000000    -0.00565791   0.00000000     0.00000000   0.00000000
 -0.00565791   0.00000000     0.16377281   0.00000000     0.00000000   0.00000000
  0.00000000   0.00000000     0.00000000   0.00000000     0.31647247   0.00000000
    1    2
 -0.02364726  -0.03473272     0.02341492  -0.01709585     0.05799187  -0.04699165
  0.02341492  -0.01709585    -0.05068448  -0.01499213     0.03348162  -0.02713064
  0.04221701  -0.03576868     0.02437400  -0.02065106    -0.12446346  -0.06365137
    1    3
 -0.02364726  -0.03473272     0.02341492  -0.01709585    -0.05799187   0.04699165
  0.02341492  -0.01709585    -0.05068448  -0.01499213    -0.03348162   0.02713064
 -0.04221701   0.03576868    -0.02437400   0.02065106    -0.12446346  -0.06365137
    2    1
 -0.02364726   0.03473272     0.02341492   0.01709585     0.04221701   0.03576868
  0.02341492   0.01709585    -0.05068448   0.01499213     0.02437400   0.02065106
  0.05799187   0.04699165     0.03348162   0.02713064    -0.12446346   0.06365137
    2    2
  0.14051721   0.00000000     0.01546758   0.00000000    -0.00726133   0.00022903
  0.01546758   0.00000000     0.12265679   0.00000000    -0.00419233   0.00013223
 -0.00726133  -0.00022903    -0.00419233  -0.00013223     0.24103642   0.00000000
    2    3
 -0.00223727   0.00000000     0.01045691   0.00000000     0.00622811   0.00973322
  0.01045691   0.00000000    -0.01431187   0.00000000     0.00359580   0.00561948
 -0.00622811   0.00973322    -0.00359580   0.00561948    -0.05252907   0.00000000
    3    1
 -0.02364726   0.03473272     0.02341492   0.01709585    -0.04221701  -0.03576868
  0.02341492   0.01709585    -0.05068448   0.01499213    -0.02437400  -0.02065106
 -0.05799187  -0.04699165    -0.03348162  -0.02713064    -0.12446346   0.06365137
    3    2
 -0.00223727   0.00000000     0.01045691   0.00000000    -0.00622811  -0.00973322
  0.01045691   0.00000000    -0.01431187   0.00000000    -0.00359580  -0.00561948
  0.00622811  -0.00973322     0.00359580  -0.00561948    -0.05252907   0.00000000
    3    3
  0.14051721   0.00000000     0.01546758   0.00000000     0.00726133  -0.00022903
  0.01546758   0.00000000     0.12265679   0.00000000     0.00419233  -0.00013223
  0.00726133   0.00022903     0.00419233   0.00013223     0.24103642   0.00000000

     Dynamical  Matrix in cartesian axes

     q = (    0.250000000   0.144337567   0.000000000 ) 

    1    1
  0.15723961   0.00000000    -0.00565791   0.00000000     0.00000000   0.00000000
 -0.00565791   0.00000000     0.16377281   0.00000000     0.00000000   0.00000000
  0.00000000   0.00000000     0.00000000   0.00000000     0.31647247   0.00000000
    1    2
 -0.02364726   0.03473272     0.02341492   0.01709585     0.05799187   0.04699165
  0.02341492   0.01709585    -0.05068448   0.01499213     0.03348162   0.02713064
  0.04221701   0.03576868     0.02437400   0.02065106    -0.12446346   0.06365137
    1    3
 -0.02364726   0.03473272     0.02341492   0.01709585    -0.05799187  -0.04699165
  0.02341492   0.01709585    -0.05068448   0.01499213    -0.03348162  -0.02713064
 -0.04221701  -0.03576868    -0.02437400  -0.02065106    -0.12446346   0.06365137
    2    1
 -0.02364726  -0.03473272     0.02341492  -0.01709585     0.04221701  -0.03576868
  0.02341492  -0.01709585    -0.05068448  -0.01499213     0.02437400  -0.02065106
  0.05799187  -0.04699165     0.03348162  -0.02713064    -0.12446346  -0.06365137
    2    2
  0.14051721   0.00000000     0.01546758   0.00000000    -0.00726133  -0.00022903
  0.01546758   0.00000000     0.12265679   0.00000000    -0.00419233  -0.00013223
 -0.00726133   0.00022903    -0.00419233   0.00013223     0.24103642   0.00000000
    2    3
 -0.00223727  -0.00000000     0.01045691  -0.00000000     0.00622811  -0.00973322
  0.01045691  -0.00000000    -0.01431187  -0.00000000     0.00359580  -0.00561948
 -0.00622811  -0.00973322    -0.00359580  -0.00561948    -0.05252907   0.00000000
    3    1
 -0.02364726  -0.03473272     0.02341492  -0.01709585    -0.04221701   0.03576868
  0.02341492  -0.01709585    -0.05068448  -0.01499213    -0.02437400   0.02065106
 -0.05799187   0.04699165    -0.03348162   0.02713064    -0.12446346  -0.06365137
    3    2
 -0.00223727  -0.00000000     0.01045691  -0.00000000    -0.00622811   0.00973322
  0.01045691  -0.00000000    -0.01431187  -0.00000000    -0.00359580   0.00561948
  0.00622811   0.00973322     0.00359580   0.00561948    -0.05252907   0.00000000
    3    3
  0.14051721   0.00000000     0.01546758   0.00000000     0.00726133   0.00022903
  0.01546758   0.00000000     0.12265679   0.00000000     0.00419233   0.00013223
  0.00726133  -0.00022903     0.00419233  -0.00013223     0.24103642   0.00000000

     Diagonalizing the dynamical matrix

     q = (    0.000000000   0.288675135   0.000000000 ) 

 **************************************************************************
     freq (    1) =       1.749834 [THz] =      58.368175 [cm-1]
 ( -0.000000  0.000000  0.000000 -0.000000 -0.522138 -0.278853 ) 
 ( -0.000000 -0.000000 -0.097296 -0.295888 -0.477274 -0.000000 ) 
 ( -0.000000  0.000000  0.097296  0.295888 -0.477274  0.000000 ) 
     freq (    2) =       2.659668 [THz] =      88.716976 [cm-1]
 ( -0.630166 -0.047929  0.000000 -0.000000  0.000000  0.000000 ) 
 ( -0.547990  0.002025 -0.000000 -0.000000  0.000000  0.000000 ) 
 ( -0.547990  0.002025 -0.000000 -0.000000 -0.000000  0.000000 ) 
     freq (    3) =       2.763758 [THz] =      92.189060 [cm-1]
 (  0.000000  0.000000  0.609377 -0.529313  0.000000  0.000000 ) 
 (  0.000000 -0.000000 -0.163755 -0.268107  0.274857  0.000000 ) 
 (  0.000000 -0.000000 -0.163755 -0.268107 -0.274857  0.000000 ) 
     freq (    4) =       6.990127 [THz] =     233.165523 [cm-1]
 (  0.385961 -0.053875 -0.000000  0.000000 -0.000000  0.000000 ) 
 ( -0.635749  0.141029 -0.000000 -0.000000  0.000000  0.000000 ) 
 ( -0.635749  0.141029 -0.000000 -0.000000  0.000000  0.000000 ) 
     freq (    5) =       7.046985 [THz] =     235.062106 [cm-1]
 ( -0.000000 -0.000000 -0.000000  0.000000 -0.000000 -0.000000 ) 
 ( -0.324289  0.628360 -0.000000 -0.000000 -0.000000  0.000000 ) 
 (  0.324289 -0.628360 -0.000000 -0.000000 -0.000000  0.000000 ) 
     freq (    6) =       7.676815 [THz] =     256.070996 [cm-1]
 (  0.000000 -0.000000  0.000000  0.000000 -0.100904 -0.019801 ) 
 (  0.000000 -0.000000  0.282485  0.594009 -0.249135  0.000000 ) 
 ( -0.000000  0.000000 -0.282485 -0.594009 -0.249135  0.000000 ) 
     freq (    7) =       7.824975 [THz] =     261.013078 [cm-1]
 (  0.000000  0.000000  0.171928  0.054566  0.000000 -0.000000 ) 
 ( -0.000000 -0.000000 -0.285119  0.632624  0.047176 -0.000000 ) 
 (  0.000000 -0.000000 -0.285119  0.632624 -0.047176  0.000000 ) 
     freq (    8) =      10.110429 [THz] =     337.247602 [cm-1]
 ( -0.000000 -0.000000  0.000000 -0.000000 -0.362660 -0.176362 ) 
 ( -0.000000 -0.000000  0.085512  0.125369  0.629013 -0.000000 ) 
 (  0.000000  0.000000 -0.085512 -0.125369  0.629013  0.000000 ) 
     freq (    9) =      10.784488 [THz] =     359.731800 [cm-1]
 (  0.000000  0.000000  0.123890 -0.094012  0.000000  0.000000 ) 
 (  0.000000 -0.000000 -0.049228 -0.007266 -0.696728  0.000000 ) 
 ( -0.000000 -0.000000 -0.049228 -0.007266  0.696728  0.000000 ) 
 **************************************************************************
