Dynamical matrix file
NbS2                                                                       
  2    3   4   6.3305825   0.0000000   5.9701493   0.0000000   0.0000000   0.0000000
           1  'Nb  '    84678.6388502528     
           2  'S   '    29220.9024340635     
    1    1     -0.0000000001      0.5773502692      2.9850746269
    2    2      0.5000000001      0.2886751346      2.5187955594
    3    2      0.5000000001      0.2886751346      3.4513536943

     Dynamical  Matrix in cartesian axes

     q = (    0.000000000   0.384900179   0.000000000 ) 

    1    1
  0.17741732   0.00000000    -0.00000000   0.00000000     0.00000000   0.00000000
 -0.00000000   0.00000000     0.16215662   0.00000000     0.00000000   0.00000000
  0.00000000   0.00000000     0.00000000   0.00000000     0.27234302   0.00000000
    1    2
 -0.05178744  -0.00227000     0.00000000   0.00000000     0.00000000   0.00000000
  0.00000000   0.00000000     0.01635874  -0.03625828    -0.09760978   0.04655506
  0.00000000   0.00000000    -0.07035989   0.03301774    -0.08961358  -0.05278432
    1    3
 -0.05178744  -0.00227000     0.00000000   0.00000000     0.00000000   0.00000000
  0.00000000   0.00000000     0.01635874  -0.03625828     0.09760978  -0.04655506
  0.00000000   0.00000000     0.07035989  -0.03301774    -0.08961358  -0.05278432
    2    1
 -0.05178744   0.00227000     0.00000000  -0.00000000     0.00000000   0.00000000
  0.00000000  -0.00000000     0.01635874   0.03625828    -0.07035989  -0.03301774
  0.00000000   0.00000000    -0.09760978  -0.04655506    -0.08961358   0.05278432
    2    2
  0.12083649   0.00000000    -0.00000000   0.00000000     0.00000000   0.00000000
 -0.00000000   0.00000000     0.17871272   0.00000000     0.01032314   0.00017697
  0.00000000   0.00000000     0.01032314  -0.00017697     0.22973041   0.00000000
    2    3
 -0.02526867   0.00000000     0.00000000   0.00000000     0.00000000   0.00000000
  0.00000000   0.00000000     0.00944633   0.00000000    -0.01042602  -0.01162988
  0.00000000   0.00000000     0.01042602  -0.01162988    -0.04600373   0.00000000
    3    1
 -0.05178744   0.00227000     0.00000000  -0.00000000     0.00000000   0.00000000
  0.00000000  -0.00000000     0.01635874   0.03625828     0.07035989   0.03301774
  0.00000000   0.00000000     0.09760978   0.04655506    -0.08961358   0.05278432
    3    2
 -0.02526867   0.00000000     0.00000000   0.00000000     0.00000000   0.00000000
  0.00000000   0.00000000     0.00944633   0.00000000     0.01042602   0.01162988
  0.00000000   0.00000000    -0.01042602   0.01162988    -0.04600373   0.00000000
    3    3
  0.12083649   0.00000000    -0.00000000   0.00000000     0.00000000   0.00000000
 -0.00000000   0.00000000     0.17871272   0.00000000    -0.01032314  -0.00017697
  0.00000000   0.00000000    -0.01032314   0.00017697     0.22973041   0.00000000

     Dynamical  Matrix in cartesian axes

     q = (    0.000000000  -0.384900179   0.000000000 ) 

    1    1
  0.17741732   0.00000000    -0.00000000   0.00000000     0.00000000   0.00000000
 -0.00000000   0.00000000     0.16215662   0.00000000     0.00000000   0.00000000
  0.00000000   0.00000000     0.00000000   0.00000000     0.27234302   0.00000000
    1    2
 -0.05178744   0.00227000     0.00000000  -0.00000000     0.00000000   0.00000000
  0.00000000  -0.00000000     0.01635874   0.03625828    -0.09760978  -0.04655506
  0.00000000   0.00000000    -0.07035989  -0.03301774    -0.08961358   0.05278432
    1    3
 -0.05178744   0.00227000     0.00000000  -0.00000000     0.00000000   0.00000000
  0.00000000  -0.00000000     0.01635874   0.03625828     0.09760978   0.04655506
  0.00000000   0.00000000     0.07035989   0.03301774    -0.08961358   0.05278432
    2    1
 -0.05178744  -0.00227000     0.00000000   0.00000000     0.00000000   0.00000000
  0.00000000   0.00000000     0.01635874  -0.03625828    -0.07035989   0.03301774
  0.00000000   0.00000000    -0.09760978   0.04655506    -0.08961358  -0.05278432
    2    2
  0.12083649   0.00000000    -0.00000000   0.00000000     0.00000000   0.00000000
 -0.00000000   0.00000000     0.17871272   0.00000000     0.01032314  -0.00017697
  0.00000000   0.00000000     0.01032314   0.00017697     0.22973041   0.00000000
    2    3
 -0.02526867   0.00000000     0.00000000   0.00000000     0.00000000   0.00000000
  0.00000000   0.00000000     0.00944633  -0.00000000    -0.01042602   0.01162988
  0.00000000   0.00000000     0.01042602   0.01162988    -0.04600373   0.00000000
    3    1
 -0.05178744  -0.00227000     0.00000000   0.00000000     0.00000000   0.00000000
  0.00000000   0.00000000     0.01635874  -0.03625828     0.07035989  -0.03301774
  0.00000000   0.00000000     0.09760978  -0.04655506    -0.08961358  -0.05278432
    3    2
 -0.02526867   0.00000000     0.00000000   0.00000000     0.00000000   0.00000000
  0.00000000   0.00000000     0.00944633  -0.00000000     0.01042602  -0.01162988
  0.00000000   0.00000000    -0.01042602  -0.01162988    -0.04600373   0.00000000
    3    3
  0.12083649   0.00000000    -0.00000000   0.00000000     0.00000000   0.00000000
 -0.00000000   0.00000000     0.17871272   0.00000000    -0.01032314   0.00017697
  0.00000000   0.00000000    -0.01032314  -0.00017697     0.22973041   0.00000000

     Dynamical  Matrix in cartesian axes

     q = (    0.333333333  -0.192450090   0.000000000 ) 

    1    1
  0.16597180   0.00000000     0.00660808   0.00000000     0.00000000   0.00000000
  0.00660808   0.00000000     0.17360215   0.00000000     0.00000000   0.00000000
  0.00000000   0.00000000     0.00000000   0.00000000     0.27234302   0.00000000
    1    2
 -0.02370301   0.01446760     0.02749969   0.01819614     0.07718257   0.05304840
  0.02749969   0.01819614     0.00805089   0.03547869    -0.04456138  -0.03062751
  0.05523003   0.03847282    -0.03188707  -0.02221229    -0.00090577   0.10399980
    1    3
 -0.02370301   0.01446760     0.02749969   0.01819614    -0.07718257  -0.05304840
  0.02749969   0.01819614     0.00805089   0.03547869     0.04456138   0.03062751
 -0.05523003  -0.03847282     0.03188707   0.02221229    -0.00090577   0.10399980
    2    1
 -0.02370301  -0.01446760     0.02749969  -0.01819614     0.05523003  -0.03847282
  0.02749969  -0.01819614     0.00805089  -0.03547869    -0.03188707   0.02221229
  0.07718257  -0.05304840    -0.04456138   0.03062751    -0.00090577  -0.10399980
    2    2
  0.16424366   0.00000000    -0.02506114   0.00000000     0.00894010   0.00015326
 -0.02506114   0.00000000     0.13530554   0.00000000    -0.00516157  -0.00008849
  0.00894010  -0.00015326    -0.00516157   0.00008849     0.22973041   0.00000000
    2    3
  0.00076758   0.00000000    -0.01503204  -0.00000000    -0.00902920  -0.01007177
 -0.01503204  -0.00000000    -0.01658992   0.00000000     0.00521301   0.00581494
  0.00902920  -0.01007177    -0.00521301   0.00581494    -0.04600373   0.00000000
    3    1
 -0.02370301  -0.01446760     0.02749969  -0.01819614    -0.05523003   0.03847282
  0.02749969  -0.01819614     0.00805089  -0.03547869     0.03188707  -0.02221229
 -0.07718257   0.05304840     0.04456138  -0.03062751    -0.00090577  -0.10399980
    3    2
  0.00076758   0.00000000    -0.01503204  -0.00000000     0.00902920   0.01007177
 -0.01503204  -0.00000000    -0.01658992   0.00000000    -0.00521301  -0.00581494
 -0.00902920   0.01007177     0.00521301  -0.00581494    -0.04600373   0.00000000
    3    3
  0.16424366   0.00000000    -0.02506114   0.00000000    -0.00894010  -0.00015326
 -0.02506114   0.00000000     0.13530554   0.00000000     0.00516157   0.00008849
 -0.00894010   0.00015326     0.00516157  -0.00008849     0.22973041   0.00000000

     Dynamical  Matrix in cartesian axes

     q = (   -0.333333333   0.192450090   0.000000000 ) 

    1    1
  0.16597180   0.00000000     0.00660808   0.00000000     0.00000000   0.00000000
  0.00660808   0.00000000     0.17360215   0.00000000     0.00000000   0.00000000
  0.00000000   0.00000000     0.00000000   0.00000000     0.27234302   0.00000000
    1    2
 -0.02370301  -0.01446760     0.02749969  -0.01819614     0.07718257  -0.05304840
  0.02749969  -0.01819614     0.00805089  -0.03547869    -0.04456138   0.03062751
  0.05523003  -0.03847282    -0.03188707   0.02221229    -0.00090577  -0.10399980
    1    3
 -0.02370301  -0.01446760     0.02749969  -0.01819614    -0.07718257   0.05304840
  0.02749969  -0.01819614     0.00805089  -0.03547869     0.04456138  -0.03062751
 -0.05523003   0.03847282     0.03188707  -0.02221229    -0.00090577  -0.10399980
    2    1
 -0.02370301   0.01446760     0.02749969   0.01819614     0.05523003   0.03847282
  0.02749969   0.01819614     0.00805089   0.03547869    -0.03188707  -0.02221229
  0.07718257   0.05304840    -0.04456138  -0.03062751    -0.00090577   0.10399980
    2    2
  0.16424366   0.00000000    -0.02506114   0.00000000     0.00894010  -0.00015326
 -0.02506114   0.00000000     0.13530554   0.00000000    -0.00516157   0.00008849
  0.00894010   0.00015326    -0.00516157  -0.00008849     0.22973041   0.00000000
    2    3
  0.00076758  -0.00000000    -0.01503204   0.00000000    -0.00902920   0.01007177
 -0.01503204   0.00000000    -0.01658992  -0.00000000     0.00521301  -0.00581494
  0.00902920   0.01007177    -0.00521301  -0.00581494    -0.04600373   0.00000000
    3    1
 -0.02370301   0.01446760     0.02749969   0.01819614    -0.05523003  -0.03847282
  0.02749969   0.01819614     0.00805089   0.03547869     0.03188707   0.02221229
 -0.07718257  -0.05304840     0.04456138   0.03062751    -0.00090577   0.10399980
    3    2
  0.00076758  -0.00000000    -0.01503204   0.00000000     0.00902920  -0.01007177
 -0.01503204   0.00000000    -0.01658992  -0.00000000    -0.00521301   0.00581494
 -0.00902920  -0.01007177     0.00521301   0.00581494    -0.04600373   0.00000000
    3    3
  0.16424366   0.00000000    -0.02506114   0.00000000    -0.00894010   0.00015326
 -0.02506114   0.00000000     0.13530554   0.00000000     0.00516157  -0.00008849
 -0.00894010  -0.00015326     0.00516157   0.00008849     0.22973041   0.00000000

     Dynamical  Matrix in cartesian axes

     q = (   -0.333333333  -0.192450090   0.000000000 ) 

    1    1
  0.16597180   0.00000000    -0.00660808   0.00000000     0.00000000   0.00000000
 -0.00660808   0.00000000     0.17360215   0.00000000     0.00000000   0.00000000
  0.00000000   0.00000000     0.00000000   0.00000000     0.27234302   0.00000000
    1    2
 -0.00067781  -0.02776121     0.02950816  -0.01471736     0.08453255  -0.04031786
  0.02950816  -0.01471736    -0.03475090  -0.01076707     0.04880489  -0.02327753
  0.06093345  -0.02859420     0.03517994  -0.01650887    -0.08961358  -0.05278432
    1    3
 -0.00067781  -0.02776121     0.02950816  -0.01471736    -0.08453255   0.04031786
  0.02950816  -0.01471736    -0.03475090  -0.01076707    -0.04880489   0.02327753
 -0.06093345   0.02859420    -0.03517994   0.01650887    -0.08961358  -0.05278432
    2    1
 -0.00067781   0.02776121     0.02950816   0.01471736     0.06093345   0.02859420
  0.02950816   0.01471736    -0.03475090   0.01076707     0.03517994   0.01650887
  0.08453255   0.04031786     0.04880489   0.02327753    -0.08961358   0.05278432
    2    2
  0.16424366   0.00000000     0.02506114   0.00000000    -0.00894010  -0.00015326
  0.02506114   0.00000000     0.13530554   0.00000000    -0.00516157  -0.00008849
 -0.00894010   0.00015326    -0.00516157   0.00008849     0.22973041   0.00000000
    2    3
  0.00076758   0.00000000     0.01503204   0.00000000     0.00902920   0.01007177
  0.01503204   0.00000000    -0.01658992   0.00000000     0.00521301   0.00581494
 -0.00902920   0.01007177    -0.00521301   0.00581494    -0.04600373   0.00000000
    3    1
 -0.00067781   0.02776121     0.02950816   0.01471736    -0.06093345  -0.02859420
  0.02950816   0.01471736    -0.03475090   0.01076707    -0.03517994  -0.01650887
 -0.08453255  -0.04031786    -0.04880489  -0.02327753    -0.08961358   0.05278432
    3    2
  0.00076758   0.00000000     0.01503204   0.00000000    -0.00902920  -0.01007177
  0.01503204   0.00000000    -0.01658992   0.00000000    -0.00521301  -0.00581494
  0.00902920  -0.01007177     0.00521301  -0.00581494    -0.04600373   0.00000000
    3    3
  0.16424366   0.00000000     0.02506114   0.00000000     0.00894010   0.00015326
  0.02506114   0.00000000     0.13530554   0.00000000     0.00516157   0.00008849
  0.00894010  -0.00015326     0.00516157  -0.00008849     0.22973041   0.00000000

     Dynamical  Matrix in cartesian axes

     q = (    0.333333333   0.192450090   0.000000000 ) 

    1    1
  0.16597180   0.00000000    -0.00660808   0.00000000     0.00000000   0.00000000
 -0.00660808   0.00000000     0.17360215   0.00000000     0.00000000   0.00000000
  0.00000000   0.00000000     0.00000000   0.00000000     0.27234302   0.00000000
    1    2
 -0.00067781   0.02776121     0.02950816   0.01471736     0.08453255   0.04031786
  0.02950816   0.01471736    -0.03475090   0.01076707     0.04880489   0.02327753
  0.06093345   0.02859420     0.03517994   0.01650887    -0.08961358   0.05278432
    1    3
 -0.00067781   0.02776121     0.02950816   0.01471736    -0.08453255  -0.04031786
  0.02950816   0.01471736    -0.03475090   0.01076707    -0.04880489  -0.02327753
 -0.06093345  -0.02859420    -0.03517994  -0.01650887    -0.08961358   0.05278432
    2    1
 -0.00067781  -0.02776121     0.02950816  -0.01471736     0.06093345  -0.02859420
  0.02950816  -0.01471736    -0.03475090  -0.01076707     0.03517994  -0.01650887
  0.08453255  -0.04031786     0.04880489  -0.02327753    -0.08961358  -0.05278432
    2    2
  0.16424366   0.00000000     0.02506114   0.00000000    -0.00894010   0.00015326
  0.02506114   0.00000000     0.13530554   0.00000000    -0.00516157   0.00008849
 -0.00894010  -0.00015326    -0.00516157  -0.00008849     0.22973041   0.00000000
    2    3
  0.00076758  -0.00000000     0.01503204  -0.00000000     0.00902920  -0.01007177
  0.01503204  -0.00000000    -0.01658992  -0.00000000     0.00521301  -0.00581494
 -0.00902920  -0.01007177    -0.00521301  -0.00581494    -0.04600373   0.00000000
    3    1
 -0.00067781  -0.02776121     0.02950816  -0.01471736    -0.06093345   0.02859420
  0.02950816  -0.01471736    -0.03475090  -0.01076707    -0.03517994   0.01650887
 -0.08453255   0.04031786    -0.04880489   0.02327753    -0.08961358  -0.05278432
    3    2
  0.00076758  -0.00000000     0.01503204  -0.00000000    -0.00902920   0.01007177
  0.01503204  -0.00000000    -0.01658992  -0.00000000    -0.00521301   0.00581494
  0.00902920   0.01007177     0.00521301   0.00581494    -0.04600373   0.00000000
    3    3
  0.16424366   0.00000000     0.02506114   0.00000000     0.00894010  -0.00015326
  0.02506114   0.00000000     0.13530554   0.00000000     0.00516157  -0.00008849
  0.00894010   0.00015326     0.00516157   0.00008849     0.22973041   0.00000000

     Diagonalizing the dynamical matrix

     q = (    0.000000000   0.384900179   0.000000000 ) 

 **************************************************************************
     freq (    1) =       2.363112 [THz] =      78.824941 [cm-1]
 (  0.000000 -0.000000  0.720173 -0.351361 -0.000000 -0.000000 ) 
 (  0.000000 -0.000000 -0.184052 -0.141773  0.353516 -0.000000 ) 
 (  0.000000 -0.000000 -0.184052 -0.141773 -0.353516  0.000000 ) 
     freq (    2) =       2.521366 [THz] =      84.103718 [cm-1]
 (  0.000000  0.000000  0.000000 -0.000000  0.537593  0.338725 ) 
 (  0.000000  0.000000  0.175435  0.304834  0.417646 -0.000000 ) 
 (  0.000000 -0.000000 -0.175435 -0.304834  0.417646  0.000000 ) 
     freq (    3) =       3.444546 [THz] =     114.897699 [cm-1]
 ( -0.589757  0.284813  0.000000 -0.000000  0.000000 -0.000000 ) 
 ( -0.470543  0.253226 -0.000000 -0.000000  0.000000 -0.000000 ) 
 ( -0.470543  0.253226 -0.000000  0.000000 -0.000000  0.000000 ) 
     freq (    4) =       6.797686 [THz] =     226.746404 [cm-1]
 ( -0.354006  0.107351 -0.000000 -0.000000 -0.000000 -0.000000 ) 
 (  0.619724 -0.217992  0.000000 -0.000000  0.000000 -0.000000 ) 
 (  0.619724 -0.217992  0.000000 -0.000000 -0.000000  0.000000 ) 
     freq (    5) =       7.356326 [THz] =     245.380636 [cm-1]
 ( -0.000000  0.000000 -0.000000 -0.000000  0.000000 -0.000000 ) 
 ( -0.456251 -0.540218 -0.000000 -0.000000  0.000000 -0.000000 ) 
 (  0.456251  0.540218  0.000000  0.000000  0.000000  0.000000 ) 
     freq (    6) =       8.220417 [THz] =     274.203607 [cm-1]
 ( -0.000000  0.000000  0.000000 -0.000000  0.068705 -0.009225 ) 
 (  0.000000  0.000000 -0.392868 -0.449478  0.375794  0.000000 ) 
 ( -0.000000 -0.000000  0.392868  0.449478  0.375794  0.000000 ) 
     freq (    7) =       8.515817 [THz] =     284.057072 [cm-1]
 ( -0.000000  0.000000 -0.015730  0.142983 -0.000000 -0.000000 ) 
 (  0.000000 -0.000000 -0.644933  0.270353  0.024991 -0.000000 ) 
 (  0.000000 -0.000000 -0.644933  0.270353 -0.024991  0.000000 ) 
     freq (    8) =       9.571875 [THz] =     319.283366 [cm-1]
 (  0.000000 -0.000000 -0.000000  0.000000 -0.336538 -0.168946 ) 
 (  0.000000 -0.000000  0.231008  0.210036  0.575864 -0.000000 ) 
 ( -0.000000  0.000000 -0.231008 -0.210036  0.575864  0.000000 ) 
     freq (    9) =      10.697786 [THz] =     356.839740 [cm-1]
 ( -0.000000  0.000000  0.177971 -0.081766  0.000000  0.000000 ) 
 ( -0.000000 -0.000000 -0.069766 -0.025035 -0.689439  0.000000 ) 
 (  0.000000 -0.000000 -0.069766 -0.025035  0.689439  0.000000 ) 
 **************************************************************************
