Dynamical matrix file
NbS2                                                                       
  2    3   4   6.3305825   0.0000000   5.9701493   0.0000000   0.0000000   0.0000000
           1  'Nb  '    84678.6388502528     
           2  'S   '    29220.9024340635     
    1    1     -0.0000000001      0.5773502692      2.9850746269
    2    2      0.5000000001      0.2886751346      2.5187955594
    3    2      0.5000000001      0.2886751346      3.4513536943

     Dynamical  Matrix in cartesian axes

     q = (    0.000000000   0.481125224   0.000000000 ) 

    1    1
  0.19441220   0.00000000    -0.00000000   0.00000000     0.00000000   0.00000000
 -0.00000000   0.00000000     0.18486604   0.00000000     0.00000000   0.00000000
  0.00000000   0.00000000     0.00000000   0.00000000     0.24205171   0.00000000
    1    2
 -0.04354700  -0.00092830     0.00000000   0.00000000     0.00000000   0.00000000
  0.00000000   0.00000000     0.02954164  -0.01980907    -0.11804971   0.02665111
  0.00000000   0.00000000    -0.08505871   0.01794166    -0.06684536  -0.02935086
    1    3
 -0.04354700  -0.00092830     0.00000000   0.00000000     0.00000000   0.00000000
  0.00000000   0.00000000     0.02954164  -0.01980907     0.11804971  -0.02665111
  0.00000000   0.00000000     0.08505871  -0.01794166    -0.06684536  -0.02935086
    2    1
 -0.04354700   0.00092830     0.00000000  -0.00000000     0.00000000   0.00000000
  0.00000000  -0.00000000     0.02954164   0.01980907    -0.08505871  -0.01794166
  0.00000000   0.00000000    -0.11804971  -0.02665111    -0.06684536   0.02935086
    2    2
  0.12626778   0.00000000    -0.00000000   0.00000000     0.00000000   0.00000000
 -0.00000000   0.00000000     0.20096371   0.00000000     0.01147814   0.00049780
  0.00000000   0.00000000     0.01147814  -0.00049780     0.22252218   0.00000000
    2    3
 -0.02648915   0.00000000     0.00000000   0.00000000     0.00000000   0.00000000
  0.00000000   0.00000000     0.01189976   0.00000000    -0.01382508  -0.00795671
  0.00000000   0.00000000     0.01382508  -0.00795671    -0.04037571   0.00000000
    3    1
 -0.04354700   0.00092830     0.00000000  -0.00000000     0.00000000   0.00000000
  0.00000000  -0.00000000     0.02954164   0.01980907     0.08505871   0.01794166
  0.00000000   0.00000000     0.11804971   0.02665111    -0.06684536   0.02935086
    3    2
 -0.02648915   0.00000000     0.00000000   0.00000000     0.00000000   0.00000000
  0.00000000   0.00000000     0.01189976   0.00000000     0.01382508   0.00795671
  0.00000000   0.00000000    -0.01382508   0.00795671    -0.04037571   0.00000000
    3    3
  0.12626778   0.00000000    -0.00000000   0.00000000     0.00000000   0.00000000
 -0.00000000   0.00000000     0.20096371   0.00000000    -0.01147814  -0.00049780
  0.00000000   0.00000000    -0.01147814   0.00049780     0.22252218   0.00000000

     Dynamical  Matrix in cartesian axes

     q = (    0.000000000  -0.481125224   0.000000000 ) 

    1    1
  0.19441220   0.00000000    -0.00000000   0.00000000     0.00000000   0.00000000
 -0.00000000   0.00000000     0.18486604   0.00000000     0.00000000   0.00000000
  0.00000000   0.00000000     0.00000000   0.00000000     0.24205171   0.00000000
    1    2
 -0.04354700   0.00092830     0.00000000  -0.00000000     0.00000000   0.00000000
  0.00000000  -0.00000000     0.02954164   0.01980907    -0.11804971  -0.02665111
  0.00000000   0.00000000    -0.08505871  -0.01794166    -0.06684536   0.02935086
    1    3
 -0.04354700   0.00092830     0.00000000  -0.00000000     0.00000000   0.00000000
  0.00000000  -0.00000000     0.02954164   0.01980907     0.11804971   0.02665111
  0.00000000   0.00000000     0.08505871   0.01794166    -0.06684536   0.02935086
    2    1
 -0.04354700  -0.00092830     0.00000000   0.00000000     0.00000000   0.00000000
  0.00000000   0.00000000     0.02954164  -0.01980907    -0.08505871   0.01794166
  0.00000000   0.00000000    -0.11804971   0.02665111    -0.06684536  -0.02935086
    2    2
  0.12626778   0.00000000    -0.00000000   0.00000000     0.00000000   0.00000000
 -0.00000000   0.00000000     0.20096371   0.00000000     0.01147814  -0.00049780
  0.00000000   0.00000000     0.01147814   0.00049780     0.22252218   0.00000000
    2    3
 -0.02648915   0.00000000     0.00000000   0.00000000     0.00000000   0.00000000
  0.00000000   0.00000000     0.01189976   0.00000000    -0.01382508   0.00795671
  0.00000000   0.00000000     0.01382508   0.00795671    -0.04037571   0.00000000
    3    1
 -0.04354700  -0.00092830     0.00000000   0.00000000     0.00000000   0.00000000
  0.00000000   0.00000000     0.02954164  -0.01980907     0.08505871  -0.01794166
  0.00000000   0.00000000     0.11804971  -0.02665111    -0.06684536  -0.02935086
    3    2
 -0.02648915   0.00000000     0.00000000   0.00000000     0.00000000   0.00000000
  0.00000000   0.00000000     0.01189976   0.00000000     0.01382508  -0.00795671
  0.00000000   0.00000000    -0.01382508  -0.00795671    -0.04037571   0.00000000
    3    3
  0.12626778   0.00000000    -0.00000000   0.00000000     0.00000000   0.00000000
 -0.00000000   0.00000000     0.20096371   0.00000000    -0.01147814   0.00049780
  0.00000000   0.00000000    -0.01147814  -0.00049780     0.22252218   0.00000000

     Dynamical  Matrix in cartesian axes

     q = (    0.416666667  -0.240562612   0.000000000 ) 

    1    1
  0.18725258   0.00000000     0.00413361   0.00000000     0.00000000   0.00000000
  0.00413361   0.00000000     0.19202566   0.00000000     0.00000000   0.00000000
  0.00000000   0.00000000     0.00000000   0.00000000     0.24205171   0.00000000
    1    2
 -0.01730409   0.00743261     0.03149605   0.00874387     0.10007755   0.03112869
  0.03149605   0.00874387     0.01906441   0.01752916    -0.05777980  -0.01797216
  0.07156300   0.02337525    -0.04131692  -0.01349571     0.04321435   0.05884127
    1    3
 -0.01730409   0.00743261     0.03149605   0.00874387    -0.10007755  -0.03112869
  0.03149605   0.00874387     0.01906441   0.01752916     0.05777980   0.01797216
 -0.07156300  -0.02337525     0.04131692   0.01349571     0.04321435   0.05884127
    2    1
 -0.01730409  -0.00743261     0.03149605  -0.00874387     0.07156300  -0.02337525
  0.03149605  -0.00874387     0.01906441  -0.01752916    -0.04131692   0.01349571
  0.10007755  -0.03112869    -0.05777980   0.01797216     0.04321435  -0.05884127
    2    2
  0.18228973   0.00000000    -0.03234429   0.00000000     0.00994036   0.00043111
 -0.03234429   0.00000000     0.14494176   0.00000000    -0.00573907  -0.00024890
  0.00994036  -0.00043111    -0.00573907   0.00024890     0.22252218   0.00000000
    2    3
  0.00230253   0.00000000    -0.01662288   0.00000000    -0.01197287  -0.00689072
 -0.01662288   0.00000000    -0.01689192   0.00000000     0.00691254   0.00397836
  0.01197287  -0.00689072    -0.00691254   0.00397836    -0.04037571   0.00000000
    3    1
 -0.01730409  -0.00743261     0.03149605  -0.00874387    -0.07156300   0.02337525
  0.03149605  -0.00874387     0.01906441  -0.01752916     0.04131692  -0.01349571
 -0.10007755   0.03112869     0.05777980  -0.01797216     0.04321435  -0.05884127
    3    2
  0.00230253   0.00000000    -0.01662288   0.00000000     0.01197287   0.00689072
 -0.01662288   0.00000000    -0.01689192   0.00000000    -0.00691254  -0.00397836
 -0.01197287   0.00689072     0.00691254  -0.00397836    -0.04037571   0.00000000
    3    3
  0.18228973   0.00000000    -0.03234429   0.00000000    -0.00994036  -0.00043111
 -0.03234429   0.00000000     0.14494176   0.00000000     0.00573907   0.00024890
 -0.00994036   0.00043111     0.00573907  -0.00024890     0.22252218   0.00000000

     Dynamical  Matrix in cartesian axes

     q = (   -0.416666667   0.240562612   0.000000000 ) 

    1    1
  0.18725258   0.00000000     0.00413361   0.00000000     0.00000000   0.00000000
  0.00413361   0.00000000     0.19202566   0.00000000     0.00000000   0.00000000
  0.00000000   0.00000000     0.00000000   0.00000000     0.24205171   0.00000000
    1    2
 -0.01730409  -0.00743261     0.03149605  -0.00874387     0.10007755  -0.03112869
  0.03149605  -0.00874387     0.01906441  -0.01752916    -0.05777980   0.01797216
  0.07156300  -0.02337525    -0.04131692   0.01349571     0.04321435  -0.05884127
    1    3
 -0.01730409  -0.00743261     0.03149605  -0.00874387    -0.10007755   0.03112869
  0.03149605  -0.00874387     0.01906441  -0.01752916     0.05777980  -0.01797216
 -0.07156300   0.02337525     0.04131692  -0.01349571     0.04321435  -0.05884127
    2    1
 -0.01730409   0.00743261     0.03149605   0.00874387     0.07156300   0.02337525
  0.03149605   0.00874387     0.01906441   0.01752916    -0.04131692  -0.01349571
  0.10007755   0.03112869    -0.05777980  -0.01797216     0.04321435   0.05884127
    2    2
  0.18228973   0.00000000    -0.03234429   0.00000000     0.00994036  -0.00043111
 -0.03234429   0.00000000     0.14494176   0.00000000    -0.00573907   0.00024890
  0.00994036   0.00043111    -0.00573907  -0.00024890     0.22252218   0.00000000
    2    3
  0.00230253   0.00000000    -0.01662288   0.00000000    -0.01197287   0.00689072
 -0.01662288   0.00000000    -0.01689192   0.00000000     0.00691254  -0.00397836
  0.01197287   0.00689072    -0.00691254  -0.00397836    -0.04037571   0.00000000
    3    1
 -0.01730409   0.00743261     0.03149605   0.00874387    -0.07156300  -0.02337525
  0.03149605   0.00874387     0.01906441   0.01752916     0.04131692   0.01349571
 -0.10007755  -0.03112869     0.05777980   0.01797216     0.04321435   0.05884127
    3    2
  0.00230253   0.00000000    -0.01662288   0.00000000     0.01197287  -0.00689072
 -0.01662288   0.00000000    -0.01689192   0.00000000    -0.00691254   0.00397836
 -0.01197287  -0.00689072     0.00691254   0.00397836    -0.04037571   0.00000000
    3    3
  0.18228973   0.00000000    -0.03234429   0.00000000    -0.00994036   0.00043111
 -0.03234429   0.00000000     0.14494176   0.00000000     0.00573907  -0.00024890
 -0.00994036  -0.00043111     0.00573907   0.00024890     0.22252218   0.00000000

     Dynamical  Matrix in cartesian axes

     q = (   -0.416666667  -0.240562612   0.000000000 ) 

    1    1
  0.18725258   0.00000000    -0.00413361   0.00000000     0.00000000   0.00000000
 -0.00413361   0.00000000     0.19202566   0.00000000     0.00000000   0.00000000
  0.00000000   0.00000000     0.00000000   0.00000000     0.24205171   0.00000000
    1    2
  0.01126948  -0.01508888     0.03164831  -0.00817561     0.10223404  -0.02308054
  0.03164831  -0.00817561    -0.02527484  -0.00564849     0.05902485  -0.01332556
  0.07366300  -0.01553794     0.04252935  -0.00897083    -0.06684536  -0.02935086
    1    3
  0.01126948  -0.01508888     0.03164831  -0.00817561    -0.10223404   0.02308054
  0.03164831  -0.00817561    -0.02527484  -0.00564849    -0.05902485   0.01332556
 -0.07366300   0.01553794    -0.04252935   0.00897083    -0.06684536  -0.02935086
    2    1
  0.01126948   0.01508888     0.03164831   0.00817561     0.07366300   0.01553794
  0.03164831   0.00817561    -0.02527484   0.00564849     0.04252935   0.00897083
  0.10223404   0.02308054     0.05902485   0.01332556    -0.06684536   0.02935086
    2    2
  0.18228973   0.00000000     0.03234429   0.00000000    -0.00994036  -0.00043111
  0.03234429   0.00000000     0.14494176   0.00000000    -0.00573907  -0.00024890
 -0.00994036   0.00043111    -0.00573907   0.00024890     0.22252218   0.00000000
    2    3
  0.00230253   0.00000000     0.01662288   0.00000000     0.01197287   0.00689072
  0.01662288   0.00000000    -0.01689192   0.00000000     0.00691254   0.00397836
 -0.01197287   0.00689072    -0.00691254   0.00397836    -0.04037571   0.00000000
    3    1
  0.01126948   0.01508888     0.03164831   0.00817561    -0.07366300  -0.01553794
  0.03164831   0.00817561    -0.02527484   0.00564849    -0.04252935  -0.00897083
 -0.10223404  -0.02308054    -0.05902485  -0.01332556    -0.06684536   0.02935086
    3    2
  0.00230253   0.00000000     0.01662288   0.00000000    -0.01197287  -0.00689072
  0.01662288   0.00000000    -0.01689192   0.00000000    -0.00691254  -0.00397836
  0.01197287  -0.00689072     0.00691254  -0.00397836    -0.04037571   0.00000000
    3    3
  0.18228973   0.00000000     0.03234429   0.00000000     0.00994036   0.00043111
  0.03234429   0.00000000     0.14494176   0.00000000     0.00573907   0.00024890
  0.00994036  -0.00043111     0.00573907  -0.00024890     0.22252218   0.00000000

     Dynamical  Matrix in cartesian axes

     q = (    0.416666667   0.240562612   0.000000000 ) 

    1    1
  0.18725258   0.00000000    -0.00413361   0.00000000     0.00000000   0.00000000
 -0.00413361   0.00000000     0.19202566   0.00000000     0.00000000   0.00000000
  0.00000000   0.00000000     0.00000000   0.00000000     0.24205171   0.00000000
    1    2
  0.01126948   0.01508888     0.03164831   0.00817561     0.10223404   0.02308054
  0.03164831   0.00817561    -0.02527484   0.00564849     0.05902485   0.01332556
  0.07366300   0.01553794     0.04252935   0.00897083    -0.06684536   0.02935086
    1    3
  0.01126948   0.01508888     0.03164831   0.00817561    -0.10223404  -0.02308054
  0.03164831   0.00817561    -0.02527484   0.00564849    -0.05902485  -0.01332556
 -0.07366300  -0.01553794    -0.04252935  -0.00897083    -0.06684536   0.02935086
    2    1
  0.01126948  -0.01508888     0.03164831  -0.00817561     0.07366300  -0.01553794
  0.03164831  -0.00817561    -0.02527484  -0.00564849     0.04252935  -0.00897083
  0.10223404  -0.02308054     0.05902485  -0.01332556    -0.06684536  -0.02935086
    2    2
  0.18228973   0.00000000     0.03234429   0.00000000    -0.00994036   0.00043111
  0.03234429   0.00000000     0.14494176   0.00000000    -0.00573907   0.00024890
 -0.00994036  -0.00043111    -0.00573907  -0.00024890     0.22252218   0.00000000
    2    3
  0.00230253   0.00000000     0.01662288   0.00000000     0.01197287  -0.00689072
  0.01662288   0.00000000    -0.01689192   0.00000000     0.00691254  -0.00397836
 -0.01197287  -0.00689072    -0.00691254  -0.00397836    -0.04037571   0.00000000
    3    1
  0.01126948  -0.01508888     0.03164831  -0.00817561    -0.07366300   0.01553794
  0.03164831  -0.00817561    -0.02527484  -0.00564849    -0.04252935   0.00897083
 -0.10223404   0.02308054    -0.05902485   0.01332556    -0.06684536  -0.02935086
    3    2
  0.00230253   0.00000000     0.01662288   0.00000000    -0.01197287   0.00689072
  0.01662288   0.00000000    -0.01689192   0.00000000    -0.00691254   0.00397836
  0.01197287   0.00689072     0.00691254   0.00397836    -0.04037571   0.00000000
    3    3
  0.18228973   0.00000000     0.03234429   0.00000000     0.00994036  -0.00043111
  0.03234429   0.00000000     0.14494176   0.00000000     0.00573907  -0.00024890
  0.00994036   0.00043111     0.00573907   0.00024890     0.22252218   0.00000000

     Diagonalizing the dynamical matrix

     q = (    0.000000000   0.481125224   0.000000000 ) 

 **************************************************************************
     freq (    1) =       2.335470 [THz] =      77.902897 [cm-1]
 (  0.000000 -0.000000  0.758422 -0.172624  0.000000  0.000000 ) 
 ( -0.000000 -0.000000 -0.181430 -0.067159  0.400089 -0.000000 ) 
 (  0.000000 -0.000000 -0.181430 -0.067159 -0.400089  0.000000 ) 
     freq (    2) =       3.090024 [THz] =     103.072095 [cm-1]
 ( -0.000000  0.000000 -0.000000  0.000000  0.624164  0.298806 ) 
 (  0.000000  0.000000  0.297178  0.239714  0.338806 -0.000000 ) 
 (  0.000000 -0.000000 -0.297178 -0.239714  0.338806  0.000000 ) 
     freq (    3) =       4.024438 [THz] =     134.240802 [cm-1]
 ( -0.539855  0.401880  0.000000  0.000000 -0.000000 -0.000000 ) 
 ( -0.412766  0.321168 -0.000000  0.000000  0.000000  0.000000 ) 
 ( -0.412766  0.321168 -0.000000  0.000000 -0.000000  0.000000 ) 
     freq (    4) =       6.753454 [THz] =     225.270978 [cm-1]
 (  0.354454  0.009880 -0.000000  0.000000 -0.000000 -0.000000 ) 
 ( -0.661146 -0.004332 -0.000000 -0.000000  0.000000 -0.000000 ) 
 ( -0.661146 -0.004332 -0.000000 -0.000000  0.000000  0.000000 ) 
     freq (    5) =       7.521920 [THz] =     250.904229 [cm-1]
 ( -0.000000 -0.000000 -0.000000  0.000000  0.000000  0.000000 ) 
 ( -0.619291 -0.341290 -0.000000 -0.000000  0.000000  0.000000 ) 
 (  0.619291  0.341290  0.000000 -0.000000  0.000000  0.000000 ) 
     freq (    6) =       8.401769 [THz] =     280.252839 [cm-1]
 ( -0.000000 -0.000000  0.000000 -0.000000  0.017975  0.042458 ) 
 ( -0.000000 -0.000000  0.371691  0.196797 -0.567498 -0.000000 ) 
 (  0.000000  0.000000 -0.371691 -0.196797 -0.567498  0.000000 ) 
     freq (    7) =       8.986145 [THz] =     299.745528 [cm-1]
 ( -0.000000 -0.000000 -0.128042  0.047661  0.000000  0.000000 ) 
 (  0.000000 -0.000000 -0.684458 -0.141202  0.047397  0.000000 ) 
 ( -0.000000  0.000000 -0.684458 -0.141202 -0.047397  0.000000 ) 
     freq (    8) =       9.396341 [THz] =     313.428187 [cm-1]
 (  0.000000 -0.000000  0.000000 -0.000000  0.320968  0.092624 ) 
 (  0.000000  0.000000 -0.501867 -0.219087 -0.379909 -0.000000 ) 
 ( -0.000000 -0.000000  0.501867  0.219087 -0.379909  0.000000 ) 
     freq (    9) =      10.660171 [THz] =     355.585021 [cm-1]
 ( -0.000000 -0.000000  0.217683 -0.048184  0.000000 -0.000000 ) 
 (  0.000000  0.000000 -0.104705 -0.030503 -0.680627 -0.000000 ) 
 ( -0.000000  0.000000 -0.104705 -0.030503  0.680627  0.000000 ) 
 **************************************************************************
