Dynamical matrix file
NbS2                                                                       
  2    3   4   6.3305825   0.0000000   5.9701493   0.0000000   0.0000000   0.0000000
           1  'Nb  '    84678.6388502528     
           2  'S   '    29220.9024340635     
    1    1     -0.0000000001      0.5773502692      2.9850746269
    2    2      0.5000000001      0.2886751346      2.5187955594
    3    2      0.5000000001      0.2886751346      3.4513536943

     Dynamical  Matrix in cartesian axes

     q = (    0.000000000  -0.577350269   0.000000000 ) 

    1    1
  0.20176457   0.00000000    -0.00000000   0.00000000     0.00000000   0.00000000
 -0.00000000   0.00000000     0.19592440   0.00000000     0.00000000   0.00000000
  0.00000000   0.00000000     0.00000000   0.00000000     0.23201495   0.00000000
    1    2
 -0.04040160   0.00000000     0.00000000   0.00000000     0.00000000   0.00000000
  0.00000000   0.00000000     0.03269955   0.00000000    -0.12457851   0.00000000
  0.00000000   0.00000000    -0.09028192   0.00000000    -0.05922912   0.00000000
    1    3
 -0.04040160   0.00000000     0.00000000   0.00000000     0.00000000   0.00000000
  0.00000000   0.00000000     0.03269955   0.00000000     0.12457851   0.00000000
  0.00000000   0.00000000     0.09028192   0.00000000    -0.05922912   0.00000000
    2    1
 -0.04040160   0.00000000     0.00000000   0.00000000     0.00000000   0.00000000
  0.00000000   0.00000000     0.03269955   0.00000000    -0.09028192   0.00000000
  0.00000000   0.00000000    -0.12457851   0.00000000    -0.05922912   0.00000000
    2    2
  0.12830549   0.00000000    -0.00000000   0.00000000     0.00000000   0.00000000
 -0.00000000   0.00000000     0.20897670   0.00000000     0.01213342   0.00000000
  0.00000000   0.00000000     0.01213342   0.00000000     0.22008572   0.00000000
    2    3
 -0.02662267   0.00000000     0.00000000   0.00000000     0.00000000   0.00000000
  0.00000000   0.00000000     0.01197875   0.00000000    -0.01566239   0.00000000
  0.00000000   0.00000000     0.01566239   0.00000000    -0.03800816   0.00000000
    3    1
 -0.04040160   0.00000000     0.00000000   0.00000000     0.00000000   0.00000000
  0.00000000   0.00000000     0.03269955   0.00000000     0.09028192   0.00000000
  0.00000000   0.00000000     0.12457851   0.00000000    -0.05922912   0.00000000
    3    2
 -0.02662267   0.00000000     0.00000000   0.00000000     0.00000000   0.00000000
  0.00000000   0.00000000     0.01197875   0.00000000     0.01566239   0.00000000
  0.00000000   0.00000000    -0.01566239   0.00000000    -0.03800816   0.00000000
    3    3
  0.12830549   0.00000000    -0.00000000   0.00000000     0.00000000   0.00000000
 -0.00000000   0.00000000     0.20897670   0.00000000    -0.01213342   0.00000000
  0.00000000   0.00000000    -0.01213342   0.00000000     0.22008572   0.00000000

     Dynamical  Matrix in cartesian axes

     q = (   -0.500000000   0.288675135   0.000000000 ) 

    1    1
  0.19738445   0.00000000     0.00252887   0.00000000     0.00000000   0.00000000
  0.00252887   0.00000000     0.20030453   0.00000000     0.00000000   0.00000000
  0.00000000   0.00000000     0.00000000   0.00000000     0.23201495   0.00000000
    1    2
 -0.01442426  -0.00000000     0.03165373   0.00000000     0.10788815   0.00000000
  0.03165373   0.00000000     0.02212631   0.00000000    -0.06228925  -0.00000000
  0.07818644   0.00000000    -0.04514096  -0.00000000     0.05922912   0.00000000
    1    3
 -0.01442426  -0.00000000     0.03165373   0.00000000    -0.10788815  -0.00000000
  0.03165373   0.00000000     0.02212631   0.00000000     0.06228925   0.00000000
 -0.07818644  -0.00000000     0.04514096   0.00000000     0.05922912   0.00000000
    2    1
 -0.01442426   0.00000000     0.03165373  -0.00000000     0.07818644  -0.00000000
  0.03165373  -0.00000000     0.02212631  -0.00000000    -0.04514096   0.00000000
  0.10788815  -0.00000000    -0.06228925   0.00000000     0.05922912  -0.00000000
    2    2
  0.18880890   0.00000000    -0.03493166   0.00000000     0.01050785   0.00000000
 -0.03493166   0.00000000     0.14847329   0.00000000    -0.00606671   0.00000000
  0.01050785   0.00000000    -0.00606671   0.00000000     0.22008572   0.00000000
    2    3
  0.00232840   0.00000000    -0.01671491   0.00000000    -0.01356403   0.00000000
 -0.01671491   0.00000000    -0.01697231   0.00000000     0.00783120   0.00000000
  0.01356403   0.00000000    -0.00783120   0.00000000    -0.03800816   0.00000000
    3    1
 -0.01442426   0.00000000     0.03165373  -0.00000000    -0.07818644   0.00000000
  0.03165373  -0.00000000     0.02212631  -0.00000000     0.04514096  -0.00000000
 -0.10788815   0.00000000     0.06228925  -0.00000000     0.05922912  -0.00000000
    3    2
  0.00232840   0.00000000    -0.01671491   0.00000000     0.01356403   0.00000000
 -0.01671491   0.00000000    -0.01697231   0.00000000    -0.00783120   0.00000000
 -0.01356403   0.00000000     0.00783120   0.00000000    -0.03800816   0.00000000
    3    3
  0.18880890   0.00000000    -0.03493166   0.00000000    -0.01050785   0.00000000
 -0.03493166   0.00000000     0.14847329   0.00000000     0.00606671   0.00000000
 -0.01050785   0.00000000     0.00606671   0.00000000     0.22008572   0.00000000

     Dynamical  Matrix in cartesian axes

     q = (    0.500000000   0.288675135   0.000000000 ) 

    1    1
  0.19738445   0.00000000    -0.00252887   0.00000000     0.00000000   0.00000000
 -0.00252887   0.00000000     0.20030453   0.00000000     0.00000000   0.00000000
  0.00000000   0.00000000     0.00000000   0.00000000     0.23201495   0.00000000
    1    2
  0.01442426  -0.00000000     0.03165373  -0.00000000     0.10788815  -0.00000000
  0.03165373  -0.00000000    -0.02212631   0.00000000     0.06228925  -0.00000000
  0.07818644  -0.00000000     0.04514096  -0.00000000    -0.05922912   0.00000000
    1    3
  0.01442426  -0.00000000     0.03165373  -0.00000000    -0.10788815   0.00000000
  0.03165373  -0.00000000    -0.02212631   0.00000000    -0.06228925   0.00000000
 -0.07818644   0.00000000    -0.04514096   0.00000000    -0.05922912   0.00000000
    2    1
  0.01442426   0.00000000     0.03165373   0.00000000     0.07818644   0.00000000
  0.03165373   0.00000000    -0.02212631  -0.00000000     0.04514096   0.00000000
  0.10788815   0.00000000     0.06228925   0.00000000    -0.05922912  -0.00000000
    2    2
  0.18880890   0.00000000     0.03493166   0.00000000    -0.01050785   0.00000000
  0.03493166   0.00000000     0.14847329   0.00000000    -0.00606671   0.00000000
 -0.01050785   0.00000000    -0.00606671   0.00000000     0.22008572   0.00000000
    2    3
  0.00232840   0.00000000     0.01671491   0.00000000     0.01356403   0.00000000
  0.01671491   0.00000000    -0.01697231   0.00000000     0.00783120   0.00000000
 -0.01356403   0.00000000    -0.00783120   0.00000000    -0.03800816   0.00000000
    3    1
  0.01442426   0.00000000     0.03165373   0.00000000    -0.07818644  -0.00000000
  0.03165373   0.00000000    -0.02212631  -0.00000000    -0.04514096  -0.00000000
 -0.10788815  -0.00000000    -0.06228925  -0.00000000    -0.05922912  -0.00000000
    3    2
  0.00232840   0.00000000     0.01671491   0.00000000    -0.01356403   0.00000000
  0.01671491   0.00000000    -0.01697231   0.00000000    -0.00783120   0.00000000
  0.01356403   0.00000000     0.00783120   0.00000000    -0.03800816   0.00000000
    3    3
  0.18880890   0.00000000     0.03493166   0.00000000     0.01050785   0.00000000
  0.03493166   0.00000000     0.14847329   0.00000000     0.00606671   0.00000000
  0.01050785   0.00000000     0.00606671   0.00000000     0.22008572   0.00000000

     Diagonalizing the dynamical matrix

     q = (    0.000000000  -0.577350269   0.000000000 ) 

 **************************************************************************
     freq (    1) =       2.422610 [THz] =      80.809567 [cm-1]
 ( -0.000000  0.000000 -0.768409  0.000000  0.000000  0.000000 ) 
 ( -0.000000  0.000000  0.178835  0.000000 -0.415682  0.000000 ) 
 ( -0.000000  0.000000  0.178835  0.000000  0.415682  0.000000 ) 
     freq (    2) =       3.308358 [THz] =     110.354960 [cm-1]
 (  0.000000  0.000000  0.000000  0.000000  0.721433  0.000000 ) 
 (  0.000000  0.000000  0.395069  0.000000  0.289287  0.000000 ) 
 (  0.000000  0.000000 -0.395069  0.000000  0.289287  0.000000 ) 
     freq (    3) =       4.236574 [THz] =     141.316912 [cm-1]
 ( -0.681610  0.000000  0.000000  0.000000  0.000000  0.000000 ) 
 ( -0.517401  0.000000 -0.000000  0.000000  0.000000  0.000000 ) 
 ( -0.517401  0.000000 -0.000000  0.000000 -0.000000  0.000000 ) 
     freq (    4) =       6.745495 [THz] =     225.005480 [cm-1]
 (  0.347378  0.000000  0.000000  0.000000  0.000000  0.000000 ) 
 ( -0.663072  0.000000 -0.000000  0.000000 -0.000000  0.000000 ) 
 ( -0.663072  0.000000  0.000000  0.000000 -0.000000  0.000000 ) 
     freq (    5) =       7.575188 [THz] =     252.681062 [cm-1]
 ( -0.000000  0.000000  0.000000  0.000000  0.000000  0.000000 ) 
 (  0.707107  0.000000 -0.000000  0.000000 -0.000000  0.000000 ) 
 ( -0.707107  0.000000 -0.000000  0.000000 -0.000000  0.000000 ) 
     freq (    6) =       8.364330 [THz] =     279.004029 [cm-1]
 (  0.000000  0.000000  0.000000  0.000000 -0.053335  0.000000 ) 
 (  0.000000  0.000000 -0.319836  0.000000  0.629510  0.000000 ) 
 ( -0.000000  0.000000  0.319836  0.000000  0.629510  0.000000 ) 
     freq (    7) =       9.122615 [THz] =     304.297692 [cm-1]
 (  0.000000  0.000000  0.137328  0.000000  0.000000  0.000000 ) 
 (  0.000000  0.000000  0.697107  0.000000 -0.067913  0.000000 ) 
 ( -0.000000  0.000000  0.697107  0.000000  0.067913  0.000000 ) 
     freq (    8) =       9.442045 [THz] =     314.952726 [cm-1]
 ( -0.000000  0.000000 -0.000000  0.000000  0.308062  0.000000 ) 
 (  0.000000  0.000000 -0.614266  0.000000 -0.274274  0.000000 ) 
 (  0.000000  0.000000  0.614266  0.000000 -0.274274  0.000000 ) 
     freq (    9) =      10.648218 [THz] =     355.186309 [cm-1]
 (  0.000000  0.000000 -0.230956  0.000000 -0.000000  0.000000 ) 
 ( -0.000000  0.000000  0.131708  0.000000  0.675265  0.000000 ) 
 ( -0.000000  0.000000  0.131708  0.000000 -0.675265  0.000000 ) 
 **************************************************************************
