Dynamical matrix file
NbS2                                                                       
  2    3   4   6.3305825   0.0000000   5.9701493   0.0000000   0.0000000   0.0000000
           1  'Nb  '    84678.6388502528     
           2  'S   '    29220.9024340635     
    1    1     -0.0000000001      0.5773502692      2.9850746269
    2    2      0.5000000001      0.2886751346      2.5187955594
    3    2      0.5000000001      0.2886751346      3.4513536943

     Dynamical  Matrix in cartesian axes

     q = (    0.083333333   0.144337567   0.000000000 ) 

    1    1
  0.19026767   0.00000000    -0.00493149  -0.00283252     0.00000000   0.00000000
 -0.00493149   0.00283252     0.18457327   0.00000000     0.00000000   0.00000000
  0.00000000   0.00000000     0.00000000   0.00000000     0.36987746   0.00000000
    1    2
 -0.08388522   0.01635395     0.00705498   0.01100227     0.01062052   0.02449319
  0.00705498   0.00788164    -0.07573884  -0.01635395    -0.00613176   0.04242345
  0.00680311   0.01951086    -0.00392778   0.03379380    -0.17887584   0.00000000
    1    3
 -0.08388522   0.01635395     0.00705498   0.01100227    -0.01062052  -0.02449319
  0.00705498   0.00788164    -0.07573884  -0.01635395     0.00613176  -0.04242345
 -0.00680311  -0.01951086     0.00392778  -0.03379380    -0.17887584   0.00000000
    2    1
 -0.08388522  -0.01635395     0.00705498  -0.00788164     0.00680311  -0.01951086
  0.00705498  -0.01100227    -0.07573884   0.01635395    -0.00392778  -0.03379380
  0.01062052  -0.02449319    -0.00613176  -0.04242345    -0.17887584  -0.00000000
    2    2
  0.11099912   0.00000000     0.00429062  -0.00036202    -0.00326266  -0.00042156
  0.00429062   0.00036202     0.11595350   0.00000000     0.00188370  -0.00073016
 -0.00326266   0.00042156     0.00188370   0.00073016     0.25679891   0.00000000
    2    3
 -0.00506246   0.00000000     0.00310910   0.00127458     0.00271852  -0.00353576
  0.00310910  -0.00127458    -0.00147238   0.00000000    -0.00156954  -0.00612412
 -0.00271852  -0.00353576     0.00156954  -0.00612412    -0.06033599   0.00000000
    3    1
 -0.08388522  -0.01635395     0.00705498  -0.00788164    -0.00680311   0.01951086
  0.00705498  -0.01100227    -0.07573884   0.01635395     0.00392778   0.03379380
 -0.01062052   0.02449319     0.00613176   0.04242345    -0.17887584  -0.00000000
    3    2
 -0.00506246   0.00000000     0.00310910   0.00127458    -0.00271852   0.00353576
  0.00310910  -0.00127458    -0.00147238   0.00000000     0.00156954   0.00612412
  0.00271852   0.00353576    -0.00156954   0.00612412    -0.06033599   0.00000000
    3    3
  0.11099912   0.00000000     0.00429062  -0.00036202     0.00326266   0.00042156
  0.00429062   0.00036202     0.11595350   0.00000000    -0.00188370   0.00073016
  0.00326266  -0.00042156    -0.00188370  -0.00073016     0.25679891   0.00000000

     Dynamical  Matrix in cartesian axes

     q = (   -0.083333333   0.144337567   0.000000000 ) 

    1    1
  0.19026767   0.00000000     0.00493149   0.00283252     0.00000000   0.00000000
  0.00493149  -0.00283252     0.18457327   0.00000000     0.00000000   0.00000000
  0.00000000   0.00000000     0.00000000   0.00000000     0.36987746   0.00000000
    1    2
 -0.08082371  -0.02777968    -0.00060865  -0.01305573     0.00304896  -0.02652199
 -0.00216897  -0.01035319    -0.05741479  -0.05203236    -0.02652199   0.03367391
  0.00386376  -0.02029845    -0.02029845   0.02730240    -0.15491102  -0.08943792
    1    3
 -0.08082371  -0.02777968    -0.00060865  -0.01305573    -0.00304896   0.02652199
 -0.00216897  -0.01035319    -0.05741479  -0.05203236     0.02652199  -0.03367391
 -0.00386376   0.02029845     0.02029845  -0.02730240    -0.15491102  -0.08943792
    2    1
 -0.08082371   0.02777968    -0.00216897   0.01035319     0.00386376   0.02029845
 -0.00060865   0.01305573    -0.05741479   0.05203236    -0.02029845  -0.02730240
  0.00304896   0.02652199    -0.02652199  -0.03367391    -0.15491102   0.08943792
    2    2
  0.11099912   0.00000000    -0.00429062   0.00036202     0.00326266   0.00042156
 -0.00429062  -0.00036202     0.11595350   0.00000000     0.00188370  -0.00073016
  0.00326266  -0.00042156     0.00188370   0.00073016     0.25679891   0.00000000
    2    3
 -0.00506246   0.00000000    -0.00310910  -0.00127458    -0.00271852   0.00353576
 -0.00310910   0.00127458    -0.00147238   0.00000000    -0.00156954  -0.00612412
  0.00271852   0.00353576     0.00156954  -0.00612412    -0.06033599   0.00000000
    3    1
 -0.08082371   0.02777968    -0.00216897   0.01035319    -0.00386376  -0.02029845
 -0.00060865   0.01305573    -0.05741479   0.05203236     0.02029845   0.02730240
 -0.00304896  -0.02652199     0.02652199   0.03367391    -0.15491102   0.08943792
    3    2
 -0.00506246   0.00000000    -0.00310910  -0.00127458     0.00271852  -0.00353576
 -0.00310910   0.00127458    -0.00147238   0.00000000     0.00156954   0.00612412
 -0.00271852  -0.00353576    -0.00156954   0.00612412    -0.06033599   0.00000000
    3    3
  0.11099912   0.00000000    -0.00429062   0.00036202    -0.00326266  -0.00042156
 -0.00429062  -0.00036202     0.11595350   0.00000000    -0.00188370   0.00073016
 -0.00326266   0.00042156    -0.00188370  -0.00073016     0.25679891   0.00000000

     Dynamical  Matrix in cartesian axes

     q = (    0.083333333  -0.144337567   0.000000000 ) 

    1    1
  0.19026767   0.00000000     0.00493149  -0.00283252     0.00000000   0.00000000
  0.00493149   0.00283252     0.18457327   0.00000000     0.00000000   0.00000000
  0.00000000   0.00000000     0.00000000   0.00000000     0.36987746   0.00000000
    1    2
 -0.08082371   0.02777968    -0.00060865   0.01305573     0.00304896   0.02652199
 -0.00216897   0.01035319    -0.05741479   0.05203236    -0.02652199  -0.03367391
  0.00386376   0.02029845    -0.02029845  -0.02730240    -0.15491102   0.08943792
    1    3
 -0.08082371   0.02777968    -0.00060865   0.01305573    -0.00304896  -0.02652199
 -0.00216897   0.01035319    -0.05741479   0.05203236     0.02652199   0.03367391
 -0.00386376  -0.02029845     0.02029845   0.02730240    -0.15491102   0.08943792
    2    1
 -0.08082371  -0.02777968    -0.00216897  -0.01035319     0.00386376  -0.02029845
 -0.00060865  -0.01305573    -0.05741479  -0.05203236    -0.02029845   0.02730240
  0.00304896  -0.02652199    -0.02652199   0.03367391    -0.15491102  -0.08943792
    2    2
  0.11099912   0.00000000    -0.00429062  -0.00036202     0.00326266  -0.00042156
 -0.00429062   0.00036202     0.11595350   0.00000000     0.00188370   0.00073016
  0.00326266   0.00042156     0.00188370  -0.00073016     0.25679891   0.00000000
    2    3
 -0.00506246   0.00000000    -0.00310910   0.00127458    -0.00271852  -0.00353576
 -0.00310910  -0.00127458    -0.00147238   0.00000000    -0.00156954   0.00612412
  0.00271852  -0.00353576     0.00156954   0.00612412    -0.06033599   0.00000000
    3    1
 -0.08082371  -0.02777968    -0.00216897  -0.01035319    -0.00386376   0.02029845
 -0.00060865  -0.01305573    -0.05741479  -0.05203236     0.02029845  -0.02730240
 -0.00304896   0.02652199     0.02652199  -0.03367391    -0.15491102  -0.08943792
    3    2
 -0.00506246   0.00000000    -0.00310910   0.00127458     0.00271852   0.00353576
 -0.00310910  -0.00127458    -0.00147238   0.00000000     0.00156954  -0.00612412
 -0.00271852   0.00353576    -0.00156954  -0.00612412    -0.06033599   0.00000000
    3    3
  0.11099912   0.00000000    -0.00429062  -0.00036202    -0.00326266   0.00042156
 -0.00429062   0.00036202     0.11595350   0.00000000    -0.00188370  -0.00073016
 -0.00326266  -0.00042156    -0.00188370   0.00073016     0.25679891   0.00000000

     Dynamical  Matrix in cartesian axes

     q = (   -0.166666667   0.000000000   0.000000000 ) 

    1    1
  0.18172607   0.00000000    -0.00000000  -0.00283252     0.00000000   0.00000000
 -0.00000000   0.00283252     0.19311487   0.00000000     0.00000000   0.00000000
  0.00000000   0.00000000     0.00000000   0.00000000     0.36987746   0.00000000
    1    2
 -0.06206427  -0.03583282     0.00866180  -0.01500268     0.02449319  -0.04242345
  0.01022211  -0.01770522    -0.07617422  -0.04397921     0.01062052   0.00613176
  0.01951086  -0.03379380     0.00680311   0.00392778    -0.15491102  -0.08943792
    1    3
 -0.06206427  -0.03583282     0.00866180  -0.01500268    -0.02449319   0.04242345
  0.01022211  -0.01770522    -0.07617422  -0.04397921    -0.01062052  -0.00613176
 -0.01951086   0.03379380    -0.00680311  -0.00392778    -0.15491102  -0.08943792
    2    1
 -0.06206427   0.03583282     0.01022211   0.01770522     0.01951086   0.03379380
  0.00866180   0.01500268    -0.07617422   0.04397921     0.00680311  -0.00392778
  0.02449319   0.04242345     0.01062052  -0.00613176    -0.15491102   0.08943792
    2    2
  0.11843070   0.00000000    -0.00000000  -0.00036202     0.00000000   0.00084312
 -0.00000000   0.00036202     0.10852192   0.00000000    -0.00376740  -0.00000000
  0.00000000  -0.00084312    -0.00376740   0.00000000     0.25679891   0.00000000
    2    3
  0.00032267   0.00000000    -0.00000000   0.00127458     0.00000000   0.00707152
 -0.00000000  -0.00127458    -0.00685750   0.00000000     0.00313908  -0.00000000
  0.00000000   0.00707152    -0.00313908  -0.00000000    -0.06033599   0.00000000
    3    1
 -0.06206427   0.03583282     0.01022211   0.01770522    -0.01951086  -0.03379380
  0.00866180   0.01500268    -0.07617422   0.04397921    -0.00680311   0.00392778
 -0.02449319  -0.04242345    -0.01062052   0.00613176    -0.15491102   0.08943792
    3    2
  0.00032267   0.00000000    -0.00000000   0.00127458     0.00000000  -0.00707152
 -0.00000000  -0.00127458    -0.00685750   0.00000000    -0.00313908   0.00000000
  0.00000000  -0.00707152     0.00313908   0.00000000    -0.06033599   0.00000000
    3    3
  0.11843070   0.00000000    -0.00000000  -0.00036202     0.00000000  -0.00084312
 -0.00000000   0.00036202     0.10852192   0.00000000     0.00376740   0.00000000
  0.00000000   0.00084312     0.00376740  -0.00000000     0.25679891   0.00000000

     Dynamical  Matrix in cartesian axes

     q = (   -0.083333333  -0.144337567   0.000000000 ) 

    1    1
  0.19026767   0.00000000    -0.00493149   0.00283252     0.00000000   0.00000000
 -0.00493149  -0.00283252     0.18457327   0.00000000     0.00000000   0.00000000
  0.00000000   0.00000000     0.00000000   0.00000000     0.36987746   0.00000000
    1    2
 -0.08388522  -0.01635395     0.00705498  -0.01100227     0.01062052  -0.02449319
  0.00705498  -0.00788164    -0.07573884   0.01635395    -0.00613176  -0.04242345
  0.00680311  -0.01951086    -0.00392778  -0.03379380    -0.17887584  -0.00000000
    1    3
 -0.08388522  -0.01635395     0.00705498  -0.01100227    -0.01062052   0.02449319
  0.00705498  -0.00788164    -0.07573884   0.01635395     0.00613176   0.04242345
 -0.00680311   0.01951086     0.00392778   0.03379380    -0.17887584  -0.00000000
    2    1
 -0.08388522   0.01635395     0.00705498   0.00788164     0.00680311   0.01951086
  0.00705498   0.01100227    -0.07573884  -0.01635395    -0.00392778   0.03379380
  0.01062052   0.02449319    -0.00613176   0.04242345    -0.17887584   0.00000000
    2    2
  0.11099912   0.00000000     0.00429062   0.00036202    -0.00326266   0.00042156
  0.00429062  -0.00036202     0.11595350   0.00000000     0.00188370   0.00073016
 -0.00326266  -0.00042156     0.00188370  -0.00073016     0.25679891   0.00000000
    2    3
 -0.00506246   0.00000000     0.00310910  -0.00127458     0.00271852   0.00353576
  0.00310910   0.00127458    -0.00147238   0.00000000    -0.00156954   0.00612412
 -0.00271852   0.00353576     0.00156954   0.00612412    -0.06033599   0.00000000
    3    1
 -0.08388522   0.01635395     0.00705498   0.00788164    -0.00680311  -0.01951086
  0.00705498   0.01100227    -0.07573884  -0.01635395     0.00392778  -0.03379380
 -0.01062052  -0.02449319     0.00613176  -0.04242345    -0.17887584   0.00000000
    3    2
 -0.00506246   0.00000000     0.00310910  -0.00127458    -0.00271852  -0.00353576
  0.00310910   0.00127458    -0.00147238   0.00000000     0.00156954  -0.00612412
  0.00271852  -0.00353576    -0.00156954  -0.00612412    -0.06033599   0.00000000
    3    3
  0.11099912   0.00000000     0.00429062   0.00036202     0.00326266  -0.00042156
  0.00429062  -0.00036202     0.11595350   0.00000000    -0.00188370  -0.00073016
  0.00326266   0.00042156    -0.00188370   0.00073016     0.25679891   0.00000000

     Dynamical  Matrix in cartesian axes

     q = (    0.166666667  -0.000000000   0.000000000 ) 

    1    1
  0.18172607   0.00000000    -0.00000000   0.00283252     0.00000000   0.00000000
 -0.00000000  -0.00283252     0.19311487   0.00000000     0.00000000   0.00000000
  0.00000000   0.00000000     0.00000000   0.00000000     0.36987746   0.00000000
    1    2
 -0.06206427   0.03583282     0.00866180   0.01500268     0.02449319   0.04242345
  0.01022211   0.01770522    -0.07617422   0.04397921     0.01062052  -0.00613176
  0.01951086   0.03379380     0.00680311  -0.00392778    -0.15491102   0.08943792
    1    3
 -0.06206427   0.03583282     0.00866180   0.01500268    -0.02449319  -0.04242345
  0.01022211   0.01770522    -0.07617422   0.04397921    -0.01062052   0.00613176
 -0.01951086  -0.03379380    -0.00680311   0.00392778    -0.15491102   0.08943792
    2    1
 -0.06206427  -0.03583282     0.01022211  -0.01770522     0.01951086  -0.03379380
  0.00866180  -0.01500268    -0.07617422  -0.04397921     0.00680311   0.00392778
  0.02449319  -0.04242345     0.01062052   0.00613176    -0.15491102  -0.08943792
    2    2
  0.11843070   0.00000000    -0.00000000   0.00036202     0.00000000  -0.00084312
 -0.00000000  -0.00036202     0.10852192   0.00000000    -0.00376740   0.00000000
  0.00000000   0.00084312    -0.00376740  -0.00000000     0.25679891   0.00000000
    2    3
  0.00032267   0.00000000    -0.00000000  -0.00127458     0.00000000  -0.00707152
 -0.00000000   0.00127458    -0.00685750   0.00000000     0.00313908   0.00000000
  0.00000000  -0.00707152    -0.00313908   0.00000000    -0.06033599   0.00000000
    3    1
 -0.06206427  -0.03583282     0.01022211  -0.01770522    -0.01951086   0.03379380
  0.00866180  -0.01500268    -0.07617422  -0.04397921    -0.00680311  -0.00392778
 -0.02449319   0.04242345    -0.01062052  -0.00613176    -0.15491102  -0.08943792
    3    2
  0.00032267   0.00000000    -0.00000000  -0.00127458     0.00000000   0.00707152
 -0.00000000   0.00127458    -0.00685750   0.00000000    -0.00313908  -0.00000000
  0.00000000   0.00707152     0.00313908  -0.00000000    -0.06033599   0.00000000
    3    3
  0.11843070   0.00000000    -0.00000000   0.00036202     0.00000000   0.00084312
 -0.00000000  -0.00036202     0.10852192   0.00000000     0.00376740  -0.00000000
  0.00000000  -0.00084312     0.00376740   0.00000000     0.25679891   0.00000000

     Diagonalizing the dynamical matrix

     q = (    0.083333333   0.144337567   0.000000000 ) 

 **************************************************************************
     freq (    1) =       0.712323 [THz] =      23.760532 [cm-1]
 ( -0.000000 -0.000000 -0.000000 -0.000000 -0.570960 -0.000000 ) 
 (  0.034356 -0.113759 -0.019836 -0.197037 -0.532601  0.000000 ) 
 ( -0.034356  0.113759  0.019836  0.197037 -0.532601  0.000000 ) 
     freq (    2) =       1.617586 [THz] =      53.956874 [cm-1]
 ( -0.512466  0.035508  0.295872  0.061501 -0.000000  0.000000 ) 
 ( -0.488251 -0.033705  0.281892 -0.058379  0.000981  0.000000 ) 
 ( -0.488251 -0.033705  0.281892 -0.058379 -0.000981  0.000000 ) 
     freq (    3) =       2.610374 [THz] =      87.072713 [cm-1]
 ( -0.069408 -0.335395  0.040073 -0.580921  0.000000  0.000000 ) 
 (  0.051760 -0.251285 -0.029884 -0.435238  0.125145  0.000000 ) 
 (  0.051760 -0.251285 -0.029884 -0.435238 -0.125145  0.000000 ) 
     freq (    4) =       6.539205 [THz] =     218.124395 [cm-1]
 (  0.000000 -0.000000  0.000000  0.000000 -0.018265  0.000000 ) 
 ( -0.610153  0.020658  0.352272  0.035780 -0.041757  0.000000 ) 
 (  0.610153 -0.020658 -0.352272 -0.035780 -0.041757  0.000000 ) 
     freq (    5) =       6.806445 [THz] =     227.038578 [cm-1]
 ( -0.000000 -0.000000  0.000000  0.000000 -0.090114 -0.000000 ) 
 (  0.045443  0.343113 -0.026236  0.594290 -0.149263 -0.000000 ) 
 ( -0.045443 -0.343113  0.026236 -0.594290 -0.149263  0.000000 ) 
     freq (    6) =       7.603374 [THz] =     253.621246 [cm-1]
 ( -0.083141  0.165614  0.048002  0.286852  0.000000  0.000000 ) 
 (  0.240820 -0.299920 -0.139037 -0.519478 -0.058315  0.000000 ) 
 (  0.240820 -0.299920 -0.139037 -0.519478  0.058315  0.000000 ) 
     freq (    7) =       7.724952 [THz] =     257.676666 [cm-1]
 (  0.350159  0.031730 -0.202164  0.054958 -0.000000  0.000000 ) 
 ( -0.491545 -0.149903  0.283793 -0.259639 -0.064863  0.000000 ) 
 ( -0.491545 -0.149903  0.283793 -0.259639  0.064863  0.000000 ) 
     freq (    8) =      10.813291 [THz] =     360.692566 [cm-1]
 (  0.000000  0.000000 -0.000000  0.000000 -0.426788 -0.000000 ) 
 ( -0.015809  0.029320  0.009127  0.050784  0.636517 -0.000000 ) 
 (  0.015809 -0.029320 -0.009127 -0.050784  0.636517  0.000000 ) 
     freq (    9) =      10.958819 [THz] =     365.546852 [cm-1]
 ( -0.026397 -0.046202  0.015241 -0.080024 -0.000000 -0.000000 ) 
 (  0.023048  0.006915 -0.013307  0.011977 -0.703112  0.000000 ) 
 (  0.023048  0.006915 -0.013307  0.011977  0.703112  0.000000 ) 
 **************************************************************************
