Dynamical matrix file
NbS2                                                                       
  2    3   4   6.3305825   0.0000000   5.9701493   0.0000000   0.0000000   0.0000000
           1  'Nb  '    84678.6388502528     
           2  'S   '    29220.9024340635     
    1    1     -0.0000000001      0.5773502692      2.9850746269
    2    2      0.5000000001      0.2886751346      2.5187955594
    3    2      0.5000000001      0.2886751346      3.4513536943

     Dynamical  Matrix in cartesian axes

     q = (    0.083333333   0.240562612   0.000000000 ) 

    1    1
  0.17652361   0.00000000    -0.00744200  -0.00697596     0.00000000   0.00000000
 -0.00744200   0.00697596     0.16513858   0.00000000     0.00000000   0.00000000
  0.00000000   0.00000000     0.00000000   0.00000000     0.33229198   0.00000000
    1    2
 -0.06864711   0.01380035     0.00666356   0.01280299     0.01137386   0.02462427
  0.00769832   0.00892408    -0.03906584  -0.03538790    -0.03126526   0.06272879
  0.00596990   0.01892325    -0.02204152   0.04878434    -0.14996177  -0.02380229
    1    3
 -0.06864711   0.01380035     0.00666356   0.01280299    -0.01137386  -0.02462427
  0.00769832   0.00892408    -0.03906584  -0.03538790     0.03126526  -0.06272879
 -0.00596990  -0.01892325     0.02204152  -0.04878434    -0.14996177  -0.02380229
    2    1
 -0.06864711  -0.01380035     0.00769832  -0.00892408     0.00596990  -0.01892325
  0.00666356  -0.01280299    -0.03906584   0.03538790    -0.02204152  -0.04878434
  0.01137386  -0.02462427    -0.03126526  -0.06272879    -0.14996177   0.02380229
    2    2
  0.11602679   0.00000000     0.00622512   0.00010308    -0.00362016  -0.00012888
  0.00622512  -0.00010308     0.13618450   0.00000000     0.00543547  -0.00041397
 -0.00362016   0.00012888     0.00543547   0.00041397     0.24570217   0.00000000
    2    3
 -0.01425924   0.00000000     0.00488459   0.00419262     0.00383106  -0.00374616
  0.00488459  -0.00419262     0.00004234   0.00000000    -0.00475395  -0.00999796
 -0.00383106  -0.00374616     0.00475395  -0.00999796    -0.05481858   0.00000000
    3    1
 -0.06864711  -0.01380035     0.00769832  -0.00892408    -0.00596990   0.01892325
  0.00666356  -0.01280299    -0.03906584   0.03538790     0.02204152   0.04878434
 -0.01137386   0.02462427     0.03126526   0.06272879    -0.14996177   0.02380229
    3    2
 -0.01425924   0.00000000     0.00488459   0.00419262    -0.00383106   0.00374616
  0.00488459  -0.00419262     0.00004234   0.00000000     0.00475395   0.00999796
  0.00383106   0.00374616    -0.00475395   0.00999796    -0.05481858   0.00000000
    3    3
  0.11602679   0.00000000     0.00622512   0.00010308     0.00362016   0.00012888
  0.00622512  -0.00010308     0.13618450   0.00000000    -0.00543547   0.00041397
  0.00362016  -0.00012888    -0.00543547  -0.00041397     0.24570217   0.00000000

     Dynamical  Matrix in cartesian axes

     q = (   -0.083333333  -0.240562612   0.000000000 ) 

    1    1
  0.17652361   0.00000000    -0.00744200   0.00697596     0.00000000   0.00000000
 -0.00744200  -0.00697596     0.16513858   0.00000000     0.00000000   0.00000000
  0.00000000   0.00000000     0.00000000   0.00000000     0.33229198   0.00000000
    1    2
 -0.06864711  -0.01380035     0.00666356  -0.01280299     0.01137386  -0.02462427
  0.00769832  -0.00892408    -0.03906584   0.03538790    -0.03126526  -0.06272879
  0.00596990  -0.01892325    -0.02204152  -0.04878434    -0.14996177   0.02380229
    1    3
 -0.06864711  -0.01380035     0.00666356  -0.01280299    -0.01137386   0.02462427
  0.00769832  -0.00892408    -0.03906584   0.03538790     0.03126526   0.06272879
 -0.00596990   0.01892325     0.02204152   0.04878434    -0.14996177   0.02380229
    2    1
 -0.06864711   0.01380035     0.00769832   0.00892408     0.00596990   0.01892325
  0.00666356   0.01280299    -0.03906584  -0.03538790    -0.02204152   0.04878434
  0.01137386   0.02462427    -0.03126526   0.06272879    -0.14996177  -0.02380229
    2    2
  0.11602679   0.00000000     0.00622512  -0.00010308    -0.00362016   0.00012888
  0.00622512   0.00010308     0.13618450   0.00000000     0.00543547   0.00041397
 -0.00362016  -0.00012888     0.00543547  -0.00041397     0.24570217   0.00000000
    2    3
 -0.01425924   0.00000000     0.00488459  -0.00419262     0.00383106   0.00374616
  0.00488459   0.00419262     0.00004234   0.00000000    -0.00475395   0.00999796
 -0.00383106   0.00374616     0.00475395   0.00999796    -0.05481858   0.00000000
    3    1
 -0.06864711   0.01380035     0.00769832   0.00892408    -0.00596990  -0.01892325
  0.00666356   0.01280299    -0.03906584  -0.03538790     0.02204152  -0.04878434
 -0.01137386  -0.02462427     0.03126526  -0.06272879    -0.14996177  -0.02380229
    3    2
 -0.01425924   0.00000000     0.00488459  -0.00419262    -0.00383106  -0.00374616
  0.00488459   0.00419262     0.00004234   0.00000000     0.00475395  -0.00999796
  0.00383106  -0.00374616    -0.00475395  -0.00999796    -0.05481858   0.00000000
    3    3
  0.11602679   0.00000000     0.00622512  -0.00010308     0.00362016  -0.00012888
  0.00622512   0.00010308     0.13618450   0.00000000    -0.00543547  -0.00041397
  0.00362016   0.00012888    -0.00543547   0.00041397     0.24570217   0.00000000

     Dynamical  Matrix in cartesian axes

     q = (   -0.083333333   0.240562612   0.000000000 ) 

    1    1
  0.17652361   0.00000000     0.00744200   0.00697596     0.00000000   0.00000000
  0.00744200  -0.00697596     0.16513858   0.00000000     0.00000000   0.00000000
  0.00000000   0.00000000     0.00000000   0.00000000     0.33229198   0.00000000
    1    2
 -0.06635032  -0.02237210     0.00063068  -0.01441950     0.00246208  -0.02701218
 -0.00220490  -0.01157764    -0.01613805  -0.05017974    -0.05844090   0.03869210
  0.00429154  -0.01937296    -0.04348069   0.03122772    -0.11796956  -0.09559428
    1    3
 -0.06635032  -0.02237210     0.00063068  -0.01441950    -0.00246208   0.02701218
 -0.00220490  -0.01157764    -0.01613805  -0.05017974     0.05844090  -0.03869210
 -0.00429154   0.01937296     0.04348069  -0.03122772    -0.11796956  -0.09559428
    2    1
 -0.06635032   0.02237210    -0.00220490   0.01157764     0.00429154   0.01937296
  0.00063068   0.01441950    -0.01613805   0.05017974    -0.04348069  -0.03122772
  0.00246208   0.02701218    -0.05844090  -0.03869210    -0.11796956   0.09559428
    2    2
  0.11602679   0.00000000    -0.00622512  -0.00010308     0.00362016   0.00012888
 -0.00622512   0.00010308     0.13618450   0.00000000     0.00543547  -0.00041397
  0.00362016  -0.00012888     0.00543547   0.00041397     0.24570217   0.00000000
    2    3
 -0.01425924   0.00000000    -0.00488459  -0.00419262    -0.00383106   0.00374616
 -0.00488459   0.00419262     0.00004234   0.00000000    -0.00475395  -0.00999796
  0.00383106   0.00374616     0.00475395  -0.00999796    -0.05481858   0.00000000
    3    1
 -0.06635032   0.02237210    -0.00220490   0.01157764    -0.00429154  -0.01937296
  0.00063068   0.01441950    -0.01613805   0.05017974     0.04348069   0.03122772
 -0.00246208  -0.02701218     0.05844090   0.03869210    -0.11796956   0.09559428
    3    2
 -0.01425924   0.00000000    -0.00488459  -0.00419262     0.00383106  -0.00374616
 -0.00488459   0.00419262     0.00004234   0.00000000     0.00475395   0.00999796
 -0.00383106  -0.00374616    -0.00475395   0.00999796    -0.05481858   0.00000000
    3    3
  0.11602679   0.00000000    -0.00622512  -0.00010308    -0.00362016  -0.00012888
 -0.00622512   0.00010308     0.13618450   0.00000000    -0.00543547   0.00041397
 -0.00362016   0.00012888    -0.00543547  -0.00041397     0.24570217   0.00000000

     Dynamical  Matrix in cartesian axes

     q = (    0.083333333  -0.240562612   0.000000000 ) 

    1    1
  0.17652361   0.00000000     0.00744200  -0.00697596     0.00000000   0.00000000
  0.00744200   0.00697596     0.16513858   0.00000000     0.00000000   0.00000000
  0.00000000   0.00000000     0.00000000   0.00000000     0.33229198   0.00000000
    1    2
 -0.06635032   0.02237210     0.00063068   0.01441950     0.00246208   0.02701218
 -0.00220490   0.01157764    -0.01613805   0.05017974    -0.05844090  -0.03869210
  0.00429154   0.01937296    -0.04348069  -0.03122772    -0.11796956   0.09559428
    1    3
 -0.06635032   0.02237210     0.00063068   0.01441950    -0.00246208  -0.02701218
 -0.00220490   0.01157764    -0.01613805   0.05017974     0.05844090   0.03869210
 -0.00429154  -0.01937296     0.04348069   0.03122772    -0.11796956   0.09559428
    2    1
 -0.06635032  -0.02237210    -0.00220490  -0.01157764     0.00429154  -0.01937296
  0.00063068  -0.01441950    -0.01613805  -0.05017974    -0.04348069   0.03122772
  0.00246208  -0.02701218    -0.05844090   0.03869210    -0.11796956  -0.09559428
    2    2
  0.11602679   0.00000000    -0.00622512   0.00010308     0.00362016  -0.00012888
 -0.00622512  -0.00010308     0.13618450   0.00000000     0.00543547   0.00041397
  0.00362016   0.00012888     0.00543547  -0.00041397     0.24570217   0.00000000
    2    3
 -0.01425924   0.00000000    -0.00488459   0.00419262    -0.00383106  -0.00374616
 -0.00488459  -0.00419262     0.00004234   0.00000000    -0.00475395   0.00999796
  0.00383106  -0.00374616     0.00475395   0.00999796    -0.05481858   0.00000000
    3    1
 -0.06635032  -0.02237210    -0.00220490  -0.01157764    -0.00429154   0.01937296
  0.00063068  -0.01441950    -0.01613805  -0.05017974     0.04348069  -0.03122772
 -0.00246208   0.02701218     0.05844090  -0.03869210    -0.11796956  -0.09559428
    3    2
 -0.01425924   0.00000000    -0.00488459   0.00419262     0.00383106   0.00374616
 -0.00488459  -0.00419262     0.00004234   0.00000000     0.00475395  -0.00999796
 -0.00383106   0.00374616    -0.00475395  -0.00999796    -0.05481858   0.00000000
    3    3
  0.11602679   0.00000000    -0.00622512   0.00010308    -0.00362016   0.00012888
 -0.00622512  -0.00010308     0.13618450   0.00000000    -0.00543547  -0.00041397
 -0.00362016  -0.00012888    -0.00543547   0.00041397     0.24570217   0.00000000

     Dynamical  Matrix in cartesian axes

     q = (    0.166666667  -0.192450090   0.000000000 ) 

    1    1
  0.17442980   0.00000000     0.00865086  -0.00697596     0.00000000   0.00000000
  0.00865086   0.00697596     0.16723239   0.00000000     0.00000000   0.00000000
  0.00000000   0.00000000     0.00000000   0.00000000     0.33229198   0.00000000
    1    2
 -0.05448492   0.02937278     0.00696271   0.02355389     0.02000225   0.04938027
  0.00412085   0.02071831    -0.01806692   0.05311559    -0.04273928  -0.03135268
  0.01735752   0.03550961    -0.03239134  -0.02545693    -0.09559428   0.11796956
    1    3
 -0.05448492   0.02937278     0.00696271   0.02355389    -0.02000225  -0.04938027
  0.00412085   0.02071831    -0.01806692   0.05311559     0.04273928   0.03135268
 -0.01735752  -0.03550961     0.03239134   0.02545693    -0.09559428   0.11796956
    2    1
 -0.05448492  -0.02937278     0.00412085  -0.02071831     0.01735752  -0.03550961
  0.00696271  -0.02355389    -0.01806692  -0.05311559    -0.03239134   0.02545693
  0.02000225  -0.04938027    -0.04273928   0.03135268    -0.09559428  -0.11796956
    2    2
  0.12575396   0.00000000    -0.01184110   0.00010308     0.00651733  -0.00029407
 -0.01184110  -0.00010308     0.12645733   0.00000000     0.00041741   0.00031860
  0.00651733   0.00029407     0.00041741  -0.00031860     0.24570217   0.00000000
    2    3
 -0.00776324   0.00000000    -0.00863506   0.00419262    -0.00603258  -0.00678541
 -0.00863506  -0.00419262    -0.00645367   0.00000000    -0.00094082   0.00824325
  0.00603258  -0.00678541     0.00094082   0.00824325    -0.05481858   0.00000000
    3    1
 -0.05448492  -0.02937278     0.00412085  -0.02071831    -0.01735752   0.03550961
  0.00696271  -0.02355389    -0.01806692  -0.05311559     0.03239134  -0.02545693
 -0.02000225   0.04938027     0.04273928  -0.03135268    -0.09559428  -0.11796956
    3    2
 -0.00776324   0.00000000    -0.00863506   0.00419262     0.00603258   0.00678541
 -0.00863506  -0.00419262    -0.00645367   0.00000000     0.00094082  -0.00824325
 -0.00603258   0.00678541    -0.00094082  -0.00824325    -0.05481858   0.00000000
    3    3
  0.12575396   0.00000000    -0.01184110   0.00010308    -0.00651733   0.00029407
 -0.01184110  -0.00010308     0.12645733   0.00000000    -0.00041741  -0.00031860
 -0.00651733  -0.00029407    -0.00041741   0.00031860     0.24570217   0.00000000

     Dynamical  Matrix in cartesian axes

     q = (   -0.166666667   0.192450090   0.000000000 ) 

    1    1
  0.17442980   0.00000000     0.00865086   0.00697596     0.00000000   0.00000000
  0.00865086  -0.00697596     0.16723239   0.00000000     0.00000000   0.00000000
  0.00000000   0.00000000     0.00000000   0.00000000     0.33229198   0.00000000
    1    2
 -0.05448492  -0.02937278     0.00696271  -0.02355389     0.02000225  -0.04938027
  0.00412085  -0.02071831    -0.01806692  -0.05311559    -0.04273928   0.03135268
  0.01735752  -0.03550961    -0.03239134   0.02545693    -0.09559428  -0.11796956
    1    3
 -0.05448492  -0.02937278     0.00696271  -0.02355389    -0.02000225   0.04938027
  0.00412085  -0.02071831    -0.01806692  -0.05311559     0.04273928  -0.03135268
 -0.01735752   0.03550961     0.03239134  -0.02545693    -0.09559428  -0.11796956
    2    1
 -0.05448492   0.02937278     0.00412085   0.02071831     0.01735752   0.03550961
  0.00696271   0.02355389    -0.01806692   0.05311559    -0.03239134  -0.02545693
  0.02000225   0.04938027    -0.04273928  -0.03135268    -0.09559428   0.11796956
    2    2
  0.12575396   0.00000000    -0.01184110  -0.00010308     0.00651733   0.00029407
 -0.01184110   0.00010308     0.12645733   0.00000000     0.00041741  -0.00031860
  0.00651733  -0.00029407     0.00041741   0.00031860     0.24570217   0.00000000
    2    3
 -0.00776324   0.00000000    -0.00863506  -0.00419262    -0.00603258   0.00678541
 -0.00863506   0.00419262    -0.00645367   0.00000000    -0.00094082  -0.00824325
  0.00603258   0.00678541     0.00094082  -0.00824325    -0.05481858   0.00000000
    3    1
 -0.05448492   0.02937278     0.00412085   0.02071831    -0.01735752  -0.03550961
  0.00696271   0.02355389    -0.01806692   0.05311559     0.03239134   0.02545693
 -0.02000225  -0.04938027     0.04273928   0.03135268    -0.09559428   0.11796956
    3    2
 -0.00776324   0.00000000    -0.00863506  -0.00419262     0.00603258  -0.00678541
 -0.00863506   0.00419262    -0.00645367   0.00000000     0.00094082   0.00824325
 -0.00603258  -0.00678541    -0.00094082   0.00824325    -0.05481858   0.00000000
    3    3
  0.12575396   0.00000000    -0.01184110  -0.00010308    -0.00651733  -0.00029407
 -0.01184110   0.00010308     0.12645733   0.00000000    -0.00041741   0.00031860
 -0.00651733   0.00029407    -0.00041741  -0.00031860     0.24570217   0.00000000

     Dynamical  Matrix in cartesian axes

     q = (   -0.250000000  -0.048112522   0.000000000 ) 

    1    1
  0.16153988   0.00000000    -0.00120886  -0.00697596     0.00000000   0.00000000
 -0.00120886   0.00697596     0.18012231   0.00000000     0.00000000   0.00000000
  0.00000000   0.00000000     0.00000000   0.00000000     0.33229198   0.00000000
    1    2
 -0.02800946  -0.03197074     0.01993120  -0.01711942     0.05184235  -0.04701443
  0.02276678  -0.01996127    -0.05447891  -0.04058110     0.02708823   0.00404718
  0.03980115  -0.03673048     0.01802376   0.00116362    -0.11796956  -0.09559428
    1    3
 -0.02800946  -0.03197074     0.01993120  -0.01711942    -0.05184235   0.04701443
  0.02276678  -0.01996127    -0.05447891  -0.04058110    -0.02708823  -0.00404718
 -0.03980115   0.03673048    -0.01802376  -0.00116362    -0.11796956  -0.09559428
    2    1
 -0.02800946   0.03197074     0.02276678   0.01996127     0.03980115   0.03673048
  0.01993120   0.01711942    -0.05447891   0.04058110     0.01802376  -0.00116362
  0.05184235   0.04701443     0.02708823  -0.00404718    -0.11796956   0.09559428
    2    2
  0.13653618   0.00000000     0.00561598   0.00010308    -0.00289718   0.00042295
  0.00561598  -0.00010308     0.11567511   0.00000000    -0.00585288   0.00009537
 -0.00289718  -0.00042295    -0.00585288  -0.00009537     0.24570217   0.00000000
    2    3
  0.00069712   0.00000000     0.00375047   0.00419262     0.00220151   0.01053157
  0.00375047  -0.00419262    -0.01491403   0.00000000     0.00569477   0.00175471
 -0.00220151   0.01053157    -0.00569477   0.00175471    -0.05481858   0.00000000
    3    1
 -0.02800946   0.03197074     0.02276678   0.01996127    -0.03980115  -0.03673048
  0.01993120   0.01711942    -0.05447891   0.04058110    -0.01802376   0.00116362
 -0.05184235  -0.04701443    -0.02708823   0.00404718    -0.11796956   0.09559428
    3    2
  0.00069712   0.00000000     0.00375047   0.00419262    -0.00220151  -0.01053157
  0.00375047  -0.00419262    -0.01491403   0.00000000    -0.00569477  -0.00175471
  0.00220151  -0.01053157     0.00569477  -0.00175471    -0.05481858   0.00000000
    3    3
  0.13653618   0.00000000     0.00561598   0.00010308     0.00289718  -0.00042295
  0.00561598  -0.00010308     0.11567511   0.00000000     0.00585288  -0.00009537
  0.00289718   0.00042295     0.00585288   0.00009537     0.24570217   0.00000000

     Dynamical  Matrix in cartesian axes

     q = (    0.250000000   0.048112522   0.000000000 ) 

    1    1
  0.16153988   0.00000000    -0.00120886   0.00697596     0.00000000   0.00000000
 -0.00120886  -0.00697596     0.18012231   0.00000000     0.00000000   0.00000000
  0.00000000   0.00000000     0.00000000   0.00000000     0.33229198   0.00000000
    1    2
 -0.02800946   0.03197074     0.01993120   0.01711942     0.05184235   0.04701443
  0.02276678   0.01996127    -0.05447891   0.04058110     0.02708823  -0.00404718
  0.03980115   0.03673048     0.01802376  -0.00116362    -0.11796956   0.09559428
    1    3
 -0.02800946   0.03197074     0.01993120   0.01711942    -0.05184235  -0.04701443
  0.02276678   0.01996127    -0.05447891   0.04058110    -0.02708823   0.00404718
 -0.03980115  -0.03673048    -0.01802376   0.00116362    -0.11796956   0.09559428
    2    1
 -0.02800946  -0.03197074     0.02276678  -0.01996127     0.03980115  -0.03673048
  0.01993120  -0.01711942    -0.05447891  -0.04058110     0.01802376   0.00116362
  0.05184235  -0.04701443     0.02708823   0.00404718    -0.11796956  -0.09559428
    2    2
  0.13653618   0.00000000     0.00561598  -0.00010308    -0.00289718  -0.00042295
  0.00561598   0.00010308     0.11567511   0.00000000    -0.00585288  -0.00009537
 -0.00289718   0.00042295    -0.00585288   0.00009537     0.24570217   0.00000000
    2    3
  0.00069712   0.00000000     0.00375047  -0.00419262     0.00220151  -0.01053157
  0.00375047   0.00419262    -0.01491403   0.00000000     0.00569477  -0.00175471
 -0.00220151  -0.01053157    -0.00569477  -0.00175471    -0.05481858   0.00000000
    3    1
 -0.02800946  -0.03197074     0.02276678  -0.01996127    -0.03980115   0.03673048
  0.01993120  -0.01711942    -0.05447891  -0.04058110    -0.01802376  -0.00116362
 -0.05184235   0.04701443    -0.02708823  -0.00404718    -0.11796956  -0.09559428
    3    2
  0.00069712   0.00000000     0.00375047  -0.00419262    -0.00220151   0.01053157
  0.00375047   0.00419262    -0.01491403   0.00000000    -0.00569477   0.00175471
  0.00220151   0.01053157     0.00569477   0.00175471    -0.05481858   0.00000000
    3    3
  0.13653618   0.00000000     0.00561598  -0.00010308     0.00289718   0.00042295
  0.00561598   0.00010308     0.11567511   0.00000000     0.00585288   0.00009537
  0.00289718  -0.00042295     0.00585288  -0.00009537     0.24570217   0.00000000

     Dynamical  Matrix in cartesian axes

     q = (   -0.166666667  -0.192450090   0.000000000 ) 

    1    1
  0.17442980   0.00000000    -0.00865086   0.00697596     0.00000000   0.00000000
 -0.00865086  -0.00697596     0.16723239   0.00000000     0.00000000   0.00000000
  0.00000000   0.00000000     0.00000000   0.00000000     0.33229198   0.00000000
    1    2
 -0.05268003  -0.03249894     0.01691692  -0.01780683     0.03276344  -0.04201259
  0.01588216  -0.01392792    -0.05503291   0.01091138     0.00578257  -0.05268964
  0.02207347  -0.03278685     0.00585068  -0.04078018    -0.14996177  -0.02380229
    1    3
 -0.05268003  -0.03249894     0.01691692  -0.01780683    -0.03276344   0.04201259
  0.01588216  -0.01392792    -0.05503291   0.01091138    -0.00578257   0.05268964
 -0.02207347   0.03278685    -0.00585068   0.04078018    -0.14996177  -0.02380229
    2    1
 -0.05268003   0.03249894     0.01588216   0.01392792     0.02207347   0.03278685
  0.01691692   0.01780683    -0.05503291  -0.01091138     0.00585068   0.04078018
  0.03276344   0.04201259     0.00578257   0.05268964    -0.14996177   0.02380229
    2    2
  0.12575396   0.00000000     0.01184110  -0.00010308    -0.00651733   0.00029407
  0.01184110   0.00010308     0.12645733   0.00000000     0.00041741   0.00031860
 -0.00651733  -0.00029407     0.00041741  -0.00031860     0.24570217   0.00000000
    2    3
 -0.00776324   0.00000000     0.00863506  -0.00419262     0.00603258   0.00678541
  0.00863506   0.00419262    -0.00645367   0.00000000    -0.00094082   0.00824325
 -0.00603258   0.00678541     0.00094082   0.00824325    -0.05481858   0.00000000
    3    1
 -0.05268003   0.03249894     0.01588216   0.01392792    -0.02207347  -0.03278685
  0.01691692   0.01780683    -0.05503291  -0.01091138    -0.00585068  -0.04078018
 -0.03276344  -0.04201259    -0.00578257  -0.05268964    -0.14996177   0.02380229
    3    2
 -0.00776324   0.00000000     0.00863506  -0.00419262    -0.00603258  -0.00678541
  0.00863506   0.00419262    -0.00645367   0.00000000     0.00094082  -0.00824325
  0.00603258  -0.00678541    -0.00094082  -0.00824325    -0.05481858   0.00000000
    3    3
  0.12575396   0.00000000     0.01184110  -0.00010308     0.00651733  -0.00029407
  0.01184110   0.00010308     0.12645733   0.00000000    -0.00041741  -0.00031860
  0.00651733   0.00029407    -0.00041741   0.00031860     0.24570217   0.00000000

     Dynamical  Matrix in cartesian axes

     q = (    0.166666667   0.192450090   0.000000000 ) 

    1    1
  0.17442980   0.00000000    -0.00865086  -0.00697596     0.00000000   0.00000000
 -0.00865086   0.00697596     0.16723239   0.00000000     0.00000000   0.00000000
  0.00000000   0.00000000     0.00000000   0.00000000     0.33229198   0.00000000
    1    2
 -0.05268003   0.03249894     0.01691692   0.01780683     0.03276344   0.04201259
  0.01588216   0.01392792    -0.05503291  -0.01091138     0.00578257   0.05268964
  0.02207347   0.03278685     0.00585068   0.04078018    -0.14996177   0.02380229
    1    3
 -0.05268003   0.03249894     0.01691692   0.01780683    -0.03276344  -0.04201259
  0.01588216   0.01392792    -0.05503291  -0.01091138    -0.00578257  -0.05268964
 -0.02207347  -0.03278685    -0.00585068  -0.04078018    -0.14996177   0.02380229
    2    1
 -0.05268003  -0.03249894     0.01588216  -0.01392792     0.02207347  -0.03278685
  0.01691692  -0.01780683    -0.05503291   0.01091138     0.00585068  -0.04078018
  0.03276344  -0.04201259     0.00578257  -0.05268964    -0.14996177  -0.02380229
    2    2
  0.12575396   0.00000000     0.01184110   0.00010308    -0.00651733  -0.00029407
  0.01184110  -0.00010308     0.12645733   0.00000000     0.00041741  -0.00031860
 -0.00651733   0.00029407     0.00041741   0.00031860     0.24570217   0.00000000
    2    3
 -0.00776324   0.00000000     0.00863506   0.00419262     0.00603258  -0.00678541
  0.00863506  -0.00419262    -0.00645367   0.00000000    -0.00094082  -0.00824325
 -0.00603258  -0.00678541     0.00094082  -0.00824325    -0.05481858   0.00000000
    3    1
 -0.05268003  -0.03249894     0.01588216  -0.01392792    -0.02207347   0.03278685
  0.01691692  -0.01780683    -0.05503291   0.01091138    -0.00585068   0.04078018
 -0.03276344   0.04201259    -0.00578257   0.05268964    -0.14996177  -0.02380229
    3    2
 -0.00776324   0.00000000     0.00863506   0.00419262    -0.00603258   0.00678541
  0.00863506  -0.00419262    -0.00645367   0.00000000     0.00094082   0.00824325
  0.00603258   0.00678541    -0.00094082   0.00824325    -0.05481858   0.00000000
    3    3
  0.12575396   0.00000000     0.01184110   0.00010308     0.00651733   0.00029407
  0.01184110  -0.00010308     0.12645733   0.00000000    -0.00041741   0.00031860
  0.00651733  -0.00029407    -0.00041741  -0.00031860     0.24570217   0.00000000

     Dynamical  Matrix in cartesian axes

     q = (    0.250000000  -0.048112522   0.000000000 ) 

    1    1
  0.16153988   0.00000000     0.00120886   0.00697596     0.00000000   0.00000000
  0.00120886  -0.00697596     0.18012231   0.00000000     0.00000000   0.00000000
  0.00000000   0.00000000     0.00000000   0.00000000     0.33229198   0.00000000
    1    2
 -0.03197074   0.02800946     0.01711942   0.01993120     0.04701443   0.05184235
  0.01996127   0.02276678    -0.04058110   0.05447891     0.00404718  -0.02708823
  0.03673048   0.03980115     0.00116362  -0.01802376    -0.09559428   0.11796956
    1    3
 -0.03197074   0.02800946     0.01711942   0.01993120    -0.04701443  -0.05184235
  0.01996127   0.02276678    -0.04058110   0.05447891    -0.00404718   0.02708823
 -0.03673048  -0.03980115    -0.00116362   0.01802376    -0.09559428   0.11796956
    2    1
 -0.03197074  -0.02800946     0.01996127  -0.02276678     0.03673048  -0.03980115
  0.01711942  -0.01993120    -0.04058110  -0.05447891     0.00116362   0.01802376
  0.04701443  -0.05184235     0.00404718   0.02708823    -0.09559428  -0.11796956
    2    2
  0.13653618   0.00000000    -0.00561598  -0.00010308     0.00289718  -0.00042295
 -0.00561598   0.00010308     0.11567511   0.00000000    -0.00585288   0.00009537
  0.00289718   0.00042295    -0.00585288  -0.00009537     0.24570217   0.00000000
    2    3
  0.00069712   0.00000000    -0.00375047  -0.00419262    -0.00220151  -0.01053157
 -0.00375047   0.00419262    -0.01491403   0.00000000     0.00569477   0.00175471
  0.00220151  -0.01053157    -0.00569477   0.00175471    -0.05481858   0.00000000
    3    1
 -0.03197074  -0.02800946     0.01996127  -0.02276678    -0.03673048   0.03980115
  0.01711942  -0.01993120    -0.04058110  -0.05447891    -0.00116362  -0.01802376
 -0.04701443   0.05184235    -0.00404718  -0.02708823    -0.09559428  -0.11796956
    3    2
  0.00069712   0.00000000    -0.00375047  -0.00419262     0.00220151   0.01053157
 -0.00375047   0.00419262    -0.01491403   0.00000000    -0.00569477  -0.00175471
 -0.00220151   0.01053157     0.00569477  -0.00175471    -0.05481858   0.00000000
    3    3
  0.13653618   0.00000000    -0.00561598  -0.00010308    -0.00289718   0.00042295
 -0.00561598   0.00010308     0.11567511   0.00000000     0.00585288  -0.00009537
 -0.00289718  -0.00042295     0.00585288   0.00009537     0.24570217   0.00000000

     Dynamical  Matrix in cartesian axes

     q = (   -0.250000000   0.048112522   0.000000000 ) 

    1    1
  0.16153988   0.00000000     0.00120886  -0.00697596     0.00000000   0.00000000
  0.00120886   0.00697596     0.18012231   0.00000000     0.00000000   0.00000000
  0.00000000   0.00000000     0.00000000   0.00000000     0.33229198   0.00000000
    1    2
 -0.03197074  -0.02800946     0.01711942  -0.01993120     0.04701443  -0.05184235
  0.01996127  -0.02276678    -0.04058110  -0.05447891     0.00404718   0.02708823
  0.03673048  -0.03980115     0.00116362   0.01802376    -0.09559428  -0.11796956
    1    3
 -0.03197074  -0.02800946     0.01711942  -0.01993120    -0.04701443   0.05184235
  0.01996127  -0.02276678    -0.04058110  -0.05447891    -0.00404718  -0.02708823
 -0.03673048   0.03980115    -0.00116362  -0.01802376    -0.09559428  -0.11796956
    2    1
 -0.03197074   0.02800946     0.01996127   0.02276678     0.03673048   0.03980115
  0.01711942   0.01993120    -0.04058110   0.05447891     0.00116362  -0.01802376
  0.04701443   0.05184235     0.00404718  -0.02708823    -0.09559428   0.11796956
    2    2
  0.13653618   0.00000000    -0.00561598   0.00010308     0.00289718   0.00042295
 -0.00561598  -0.00010308     0.11567511   0.00000000    -0.00585288  -0.00009537
  0.00289718  -0.00042295    -0.00585288   0.00009537     0.24570217   0.00000000
    2    3
  0.00069712   0.00000000    -0.00375047   0.00419262    -0.00220151   0.01053157
 -0.00375047  -0.00419262    -0.01491403   0.00000000     0.00569477  -0.00175471
  0.00220151   0.01053157    -0.00569477  -0.00175471    -0.05481858   0.00000000
    3    1
 -0.03197074   0.02800946     0.01996127   0.02276678    -0.03673048  -0.03980115
  0.01711942   0.01993120    -0.04058110   0.05447891    -0.00116362   0.01802376
 -0.04701443  -0.05184235    -0.00404718   0.02708823    -0.09559428   0.11796956
    3    2
  0.00069712   0.00000000    -0.00375047   0.00419262     0.00220151  -0.01053157
 -0.00375047  -0.00419262    -0.01491403   0.00000000    -0.00569477   0.00175471
 -0.00220151  -0.01053157     0.00569477   0.00175471    -0.05481858   0.00000000
    3    3
  0.13653618   0.00000000    -0.00561598   0.00010308    -0.00289718  -0.00042295
 -0.00561598  -0.00010308     0.11567511   0.00000000     0.00585288   0.00009537
 -0.00289718   0.00042295     0.00585288  -0.00009537     0.24570217   0.00000000

     Diagonalizing the dynamical matrix

     q = (    0.083333333   0.240562612   0.000000000 ) 

 **************************************************************************
     freq (    1) =       1.432711 [THz] =      47.790081 [cm-1]
 ( -0.000000  0.000000  0.000000  0.000000 -0.572701 -0.095225 ) 
 (  0.052202 -0.096757 -0.062080 -0.269913 -0.492624  0.000000 ) 
 ( -0.052202  0.096757  0.062080  0.269913 -0.492624  0.000000 ) 
     freq (    2) =       2.296369 [THz] =      76.598613 [cm-1]
 (  0.492793  0.228472 -0.036788 -0.308172 -0.000000 -0.000000 ) 
 (  0.411219  0.296722 -0.203368 -0.064512  0.040629 -0.000000 ) 
 (  0.411219  0.296722 -0.203368 -0.064512 -0.040629  0.000000 ) 
     freq (    3) =       3.128332 [THz] =     104.349921 [cm-1]
 (  0.175124  0.317781 -0.301845  0.622978 -0.000000  0.000000 ) 
 (  0.046246  0.182316  0.054986  0.323257 -0.227313  0.000000 ) 
 (  0.046246  0.182316  0.054986  0.323257  0.227313  0.000000 ) 
     freq (    4) =       6.948534 [THz] =     231.778144 [cm-1]
 (  0.000000 -0.000000 -0.000000  0.000000  0.031734  0.007696 ) 
 (  0.658420 -0.139334 -0.203419 -0.007728  0.071396  0.000000 ) 
 ( -0.658420  0.139334  0.203419  0.007728  0.071396  0.000000 ) 
     freq (    5) =       7.259009 [THz] =     242.134469 [cm-1]
 ( -0.354613  0.044103  0.045817  0.125861 -0.000000 -0.000000 ) 
 (  0.625936  0.011978 -0.132140 -0.131270  0.023442 -0.000000 ) 
 (  0.625936  0.011978 -0.132140 -0.131270 -0.023442  0.000000 ) 
     freq (    6) =       7.423294 [THz] =     247.614436 [cm-1]
 (  0.000000 -0.000000 -0.000000 -0.000000 -0.104667 -0.002395 ) 
 (  0.109548  0.168661  0.119307  0.630682 -0.205131 -0.000000 ) 
 ( -0.109548 -0.168661 -0.119307 -0.630682 -0.205131  0.000000 ) 
     freq (    7) =       7.629904 [THz] =     254.506201 [cm-1]
 ( -0.098656 -0.059094  0.181740 -0.093236  0.000000  0.000000 ) 
 (  0.025814  0.174966 -0.167966  0.639429  0.064533  0.000000 ) 
 (  0.025814  0.174966 -0.167966  0.639429 -0.064533  0.000000 ) 
     freq (    8) =      10.315711 [THz] =     344.095075 [cm-1]
 ( -0.000000 -0.000000 -0.000000 -0.000000 -0.405941 -0.061588 ) 
 ( -0.019152  0.030652  0.041180  0.095990  0.635211 -0.000000 ) 
 (  0.019152 -0.030652 -0.041180 -0.095990  0.635211  0.000000 ) 
     freq (    9) =      10.824043 [THz] =     361.051212 [cm-1]
 ( -0.028530 -0.045662  0.062891 -0.112638 -0.000000 -0.000000 ) 
 (  0.026301 -0.002716 -0.033794 -0.000855 -0.698847  0.000000 ) 
 (  0.026301 -0.002716 -0.033794 -0.000855  0.698847  0.000000 ) 
 **************************************************************************
